id;eid;eanCode;indexCatalogue;name;additionalName;description;basePriceNet;priceNet;basePrice;price;vatCode;vatRate;currency;category;producer;weight;availabilityCount;promotionInfo;imageUrls;Stan;Rodzaj bieżnika;Konstrukcja opony;Typ;Indeks nośności;Ilość płócien;Zastosowanie;Rozmiar opony;Stan opony;Średnica felgi;Indeks handlowy;Indeks katalogowy;Indeks producenta
7828;10876;;4206524mdemo;Opona 420/65R24 Michelin MULTIBIB demo;126D TL;;3600.00;2840.00;4428.00;3493.20;23;23.00;PLN;Opony/Opony rolnicze i przemysłowe/Opony Michelin;Michelin;;2.0000;;https://static.abstore.pl/img/grasdorf/29eb0c3d-af86-4961-b45b-6bbbbddbc977/l/opona-420%252F65r24-michelin-multibib-demo.jpg,https://static.abstore.pl/img/grasdorf/317f152b-74ae-473a-8ce0-a850280a3b36/l/opona-420%252F65r24-michelin-multibib-demo.jpg,https://static.abstore.pl/img/grasdorf/8bc06f71-aabf-43c6-9915-13aadaa093cc/l/opona-420%252F65r24-michelin-multibib-demo.jpg,https://static.abstore.pl/img/grasdorf/211981ea-1464-4084-8e4b-21dc37aa2dfe/l/opona-420%252F65r24-michelin-multibib-demo.jpg,https://static.abstore.pl/img/grasdorf/2c008676-bac6-44fd-aca5-e571f1d121d3/l/opona-420%252F65r24-michelin-multibib-demo.jpg,https://static.abstore.pl/img/grasdorf/91715e94-b068-4917-bd1e-b5a06e62dd4c/l/opona-420%252F65r24-michelin-multibib-demo.jpg,https://static.abstore.pl/img/grasdorf/85103a09-cc59-4613-9393-3b3248644cc7/l/opona-420%252F65r24-michelin-multibib-demo.jpg;pokazowa;;Radialna;Bezdętkowa (TL);126D (1700 kg przy 65 km/h);;Opona rolnicza;420/65;;24;003941;4206524mdemo;
7835;10902;;1430e717;Felga 14x30 8/203,2/150,1/regulowana;E717 demo NH;;1990.00;1990.00;2447.70;2447.70;23;23.00;PLN;Felgi;;;2.0000;;https://static.abstore.pl/img/grasdorf/13fbdb5d-43a6-4e30-aee0-c105258f514d/l/felga-14x30-8%252F203-2%252F150-1%252Fregulowana.jpg,https://static.abstore.pl/img/grasdorf/52caf03e-fd17-4069-98db-0fe8f907ef1b/l/felga-14x30-8%252F203-2%252F150-1%252Fregulowana.jpg,https://static.abstore.pl/img/grasdorf/b4676e22-11a0-46e1-8bcb-2ccbcec83e79/l/felga-14x30-8%252F203-2%252F150-1%252Fregulowana.jpg;demo;;;;;;;;;30;3014;1430e717;
7842;10909;;3408546a73;Opona 340/85R46 Alliance 350 73% dot21;150D/153A8 TL (13.6R46);;2760.00;1490.00;3394.80;1832.70;23;23.00;PLN;Opony/Opony rolnicze i przemysłowe/Opony Alliance;Alliance;;2.0000;;https://static.abstore.pl/img/grasdorf/09387565-1f90-45d7-afd1-c682387e0388/l/opona-340%252F85r46-alliance-350-73-dot21.jpg,https://static.abstore.pl/img/grasdorf/a34c6699-764c-4d92-8b83-fa01e8c4a1ab/l/opona-340%252F85r46-alliance-350-73-dot21.jpg,https://static.abstore.pl/img/grasdorf/e90fdc3c-0b36-443d-9784-562395e232c9/l/opona-340%252F85r46-alliance-350-73-dot21.jpg,https://static.abstore.pl/img/grasdorf/afbf9f4c-da02-4ee8-9359-fd64146e9c3c/l/opona-340%252F85r46-alliance-350-73-dot21.jpg,https://static.abstore.pl/img/grasdorf/f344da8a-3536-4dbf-89dc-b90ab045b84a/l/opona-340%252F85r46-alliance-350-73-dot21.jpg,https://static.abstore.pl/img/grasdorf/850f855e-e6d1-43db-9dd5-f3f4e6e72570/l/opona-340%252F85r46-alliance-350-73-dot21.jpg;używana (bieżnik 73%);;Radialna;Bezdętkowa (TL);150D/153A8 (3650 kg przy 40 km/h);;Opona rolnicza;13.6 (340/85, 340/90);;46;13646;3408546a73;
7844;10911;;1630d306;Felga 16x30 10/335/281/ET-36 D306 demo;Fendt;;2110.00;2110.00;2595.30;2595.30;23;23.00;PLN;Felgi;;;2.0000;;https://static.abstore.pl/img/grasdorf/a02e7e05-6c34-4bb3-b680-e82fecc8890b/l/felga-16x30-10%252F335%252F281%252Fet-36-d306-demo.jpg,https://static.abstore.pl/img/grasdorf/0506a926-59b7-4113-8a80-3243296d92b3/l/felga-16x30-10%252F335%252F281%252Fet-36-d306-demo.jpg,https://static.abstore.pl/img/grasdorf/3de53080-366f-4ae6-8a82-a0a8d74c5260/l/felga-16x30-10%252F335%252F281%252Fet-36-d306-demo.jpg;demo;;;;;;;;;30;1630;1630d306;
7850;10918;;1534e727;Felga 15x34 8/275/221/ET+30 E727 demo;;;2520.00;2520.00;3099.60;3099.60;23;23.00;PLN;Felgi;;;2.0000;;https://static.abstore.pl/img/grasdorf/fe7d38cb-7957-48c9-86dd-a9261e842059/l/felga-15x34-8%252F275%252F221%252Fet-30-e727-demo.jpg,https://static.abstore.pl/img/grasdorf/4895b4de-df88-4917-8262-238278b57364/l/felga-15x34-8%252F275%252F221%252Fet-30-e727-demo.jpg,https://static.abstore.pl/img/grasdorf/06fd2660-22d1-4334-8cb4-af586da40abc/l/felga-15x34-8%252F275%252F221%252Fet-30-e727-demo.jpg;demo;;;;;;;;;34;3415;1534e727;
7852;10927;;14225j140298;Felga 14x22.5 10/335/281/ET+30 Jantsa;140298;;1090.00;1090.00;1340.70;1340.70;23;23.00;PLN;Felgi;Jantsa;;2.0000;;https://static.abstore.pl/img/grasdorf/e8ed950c-37ce-4eb3-8a19-93f0973d8f83/l/felga-14x22-5-10%252F335%252F281%252Fet-30-jantsa.jpg,https://static.abstore.pl/img/grasdorf/6d89fa2c-ec1e-4429-bb42-fe64cdab37ec/l/felga-14x22-5-10%252F335%252F281%252Fet-30-jantsa.jpg,https://static.abstore.pl/img/grasdorf/3656f5bc-0e87-4ee4-b82d-6bd18d272c8a/l/felga-14x22-5-10%252F335%252F281%252Fet-30-jantsa.jpg;nowa;;;;;;;;;22.5;1400225;14225j140298;
7853;10929;;1248e729;Felga 12x48 8/203,2/150,1/ET-285;Grasdorf E729 MF;;4870.00;4870.00;5990.10;5990.10;23;23.00;PLN;Felgi;Grasdorf;;2.0000;;https://static.abstore.pl/img/grasdorf/d2de49ec-702f-4084-a6d7-99eb98f599ee/l/felga-12x48-8%252F203-2%252F150-1%252Fet-285.jpg,https://static.abstore.pl/img/grasdorf/04bb6717-b6de-4a3c-b8cf-ee28df8cb258/l/felga-12x48-8%252F203-2%252F150-1%252Fet-285.jpg,https://static.abstore.pl/img/grasdorf/ce20a99b-ee1a-4fe5-b946-670a4de94907/l/felga-12x48-8%252F203-2%252F150-1%252Fet-285.jpg;nowa;;;;;;;;;48;4812;1248e729;
7858;10932;;1400225j140295;Felga 14x22.5 10/335/281/ET0 Jantsa;140295;;690.00;690.00;848.70;848.70;23;23.00;PLN;Felgi;Jantsa;;1.0000;;https://static.abstore.pl/img/grasdorf/0406f85e-4547-48e9-9a49-6d7b4601f403/l/felga-14x22-5-10%252F335%252F281%252Fet0-jantsa.jpg,https://static.abstore.pl/img/grasdorf/0940447a-84de-4118-8620-68fdacd1c942/l/felga-14x22-5-10%252F335%252F281%252Fet0-jantsa.jpg,https://static.abstore.pl/img/grasdorf/2b8da4e7-8bd0-4f08-a335-9acae046128d/l/felga-14x22-5-10%252F335%252F281%252Fet0-jantsa.jpg;nowa;;;;;;;;;22.5;14225;1400225j140295;
7859;10934;;1428e733;Felga 14x28 8/275/221/regulowana E733;demo MF;;2080.00;2080.00;2558.40;2558.40;23;23.00;PLN;Felgi;;;2.0000;;;demo;;;;;;;;;28;2814;1428e733;
7860;10935;;1430e735;Felga 14x30 8/203,2/150,5/regulowana;E735 demo Steyr;;1990.00;1990.00;2447.70;2447.70;23;23.00;PLN;Felgi;;;2.0000;;https://static.abstore.pl/img/grasdorf/7c1e18f9-5e89-4b9f-81a7-28faaddff647/l/felga-14x30-8%252F203-2%252F150-5%252Fregulowana.jpg,https://static.abstore.pl/img/grasdorf/03ff7457-8769-46d4-b25f-73d45cb9883b/l/felga-14x30-8%252F203-2%252F150-5%252Fregulowana.jpg,https://static.abstore.pl/img/grasdorf/e3fa3633-542b-4f93-a185-734449dcb066/l/felga-14x30-8%252F203-2%252F150-5%252Fregulowana.jpg;demo;;;;;;;;;30;3014;1430e735;
7864;10943;;1175225p2251175108p;Felga 11.75x22.5 10/335/281/ET-30 Pronar;225.1175.108.P demo;;510.00;510.00;627.30;627.30;23;23.00;PLN;Felgi;Pronar;;2.0000;;https://static.abstore.pl/img/grasdorf/98d3341f-f290-45f6-a4bb-9a89becf59c8/l/felga-11-75x22-5-10%252F335%252F281%252Fet-30-pronar.jpg,https://static.abstore.pl/img/grasdorf/a3adeee1-0b94-43dc-b65b-f335c1dce5c0/l/felga-11-75x22-5-10%252F335%252F281%252Fet-30-pronar.jpg,https://static.abstore.pl/img/grasdorf/d642e972-bcc5-4416-b8c5-6eb581041cb0/l/felga-11-75x22-5-10%252F335%252F281%252Fet-30-pronar.jpg,https://static.abstore.pl/img/grasdorf/e7a06013-3214-4ea6-99a4-35e0ce9b773a/l/felga-11-75x22-5-10%252F335%252F281%252Fet-30-pronar.jpg;demo;;;;;;;;;22.5;2251175;1175225p2251175108p;
7866;10945;;1634b505;Felga 16x34 8/203,2/150,1/regulowana;B505 demo Valtra;;2380.00;2380.00;2927.40;2927.40;23;23.00;PLN;Felgi;;;2.0000;;;;;;;;;;;;;3416;1634b505;
7871;10954;;1630e741;Felga 16x30 8/405/362,5/ET+32 E741 demo;NH;;2110.00;2110.00;2595.30;2595.30;23;23.00;PLN;Felgi;;;2.0000;;https://static.abstore.pl/img/grasdorf/d77fb4c3-aaa3-4905-a3ce-634e6c8cd402/l/felga-16x30-8%252F405%252F362-5%252Fet-32-e741-demo.jpg,https://static.abstore.pl/img/grasdorf/72032524-f045-4004-9db2-9b7406289c94/l/felga-16x30-8%252F405%252F362-5%252Fet-32-e741-demo.jpg,https://static.abstore.pl/img/grasdorf/094c390c-52da-4c28-bd89-d18794974f83/l/felga-16x30-8%252F405%252F362-5%252Fet-32-e741-demo.jpg;;;;;;;;;;;3016;1630e741;
7877;10979;;3208524trdemo;Opona 320/85R24 Trelleborg TM 600 demo;122A8/119B TL (12.4R24);;1660.00;1430.00;2041.80;1758.90;23;23.00;PLN;Opony/Opony rolnicze i przemysłowe/Opony Trelleborg;Trelleborg;;2.0000;;https://static.abstore.pl/img/grasdorf/5e9abc7a-bc29-4dfe-8351-df77ad63ed2c/l/opona-320%252F85r24-trelleborg-tm-600-demo.jpg,https://static.abstore.pl/img/grasdorf/76ea5644-5e1d-44dd-b71d-7c2ed35feee9/l/opona-320%252F85r24-trelleborg-tm-600-demo.jpg,https://static.abstore.pl/img/grasdorf/cb3bb74f-1707-47a6-b42e-5c3ff4d4f2e1/l/opona-320%252F85r24-trelleborg-tm-600-demo.jpg,https://static.abstore.pl/img/grasdorf/194976a1-57e1-408b-86c3-4c4bd5654b6c/l/opona-320%252F85r24-trelleborg-tm-600-demo.jpg,https://static.abstore.pl/img/grasdorf/b06626f3-c21c-4393-9fbe-2cc457150a76/l/opona-320%252F85r24-trelleborg-tm-600-demo.jpg,https://static.abstore.pl/img/grasdorf/33feea41-546a-42d0-87f0-30f4ec7250cd/l/opona-320%252F85r24-trelleborg-tm-600-demo.jpg;pokazowa;;Radialna;Bezdętkowa (TL);122A8/119B (1500 kg przy 40 km/h);;Opona rolnicza;12.4 (320/85, 300/95, 320/90);;;12424trdemo;3208524trdemo;
7878;10980;;2607016trdemo;Opona 260/70R16 Trelleborg TM 700 demo;109A8/109B TL;;1190.00;840.00;1463.70;1033.20;23;23.00;PLN;Opony/Opony rolnicze i przemysłowe/Opony Trelleborg;Trelleborg;;6.0000;;https://static.abstore.pl/img/grasdorf/a5ddf914-3c4b-40a0-828e-c2e94c04c37b/l/opona-260%252F70r16-trelleborg-tm-700-demo.jpg,https://static.abstore.pl/img/grasdorf/96d0a891-d1e4-44db-b075-dd7d5c643a42/l/opona-260%252F70r16-trelleborg-tm-700-demo.jpg,https://static.abstore.pl/img/grasdorf/fc179bef-603c-48a7-8a8b-50e4db36cda8/l/opona-260%252F70r16-trelleborg-tm-700-demo.jpg,https://static.abstore.pl/img/grasdorf/0d454c96-55da-47a1-9028-daa1506b9a15/l/opona-260%252F70r16-trelleborg-tm-700-demo.jpg,https://static.abstore.pl/img/grasdorf/87c70433-9352-431e-82c8-ac784fb1d3ce/l/opona-260%252F70r16-trelleborg-tm-700-demo.jpg,https://static.abstore.pl/img/grasdorf/de768612-75b5-4281-a0d8-83ac6f242d92/l/opona-260%252F70r16-trelleborg-tm-700-demo.jpg,https://static.abstore.pl/img/grasdorf/bf2d55e7-8a84-42b0-ade4-ad33f40227f1/l/opona-260%252F70r16-trelleborg-tm-700-demo.jpg,https://static.abstore.pl/img/grasdorf/5a130125-9c76-41f8-b044-49f048359b42/l/opona-260%252F70r16-trelleborg-tm-700-demo.jpg,https://static.abstore.pl/img/grasdorf/cc8d8c6e-e09f-4839-81f7-7f94be3c4caf/l/opona-260%252F70r16-trelleborg-tm-700-demo.jpg,https://static.abstore.pl/img/grasdorf/bfe91e6e-10f1-4f82-a02d-c836cfee8e46/l/opona-260%252F70r16-trelleborg-tm-700-demo.jpg,https://static.abstore.pl/img/grasdorf/69375404-7767-4cb9-b783-5f4daa68787d/l/opona-260%252F70r16-trelleborg-tm-700-demo.jpg,https://static.abstore.pl/img/grasdorf/1f0e54e1-6d58-4a4c-92b3-b25a2490c3c4/l/opona-260%252F70r16-trelleborg-tm-700-demo.jpg;pokazowa;;Radialna;Bezdętkowa (TL);109A8/109B (1030 kg przy 40 km/h);;Opona rolnicza;260/70;;;003971;2607016trdemo;
7879;10982;;1420e743;Felga 14x20 8/203,2/152,6/ET-50 NDI E743;demo;;1690.00;1690.00;2078.70;2078.70;23;23.00;PLN;Felgi;NDI;;2.0000;;https://static.abstore.pl/img/grasdorf/b536af65-4e6f-4f92-9776-646bb1a83551/l/felga-14x20-8%252F203-2%252F152-6%252Fet-50-ndi-e743.jpg,https://static.abstore.pl/img/grasdorf/4387a26b-45ea-4861-a706-3f8178d47528/l/felga-14x20-8%252F203-2%252F152-6%252Fet-50-ndi-e743.jpg,https://static.abstore.pl/img/grasdorf/02596122-adcf-4f2e-ae24-fec008d1b3b1/l/felga-14x20-8%252F203-2%252F152-6%252Fet-50-ndi-e743.jpg;;;;;;;;;;;2014;1420e743;
7884;10993;;1634e751;Felga 16x34 8/203,2/150,1/regulowana;E751 demo Steyr;;2500.00;2500.00;3075.00;3075.00;23;23.00;PLN;Felgi;;;2.0000;;https://static.abstore.pl/img/grasdorf/594e79d7-827d-4d42-a1c0-a3af376059c3/l/felga-16x34-8%252F203-2%252F150-1%252Fregulowana.jpg,https://static.abstore.pl/img/grasdorf/f6b0b069-6f00-4afe-8dfe-94035db22136/l/felga-16x34-8%252F203-2%252F150-1%252Fregulowana.jpg,https://static.abstore.pl/img/grasdorf/21a457c3-6d7d-48e3-b00a-db60ee6976e9/l/felga-16x34-8%252F203-2%252F150-1%252Fregulowana.jpg;;;;;;;;;;;3416;1634e751;
7887;10996;;1530e757;Felga 15x30 8/203,2/152,6/regulowana;E757 demo JD;;1210.00;1210.00;1488.30;1488.30;23;23.00;PLN;Felgi;;;2.0000;;https://static.abstore.pl/img/grasdorf/ee7c4640-7e47-405b-9927-6635c168af23/l/felga-15x30-8%252F203-2%252F152-6%252Fregulowana.jpg,https://static.abstore.pl/img/grasdorf/3a543bec-749b-4090-a30d-9fa2f28e7b17/l/felga-15x30-8%252F203-2%252F152-6%252Fregulowana.jpg,https://static.abstore.pl/img/grasdorf/4faa78d2-20a9-4e06-9d99-c2ca5fa6e6b7/l/felga-15x30-8%252F203-2%252F152-6%252Fregulowana.jpg;;;;;;;;;;;3015;1530e757;
7888;10999;;2338e759;Felga 23x38 12/425/371/ET-77 E759 Fendt;;;3480.00;3480.00;4280.40;4280.40;23;23.00;PLN;Felgi;;;2.0000;;https://static.abstore.pl/img/grasdorf/0f106150-e4c7-44bf-a468-63f92a0401d5/l/felga-23x38-12%252F425%252F371%252Fet-77-e759-fendt.jpg,https://static.abstore.pl/img/grasdorf/529176bc-35a0-43c1-84be-1ebed460fb27/l/felga-23x38-12%252F425%252F371%252Fet-77-e759-fendt.jpg,https://static.abstore.pl/img/grasdorf/af1630bb-33b1-4894-aac7-23424d3fad11/l/felga-23x38-12%252F425%252F371%252Fet-77-e759-fendt.jpg;;;;;;;;;;;3823;2338e759;
7889;11000;;2338e761;Felga 23x38 12/425/371/ET-77 E761 Fendt;;;3480.00;3480.00;4280.40;4280.40;23;23.00;PLN;Felgi;;;2.0000;;https://static.abstore.pl/img/grasdorf/ab961fd3-4471-4b8e-a3ee-8a6db5dae1d3/l/felga-23x38-12%252F425%252F371%252Fet-77-e761-fendt.jpg,https://static.abstore.pl/img/grasdorf/17e04564-a17c-4baf-9e33-6205dca6513a/l/felga-23x38-12%252F425%252F371%252Fet-77-e761-fendt.jpg,https://static.abstore.pl/img/grasdorf/561d8ecf-ff61-4bc6-83dc-b68f523da233/l/felga-23x38-12%252F425%252F371%252Fet-77-e761-fendt.jpg;;;;;;;;;;;3823;2338e761;
7890;11001;;2544e753;Felga 25x44 10/335/281/ET-55 E753 Fendt;Profi Grip;;4110.00;4110.00;5055.30;5055.30;23;23.00;PLN;Felgi;;;2.0000;;https://static.abstore.pl/img/grasdorf/e2d5cb25-e54a-46c3-b88d-4c6f7ddf0400/l/felga-25x44-10%252F335%252F281%252Fet-55-e753-fendt.jpg,https://static.abstore.pl/img/grasdorf/8e5db6f2-0684-4a41-bf53-66be36931665/l/felga-25x44-10%252F335%252F281%252Fet-55-e753-fendt.jpg,https://static.abstore.pl/img/grasdorf/a39d4547-735c-4242-b651-9c098d7424ad/l/felga-25x44-10%252F335%252F281%252Fet-55-e753-fendt.jpg;;;;;;;;;;;4425;2544e753;
7892;11014;;4208530k5208542bkt;Komplet kół używanych do ciągnika Fendt;720: 420/85R30 + 520/85R42 BKT;;21400.00;21400.00;26322.00;26322.00;23;23.00;PLN;;;;1.0000;;https://static.abstore.pl/img/grasdorf/4ee925c1-d604-4af0-9e02-f88ee960ceca/l/komplet-kol-uzywanych-do-ciagnika-fendt.jpg,https://static.abstore.pl/img/grasdorf/770ec5a5-1eac-45ed-9f0e-ff1aa55fd0f8/l/komplet-kol-uzywanych-do-ciagnika-fendt.jpg,https://static.abstore.pl/img/grasdorf/33ec03ca-a2f9-42b4-bdbe-67924a3678f5/l/komplet-kol-uzywanych-do-ciagnika-fendt.jpg,https://static.abstore.pl/img/grasdorf/e9238fa4-97fb-42a4-aaa6-7d484a9e7c78/l/komplet-kol-uzywanych-do-ciagnika-fendt.jpg,https://static.abstore.pl/img/grasdorf/eb59b03f-6a0d-4fb2-94e7-2f3f7c35d1a2/l/komplet-kol-uzywanych-do-ciagnika-fendt.jpg,https://static.abstore.pl/img/grasdorf/58eaa67c-41b0-4f5d-bc0a-96997b4ebffd/l/komplet-kol-uzywanych-do-ciagnika-fendt.jpg,https://static.abstore.pl/img/grasdorf/408ad6ae-c992-49e4-95a7-b06d1a2ed7bd/l/komplet-kol-uzywanych-do-ciagnika-fendt.jpg,https://static.abstore.pl/img/grasdorf/627d9632-c6e9-4b1c-92b1-4a0a92ead495/l/komplet-kol-uzywanych-do-ciagnika-fendt.jpg,https://static.abstore.pl/img/grasdorf/4c2f7acf-c02e-40bf-b016-8a16d24d6b10/l/komplet-kol-uzywanych-do-ciagnika-fendt.jpg,https://static.abstore.pl/img/grasdorf/8ac84335-1c6e-41e1-ab85-595849304dd2/l/komplet-kol-uzywanych-do-ciagnika-fendt.jpg,https://static.abstore.pl/img/grasdorf/f74e9af0-5ad5-4f03-b012-d7b6ad8e05ed/l/komplet-kol-uzywanych-do-ciagnika-fendt.jpg,https://static.abstore.pl/img/grasdorf/ddf92fb2-abdc-4f66-8cc6-53bbf0ce1fe5/l/komplet-kol-uzywanych-do-ciagnika-fendt.jpg;;;;;;;;;;;1530k1842b2084216930;4208530k5208542bkt;
7893;11015;;4207030kfdemo;Opona 420/70R30 Kleber FITKER demo;134A8/131B TL;;2830.00;2630.00;3480.90;3234.90;23;23.00;PLN;Opony/Opony rolnicze i przemysłowe/Opony Kleber;Kleber;;2.0000;;https://static.abstore.pl/img/grasdorf/b9640822-f17c-4c30-848f-0c7969944852/l/opona-420%252F70r30-kleber-fitker-demo.jpg,https://static.abstore.pl/img/grasdorf/e037a5f3-9041-4ccf-b77f-e2fcf80d37fb/l/opona-420%252F70r30-kleber-fitker-demo.jpg,https://static.abstore.pl/img/grasdorf/817bb231-732f-4fd7-ab05-3b64a70a45f3/l/opona-420%252F70r30-kleber-fitker-demo.jpg,https://static.abstore.pl/img/grasdorf/e209a5d3-e396-4fde-a957-67ba1c315095/l/opona-420%252F70r30-kleber-fitker-demo.jpg,https://static.abstore.pl/img/grasdorf/5f243b52-55e9-48a1-9e75-e856960cbc84/l/opona-420%252F70r30-kleber-fitker-demo.jpg,https://static.abstore.pl/img/grasdorf/fb1bc9cf-30f4-4849-a604-79ebfff28439/l/opona-420%252F70r30-kleber-fitker-demo.jpg;pokazowa;;Radialna;Bezdętkowa (TL);134A8/131B (2120 kg przy 40 km/h);;Opona rolnicza;420/70;;;003980;4207030kfdemo;
7898;11026;;1630e774;Felga 16x30 10/335/281/ET-179 E774;Grasdorf Fendt używana;;1510.00;1510.00;1857.30;1857.30;23;23.00;PLN;Felgi;Grasdorf;;2.0000;;https://static.abstore.pl/img/grasdorf/6d3bf57d-8a63-43e2-a1cb-d9a1396ae555/l/felga-16x30-10%252F335%252F281%252Fet-179-e774.jpg,https://static.abstore.pl/img/grasdorf/252d3257-7213-4344-9388-aa726af2e88d/l/felga-16x30-10%252F335%252F281%252Fet-179-e774.jpg,https://static.abstore.pl/img/grasdorf/ec7510b9-d0f6-4cac-b131-9cb4f7e20f7f/l/felga-16x30-10%252F335%252F281%252Fet-179-e774.jpg;;;;;;;;;;;3016;1630e774;
7899;11027;;2042e776;Felga 20x42 10/335/281/ET-155 E776;Grasdorf używana Fendt;;2410.00;2410.00;2964.30;2964.30;23;23.00;PLN;Felgi;;;2.0000;;;;;;;;;;;;;4220;2042e776;
7900;11028;;1524e778;Felga 15x24 8/275/221/ET+29 E778 demo;Fendt;;1830.00;1830.00;2250.90;2250.90;23;23.00;PLN;Felgi;;;2.0000;;https://static.abstore.pl/img/grasdorf/f40a7e84-e74e-435e-93af-d137a29711c8/l/felga-15x24-8%252F275%252F221%252Fet-29-e778-demo.jpg,https://static.abstore.pl/img/grasdorf/df88471a-bed0-4492-988a-414ded8e98ad/l/felga-15x24-8%252F275%252F221%252Fet-29-e778-demo.jpg,https://static.abstore.pl/img/grasdorf/9aa2c00c-9a5f-44b6-a565-104c42e3e708/l/felga-15x24-8%252F275%252F221%252Fet-29-e778-demo.jpg;;;;;;;;;;;2415;1524e778;
7901;11029;;1834e780;Felga 18x34 8/275/221/ET-42 E780 demo;Fendt;;2200.00;2200.00;2706.00;2706.00;23;23.00;PLN;Felgi;;;2.0000;;https://static.abstore.pl/img/grasdorf/dd330d5f-2a5b-4b9b-83ab-ddd7f3ea668c/l/felga-18x34-8%252F275%252F221%252Fet-42-e780-demo.jpg,https://static.abstore.pl/img/grasdorf/bc403551-04dc-4824-8d48-1ce7e9e3a6dd/l/felga-18x34-8%252F275%252F221%252Fet-42-e780-demo.jpg,https://static.abstore.pl/img/grasdorf/5e7a93dc-6c8b-41ee-9ec2-21a607d868ba/l/felga-18x34-8%252F275%252F221%252Fet-42-e780-demo.jpg;;;;;;;;;;;3418;1834e780;
7902;11030;;1430e782;Felga 14x30 8/203,2/150,1/regulowana;E782 demo NH;;1990.00;1990.00;2447.70;2447.70;23;23.00;PLN;Felgi;;;2.0000;;https://static.abstore.pl/img/grasdorf/3cefb1a3-14b3-46f4-aae8-aaeac945eb06/l/felga-14x30-8%252F203-2%252F150-1%252Fregulowana.jpg,https://static.abstore.pl/img/grasdorf/43e4cb07-75dd-457c-bf0d-448e1eb57123/l/felga-14x30-8%252F203-2%252F150-1%252Fregulowana.jpg,https://static.abstore.pl/img/grasdorf/36a789b9-03b7-41a0-be2e-3801b2d53dfd/l/felga-14x30-8%252F203-2%252F150-1%252Fregulowana.jpg;;;;;;;;;;;3014;1430e782;
7903;11031;;1224e784;Felga 12x24 6/170/135/regulowana E784;demo Aupax;;1720.00;1720.00;2115.60;2115.60;23;23.00;PLN;Felgi;;;2.0000;;https://static.abstore.pl/img/grasdorf/8c6b6dab-d058-43e5-80e4-a76782fbac2f/l/felga-12x24-6%252F170%252F135%252Fregulowana-e784.jpg,https://static.abstore.pl/img/grasdorf/c5860fac-98b6-49c7-b96b-a4cf4ebe3030/l/felga-12x24-6%252F170%252F135%252Fregulowana-e784.jpg,https://static.abstore.pl/img/grasdorf/b0ef5ace-123e-4157-989a-0c8da816932e/l/felga-12x24-6%252F170%252F135%252Fregulowana-e784.jpg;;;;;;;;;;;2412;1224e784;
7906;7716;;Major36;Tarcza 36" 36.03.12 Zetor Major;;;1040.00;1040.00;1279.20;1279.20;23;23.00;PLN;Felgi;Pronar;;2.0000;;;nowa;;;;;;;;;;1136;Major36;
7909;11038;;816e796;Felga 8x16 6/160/102/ET-2 demo Aupax;E796;;1000.00;1000.00;1230.00;1230.00;23;23.00;PLN;Felgi;;;2.0000;;https://static.abstore.pl/img/grasdorf/5e18d6d2-528c-4438-ab7a-13a97b2bf2d9/l/felga-8x16-6%252F160%252F102%252Fet-2-demo-aupax.jpg,https://static.abstore.pl/img/grasdorf/bb9d6e84-8d45-4ae0-9e85-ff99172ef9fb/l/felga-8x16-6%252F160%252F102%252Fet-2-demo-aupax.jpg,https://static.abstore.pl/img/grasdorf/01d75e15-bd3b-4f30-a326-df8506cc2a72/l/felga-8x16-6%252F160%252F102%252Fet-2-demo-aupax.jpg;;;;;;;;;;;168;816e796;
7910;11041;;1136e800;Felga 11x36 8/275/221/ET+170 E800 Fendt;NDI po naprawie;;1950.00;1950.00;2398.50;2398.50;23;23.00;PLN;Felgi;NDI;;2.0000;;https://static.abstore.pl/img/grasdorf/6e3aba17-b9f8-4a05-adaf-6ab43727743a/l/felga-11x36-8%252F275%252F221%252Fet-170-e800-fendt.jpg,https://static.abstore.pl/img/grasdorf/c9caa695-e61f-41c2-b42b-dc91e0d1fb11/l/felga-11x36-8%252F275%252F221%252Fet-170-e800-fendt.jpg,https://static.abstore.pl/img/grasdorf/cda3f119-e2f1-4b45-a657-bcd76bbad8ca/l/felga-11x36-8%252F275%252F221%252Fet-170-e800-fendt.jpg;;;;;;;;;;;3611;1136e800;
7912;11042;;1024e798;Felga 10x24 8/203,2/152,6/ET+72 E798;Kubota NDI po naprawie;;1540.00;1540.00;1894.20;1894.20;23;23.00;PLN;Felgi;NDI;;2.0000;;https://static.abstore.pl/img/grasdorf/ca688496-7d0c-4e01-ad3b-0da991b6ed06/l/felga-10x24-8%252F203-2%252F152-6%252Fet-72-e798.jpg,https://static.abstore.pl/img/grasdorf/fa172d2e-1c50-48b7-81a1-be0504b737f3/l/felga-10x24-8%252F203-2%252F152-6%252Fet-72-e798.jpg,https://static.abstore.pl/img/grasdorf/7ae73b0e-3f3d-470b-bf17-4d5a5c02a04e/l/felga-10x24-8%252F203-2%252F152-6%252Fet-72-e798.jpg;;;;;;;;;;;2410;1024e798;
7913;11043;;8007032v96%;Opona 800/70R32 Vredestein Traxion;Harvest używana 96% 175A8/B TL;;14130.00;9330.00;17379.90;11475.90;23;23.00;PLN;Opony/Opony rolnicze i przemysłowe/Opony Vredestein;Vredestein;;2.0000;;https://static.abstore.pl/img/grasdorf/ebbb4bb9-6194-4fb6-8a8a-07ece4f317e8/l/opona-800%252F70r32-vredestein-traxion.jpg,https://static.abstore.pl/img/grasdorf/d44d1e46-f833-4746-8d96-d80c537a1eba/l/opona-800%252F70r32-vredestein-traxion.jpg,https://static.abstore.pl/img/grasdorf/c5dc17d9-9648-4223-b567-3c39d5249fb7/l/opona-800%252F70r32-vredestein-traxion.jpg,https://static.abstore.pl/img/grasdorf/abe4ad22-0a6e-423c-94fc-3085ef7e5db4/l/opona-800%252F70r32-vredestein-traxion.jpg,https://static.abstore.pl/img/grasdorf/f074db69-cb60-4141-b727-7619d06186d9/l/opona-800%252F70r32-vredestein-traxion.jpg,https://static.abstore.pl/img/grasdorf/740b11ac-88b5-4503-b9c7-d3847fe89346/l/opona-800%252F70r32-vredestein-traxion.jpg,https://static.abstore.pl/img/grasdorf/6705e994-4c6a-4a12-95ae-1ae5e2373448/l/opona-800%252F70r32-vredestein-traxion.jpg;używana (bieżnik 96%);;Radialna;Bezdętkowa (TL);175A8/175B (6900 kg przy 40 km/h);;Opona rolnicza;800/70;;;003982;8007032v96%;
7915;11012;;10512s77509;Felga 10.5x12 5/114,3/79,5/ET-25;pomarańczowa Starco 77509;;640.00;640.00;787.20;787.20;23;23.00;PLN;Felgi;Starco;;10.0000;;https://static.abstore.pl/img/grasdorf/a22144ca-b0a3-4116-a397-a030e2aa5ef4/l/felga-10-5x12-5%252F114-3%252F79-5%252Fet-25.jpg,https://static.abstore.pl/img/grasdorf/e71d3ef9-93b4-4378-b433-4f36fbdac9fa/l/felga-10-5x12-5%252F114-3%252F79-5%252Fet-25.jpg;;;;;;;;;;;105012;10512s77509;
7918;11052;;1324e807;Felga 13x24 8/275/221/ET-55 E807;Grasdorf MF;;2520.00;2520.00;3099.60;3099.60;23;23.00;PLN;Felgi;Grasdorf;;2.0000;;https://static.abstore.pl/img/grasdorf/12093366-438a-4c00-8fb3-6bb8cf97aade/l/felga-13x24-8%252F275%252F221%252Fet-55-e807.jpg,https://static.abstore.pl/img/grasdorf/3ecffdf7-35a5-451e-8fd0-a621557c5aab/l/felga-13x24-8%252F275%252F221%252Fet-55-e807.jpg,https://static.abstore.pl/img/grasdorf/4807c40b-304f-46ed-a690-28d1576287e7/l/felga-13x24-8%252F275%252F221%252Fet-55-e807.jpg;;;;;;;;;;;2413;1324e807;
7921;11056;;1534e813;Felga 15x34 8/275/221/ET+21 E813 demo;Steyr;;2520.00;2520.00;3099.60;3099.60;23;23.00;PLN;Felgi;;;2.0000;;https://static.abstore.pl/img/grasdorf/fd5eb00e-c47f-4bca-bd06-ec5953d28c2c/l/felga-15x34-8%252F275%252F221%252Fet-21-e813-demo.jpg,https://static.abstore.pl/img/grasdorf/59954b76-b2ba-4e97-b829-253b74f68026/l/felga-15x34-8%252F275%252F221%252Fet-21-e813-demo.jpg,https://static.abstore.pl/img/grasdorf/3c8cb8a3-dbf0-4b9c-8872-5b2f8aa50889/l/felga-15x34-8%252F275%252F221%252Fet-21-e813-demo.jpg;;;;;;;;;;;3415;1534e813;
7922;11059;;1828e815;Felga 18x28 6/205/161/ET0 E815 Claas;demo;;1890.00;1890.00;2324.70;2324.70;23;23.00;PLN;Felgi;Moveero;;2.0000;;https://static.abstore.pl/img/grasdorf/67613ede-e34a-4d80-be15-55ab7c34c296/l/felga-18x28-6%252F205%252F161%252Fet0-e815-claas.jpg,https://static.abstore.pl/img/grasdorf/ee9ef20f-c09b-4ae2-9650-902abcec2270/l/felga-18x28-6%252F205%252F161%252Fet0-e815-claas.jpg,https://static.abstore.pl/img/grasdorf/d522f1a0-b01d-4bd8-a340-5e9ab6e8443f/l/felga-18x28-6%252F205%252F161%252Fet0-e815-claas.jpg;;;;;;;;;;;2818;1828e815;
7923;11064;;1024p241004;Felga 10x24 6/425/382,5/ET+46 Pronar;24.10.04 firanka Ursus;;690.00;690.00;848.70;848.70;23;23.00;PLN;Felgi;Pronar;;2.0000;;https://static.abstore.pl/img/grasdorf/c4a6d707-85d7-45ca-a8e4-8ee9aed42434/l/felga-10x24-6%252F425%252F382-5%252Fet-46-pronar.jpg,https://static.abstore.pl/img/grasdorf/3d74ef71-725b-40c1-97e3-934a51017ade/l/felga-10x24-6%252F425%252F382-5%252Fet-46-pronar.jpg;;;;;;;;;;;2410;1024p241004;
7924;11066;;4607024vedemo;Opona 460/70R24 Vredestein Endurion demo;159A8/B TL (17.5R24);;2720.00;2130.00;3345.60;2619.90;23;23.00;PLN;Opony/Opony rolnicze i przemysłowe/Opony Vredestein;Vredestein;;2.0000;;https://static.abstore.pl/img/grasdorf/9128425c-ad89-48d1-956b-966fd9b944b0/l/opona-460%252F70r24-vredestein-endurion-demo.jpg,https://static.abstore.pl/img/grasdorf/5dd30241-9ed6-4a48-be32-488abaae0c18/l/opona-460%252F70r24-vredestein-endurion-demo.jpg,https://static.abstore.pl/img/grasdorf/da638673-a8a9-4109-8333-9eec8180fb4f/l/opona-460%252F70r24-vredestein-endurion-demo.jpg,https://static.abstore.pl/img/grasdorf/a57877e5-764f-4720-b1a1-6986759d008c/l/opona-460%252F70r24-vredestein-endurion-demo.jpg,https://static.abstore.pl/img/grasdorf/a9c99490-24fd-4f18-b022-26a3fc1dce80/l/opona-460%252F70r24-vredestein-endurion-demo.jpg,https://static.abstore.pl/img/grasdorf/ad105608-439f-437c-a7b1-1e5216959ed4/l/opona-460%252F70r24-vredestein-endurion-demo.jpg,https://static.abstore.pl/img/grasdorf/6504931b-b4bc-4387-8f8c-db4941b7526d/l/opona-460%252F70r24-vredestein-endurion-demo.jpg,https://static.abstore.pl/img/grasdorf/c6f87a80-18d6-43ad-8c1a-bb90f59d811e/l/opona-460%252F70r24-vredestein-endurion-demo.jpg;pokazowa;;Radialna;Bezdętkowa (TL);159A8/159B (4375 kg przy 50 km/h);;Opona rolnicza;17.5 (460/70);;;17524;4607024vedemo;
7926;11082;;824e821;Felga 8x24 8/203,2/152,6/regulowana;Pronar Kubota E821 używana;;1530.00;1530.00;1881.90;1881.90;23;23.00;PLN;Felgi;Pronar;;2.0000;;;używana;;;;;;;;;;248;824e821;
7927;11083;;1036e823;Felga 10x36 8/203,2/152,6/regulowana;E823 Pronar Kubota używana;;1950.00;1950.00;2398.50;2398.50;23;23.00;PLN;Felgi;Pronar;;2.0000;;;używana;;;;;;;;;;3610;1036e823;
7928;11084;;1024e825;Felga 10x24 8/203,2/152,6/ET+171 E825;Kubota M5 rozstaw 1400 demo;;2560.00;2560.00;3148.80;3148.80;23;23.00;PLN;Felgi;Grasdorf;;2.0000;;;demo;;;;;;;;;;2410;1024e825;
7929;11085;;1238e827;Felga 12x38 8/203,2/152,6/ET+70 E827;demo Grasdorf Kubota M5;;2340.00;2340.00;2878.20;2878.20;23;23.00;PLN;Felgi;Grasdorf;;2.0000;;;demo;;;;;;;;;;3812;1238e827;
7930;11086;;2738e829;Felga 27x38 12/814/764/ET-80 JD E829;nowa;;5190.00;5190.00;6383.70;6383.70;23;23.00;PLN;Felgi;;;2.0000;;https://static.abstore.pl/img/grasdorf/d1f3af36-266e-42fb-9f14-424139a763f7/l/felga-27x38-12%252F814%252F764%252Fet-80-jd-e829.jpg,https://static.abstore.pl/img/grasdorf/3b3c9d90-61b5-4120-9851-38e412e435f3/l/felga-27x38-12%252F814%252F764%252Fet-80-jd-e829.jpg,https://static.abstore.pl/img/grasdorf/a6edfe53-75ab-4202-b5ae-143373ba81d3/l/felga-27x38-12%252F814%252F764%252Fet-80-jd-e829.jpg;nowa;;;;;;;;;;3827;2738e829;
7931;11087;;832e831;Felga 8x32 8/405/362,5/ET+45 NDI E831 NH;;;2910.00;2910.00;3579.30;3579.30;23;23.00;PLN;Felgi;NDI;;2.0000;;https://static.abstore.pl/img/grasdorf/4fd6382e-ec2c-49ab-b884-b2a86d57d880/l/felga-8x32-8%252F405%252F362-5%252Fet-45-ndi-e831-nh.jpg,https://static.abstore.pl/img/grasdorf/179c198f-648a-413f-85b3-0fad65aac73e/l/felga-8x32-8%252F405%252F362-5%252Fet-45-ndi-e831-nh.jpg,https://static.abstore.pl/img/grasdorf/ca1d7b9f-283f-44c7-99b1-9e95ac423e9b/l/felga-8x32-8%252F405%252F362-5%252Fet-45-ndi-e831-nh.jpg;nowa;;;;;;;;;;328;832e831;
7939;11111;;3408524mt3408538;Komplet kół do ciągnika Claas Arion 400:;340/85R24 + 340/85R38 Mitas demo;;11500.00;11500.00;14145.00;14145.00;23;23.00;PLN;;Alliance;;1.0000;;https://static.abstore.pl/img/grasdorf/61d437d5-3d3b-4115-a401-f30a06f88f0e/l/komplet-kol-do-ciagnika-claas-arion-400-.jpg,https://static.abstore.pl/img/grasdorf/9cf4d00d-d6e3-45ca-9b9c-fa5090d1e7b1/l/komplet-kol-do-ciagnika-claas-arion-400-.jpg,https://static.abstore.pl/img/grasdorf/e9e0bd52-f1ed-4709-9e7e-0a874a4709c2/l/komplet-kol-do-ciagnika-claas-arion-400-.jpg,https://static.abstore.pl/img/grasdorf/c4394b33-51b3-403c-8ef1-a0c30234045c/l/komplet-kol-do-ciagnika-claas-arion-400-.jpg,https://static.abstore.pl/img/grasdorf/ef2ebb45-3966-4421-970b-2674c9201bf5/l/komplet-kol-do-ciagnika-claas-arion-400-.jpg,https://static.abstore.pl/img/grasdorf/5de9b13f-40ee-44a3-9516-6fc097299524/l/komplet-kol-do-ciagnika-claas-arion-400-.jpg,https://static.abstore.pl/img/grasdorf/6a13ec80-52a3-4ad7-a163-bcea5ab25590/l/komplet-kol-do-ciagnika-claas-arion-400-.jpg,https://static.abstore.pl/img/grasdorf/129a13c1-dff3-4870-a934-1f204b807344/l/komplet-kol-do-ciagnika-claas-arion-400-.jpg,https://static.abstore.pl/img/grasdorf/3718eee1-fbc5-4643-beac-64aae52e6e26/l/komplet-kol-do-ciagnika-claas-arion-400-.jpg,https://static.abstore.pl/img/grasdorf/0084ea1e-f103-42ed-91a1-5f5380de1c4d/l/komplet-kol-do-ciagnika-claas-arion-400-.jpg,https://static.abstore.pl/img/grasdorf/a80ea0be-4cd7-412f-90b3-3be2801810a9/l/komplet-kol-do-ciagnika-claas-arion-400-.jpg,https://static.abstore.pl/img/grasdorf/ef6181d4-9e2e-4167-911c-0e503e6e1826/l/komplet-kol-do-ciagnika-claas-arion-400-.jpg;demo;;Radialna;Bezdętkowa (TL);;;;;;;13624mt13638;3408524mt3408538;
7942;11122;;1050e806;Felga 10x50 8/275/221/ET-68 NDI E806 JD;;;5460.00;5460.00;6715.80;6715.80;23;23.00;PLN;Felgi;NDI;;1.0000;;https://static.abstore.pl/img/grasdorf/a1e6cbea-29d1-4abe-8138-aa1b1ea6fef1/l/felga-10x50-8%252F275%252F221%252Fet-68-ndi-e806-jd.jpg,https://static.abstore.pl/img/grasdorf/9e847c5b-543e-4a60-8711-65f08f32acf3/l/felga-10x50-8%252F275%252F221%252Fet-68-ndi-e806-jd.jpg,https://static.abstore.pl/img/grasdorf/dba61cc4-dfa6-4136-8e73-140f4098535c/l/felga-10x50-8%252F275%252F221%252Fet-68-ndi-e806-jd.jpg;nowa;;;;;;;;;;5010;1050e806;
7943;11125;;2526j25262;Felga 25x26 10/335/281/ET-50 Jantsa;25262;;1870.00;1870.00;2300.10;2300.10;23;23.00;PLN;Felgi;Jantsa;;2.0000;;;nowa;;;;;;;;;;2625;2526j25262;
7944;11126;;1317j130510;Felga 13x17 6/205/161/ET-70 Jantsa;130510;;690.00;690.00;848.70;848.70;23;23.00;PLN;Felgi;Jantsa;;2.0000;;https://static.abstore.pl/img/grasdorf/420d1b78-07e6-471c-af78-32d16fc7de36/l/felga-13x17-6%252F205%252F161%252Fet-70-jantsa.jpg,https://static.abstore.pl/img/grasdorf/8eb0079f-dc6d-405c-9f94-66b0a7df21b4/l/felga-13x17-6%252F205%252F161%252Fet-70-jantsa.jpg,https://static.abstore.pl/img/grasdorf/850bb09e-dda0-4660-9e4f-51dcca3f6d6b/l/felga-13x17-6%252F205%252F161%252Fet-70-jantsa.jpg;nowa;;;;;;;;;;130017;1317j130510;
7947;11129;;1320jcb;Felga 13x20 8/275/221/ET-30 JCB demo;K205660;;740.00;740.00;910.20;910.20;23;23.00;PLN;Felgi;;;4.0000;;https://static.abstore.pl/img/grasdorf/2640af8c-fb50-420a-9fac-b0fe4846394f/l/felga-13x20-8%252F275%252F221%252Fet-30-jcb-demo.jpg,https://static.abstore.pl/img/grasdorf/0ea01b92-a58b-4b6c-84be-c4c6c44e7bea/l/felga-13x20-8%252F275%252F221%252Fet-30-jcb-demo.jpg,https://static.abstore.pl/img/grasdorf/c77ac1d6-6dae-4da4-8163-9b525c18be5c/l/felga-13x20-8%252F275%252F221%252Fet-30-jcb-demo.jpg;demo;;;;;;;;;;2013;1320jcb;
7950;11147;;1828e858;Felga 18x28 12/425/371/regulowana E858;używana JD;;1620.00;1620.00;1992.60;1992.60;23;23.00;PLN;Felgi;;;2.0000;;https://static.abstore.pl/img/grasdorf/1a899572-3988-4f40-b76b-37ae839faa5e/l/felga-18x28-12%252F425%252F371%252Fregulowana-e858.jpg,https://static.abstore.pl/img/grasdorf/94f23717-5327-4c6e-9371-9779abdc914f/l/felga-18x28-12%252F425%252F371%252Fregulowana-e858.jpg,https://static.abstore.pl/img/grasdorf/6b8fd06b-7ea6-4bb8-af2a-7926c446d9af/l/felga-18x28-12%252F425%252F371%252Fregulowana-e858.jpg;używana;;;;;;;;;;2818;1828e858;
7952;11149;;1538e860;Felga 15x38 8/275/221/ET-75 E860 demo MF;;;2660.00;2660.00;3271.80;3271.80;23;23.00;PLN;Felgi;;;2.0000;;https://static.abstore.pl/img/grasdorf/c38590a9-04d0-46e8-bdee-8f7285a49518/l/felga-15x38-8%252F275%252F221%252Fet-75-e860-demo-mf.jpg,https://static.abstore.pl/img/grasdorf/38286758-d80a-4ddf-b80b-5b372420a0c5/l/felga-15x38-8%252F275%252F221%252Fet-75-e860-demo-mf.jpg,https://static.abstore.pl/img/grasdorf/f03ef60e-eda7-4186-92be-b7198885707c/l/felga-15x38-8%252F275%252F221%252Fet-75-e860-demo-mf.jpg;demo;;;;;;;;;;3815;1538e860;
7953;11154;;L001140;Śruba MD 575 mm;;;105.00;105.00;129.15;129.15;23;23.00;PLN;;Starco;;40.0000;;;;;;;;;;;;;001215;L001140;
7954;10959;;24225j240227;Felga 24x22.5 10/335/281/ET-100 Jantsa;240227;;1250.00;1250.00;1537.50;1537.50;23;23.00;PLN;Felgi;Jantsa;;6.0000;;https://static.abstore.pl/img/grasdorf/8ce7bb07-9ff0-475d-949e-5bb5fb0b4023/l/felga-24x22-5-10%252F335%252F281%252Fet-100-jantsa.jpg,https://static.abstore.pl/img/grasdorf/5063fb46-da7a-4723-a35c-4212aa9cf918/l/felga-24x22-5-10%252F335%252F281%252Fet-100-jantsa.jpg,https://static.abstore.pl/img/grasdorf/549ca2b4-fdcd-408c-b4f2-e4b4529f522e/l/felga-24x22-5-10%252F335%252F281%252Fet-100-jantsa.jpg,https://static.abstore.pl/img/grasdorf/b9e46c96-77ce-468f-b1b2-f0402efbeb3b/l/felga-24x22-5-10%252F335%252F281%252Fet-100-jantsa.jpg,https://static.abstore.pl/img/grasdorf/4ece1f38-e2e1-4953-8af8-ea4b4d57417b/l/felga-24x22-5-10%252F335%252F281%252Fet-100-jantsa.jpg,https://static.abstore.pl/img/grasdorf/04d35046-b47c-4a34-a00a-20c85b9e09a6/l/felga-24x22-5-10%252F335%252F281%252Fet-100-jantsa.jpg;nowa;;;;;;;;;;2400225;24225j240227;
7960;11186;;3408538bktdemo;Opona 340/85R38 BKT Agrimax RT 855 demo;133A8/133B TL (13.6R38);;1940.00;1570.00;2386.20;1931.10;23;23.00;PLN;Opony/Opony rolnicze i przemysłowe/Opony BKT;BKT;;2.0000;;https://static.abstore.pl/img/grasdorf/a47e576f-9d68-40a9-a6e2-ff4720c6f266/l/opona-340%252F85r38-bkt-agrimax-rt-855-demo.jpg,https://static.abstore.pl/img/grasdorf/888b7a1e-2d16-4940-a737-9437f4529353/l/opona-340%252F85r38-bkt-agrimax-rt-855-demo.jpg,https://static.abstore.pl/img/grasdorf/fa107e72-4ba1-4f5a-adf7-302099ae7108/l/opona-340%252F85r38-bkt-agrimax-rt-855-demo.jpg,https://static.abstore.pl/img/grasdorf/24441cf0-e668-496b-960e-d2f5ccc2a13a/l/opona-340%252F85r38-bkt-agrimax-rt-855-demo.jpg,https://static.abstore.pl/img/grasdorf/3fb9c305-d955-4555-9694-592458631e77/l/opona-340%252F85r38-bkt-agrimax-rt-855-demo.jpg,https://static.abstore.pl/img/grasdorf/24a52128-d28a-4059-90a3-77a48ef9b542/l/opona-340%252F85r38-bkt-agrimax-rt-855-demo.jpg;pokazowa;;Radialna;Bezdętkowa (TL);133A8/133B (2060 kg przy 40 km/h);;Opona rolnicza;13.6 (340/85, 340/90);;;13638bkt;3408538bktdemo;
7961;11187;;2109518BKTdemo;Opona 210/95R18 BKT Agrimax RT 855 demo;108A8/108B TL;;580.00;470.00;713.40;578.10;23;23.00;PLN;Opony/Opony rolnicze i przemysłowe/Opony BKT;BKT;;2.0000;;https://static.abstore.pl/img/grasdorf/826d9506-9b24-4097-a6e5-920f13c41d1a/l/opona-210%252F95r18-bkt-agrimax-rt-855-demo.jpg,https://static.abstore.pl/img/grasdorf/c9703283-828f-4081-a709-e40f69f8a5d1/l/opona-210%252F95r18-bkt-agrimax-rt-855-demo.jpg,https://static.abstore.pl/img/grasdorf/81d790b4-df4c-433c-8139-de18a73507dd/l/opona-210%252F95r18-bkt-agrimax-rt-855-demo.jpg,https://static.abstore.pl/img/grasdorf/c1f8a7ea-54ab-48d0-b815-c640e72fa2f8/l/opona-210%252F95r18-bkt-agrimax-rt-855-demo.jpg,https://static.abstore.pl/img/grasdorf/a3440bb9-b660-4ed6-975b-5f854825ce50/l/opona-210%252F95r18-bkt-agrimax-rt-855-demo.jpg,https://static.abstore.pl/img/grasdorf/19a56725-19dc-4f2d-accc-77eeda3f2912/l/opona-210%252F95r18-bkt-agrimax-rt-855-demo.jpg;pokazowa;;Radialna;Bezdętkowa (TL);108A8/108B (1000 kg przy 40 km/h);;Opona rolnicza;8.3 (210/95);;;004011;2109518BKTdemo;
7966;11194;;1238e868;Felga 12x38 8/203,2/152,6/regulowana;E868 Landini;;2340.00;2340.00;2878.20;2878.20;23;23.00;PLN;Felgi;;;2.0000;;https://static.abstore.pl/img/grasdorf/546bfa42-730e-4866-9299-e3293a75b5c8/l/felga-12x38-8%252F203-2%252F152-6%252Fregulowana.jpg,https://static.abstore.pl/img/grasdorf/b0054852-5c6b-455d-a857-4ee5f30fcce7/l/felga-12x38-8%252F203-2%252F152-6%252Fregulowana.jpg,https://static.abstore.pl/img/grasdorf/2ea34e9f-ede9-4d26-b29a-e84e9ce3632e/l/felga-12x38-8%252F203-2%252F152-6%252Fregulowana.jpg;demo;;;;;;;;;;3812;1238e868;
7967;11196;;1028e870;Felga 10x28 8/330/290,5/regulowana E870;używana NH;;1600.00;1600.00;1968.00;1968.00;23;23.00;PLN;Felgi;;;2.0000;;https://static.abstore.pl/img/grasdorf/fc1d5f6e-b97b-4f8b-81c5-9014a25278e1/l/felga-10x28-8%252F330%252F290-5%252Fregulowana-e870.jpg,https://static.abstore.pl/img/grasdorf/34629ba3-95ad-4ea9-823a-eab60261b362/l/felga-10x28-8%252F330%252F290-5%252Fregulowana-e870.jpg,https://static.abstore.pl/img/grasdorf/f91392c9-bc3f-40ba-a020-140567f2ef6f/l/felga-10x28-8%252F330%252F290-5%252Fregulowana-e870.jpg;używana;;;;;;;;;;2810;1028e870;
7968;11197;;1238e872;Felga 12x38 8/275/221/regulowana E872;używana NH;;2000.00;2000.00;2460.00;2460.00;23;23.00;PLN;Felgi;;;2.0000;;;używana;;;;;;;;;;3812;1238e872;
7969;11198;;1028e874;Felga 10x28 8/275/221/regulowana E874;używana MF;;1600.00;1600.00;1968.00;1968.00;23;23.00;PLN;Felgi;;;2.0000;;https://static.abstore.pl/img/grasdorf/b13d3e4c-baaf-4acb-b9d0-7bbc73cc084c/l/felga-10x28-8%252F275%252F221%252Fregulowana-e874.jpg,https://static.abstore.pl/img/grasdorf/b946e6d7-4301-4a29-829b-5c698a61c258/l/felga-10x28-8%252F275%252F221%252Fregulowana-e874.jpg,https://static.abstore.pl/img/grasdorf/49638636-b8c3-4256-ad05-517fd63217a3/l/felga-10x28-8%252F275%252F221%252Fregulowana-e874.jpg;używana;;;;;;;;;;2810;1028e874;
7970;10498;;20265j200834M;Felga 20x26.5 10/335/281/ET-100 Jantsa;200834;;1490.00;1490.00;1832.70;1832.70;23;23.00;PLN;Felgi;Jantsa;;4.0000;;https://static.abstore.pl/img/grasdorf/4e4f1e31-cbb0-4f35-b648-66f202b4b87d/l/felga-20x26-5-10%252F335%252F281%252Fet-100-jantsa.jpg,https://static.abstore.pl/img/grasdorf/02cd9a21-001d-4ce4-bcf7-f7ced7a9fc92/l/felga-20x26-5-10%252F335%252F281%252Fet-100-jantsa.jpg,https://static.abstore.pl/img/grasdorf/92b0d962-f703-48cb-b727-9643375c2faf/l/felga-20x26-5-10%252F335%252F281%252Fet-100-jantsa.jpg,https://static.abstore.pl/img/grasdorf/dae392a7-6a31-4994-87c6-1e587ab37ca8/l/felga-20x26-5-10%252F335%252F281%252Fet-100-jantsa.jpg,https://static.abstore.pl/img/grasdorf/764bfdef-c19c-4350-9202-05e2542f67d5/l/felga-20x26-5-10%252F335%252F281%252Fet-100-jantsa.jpg;nowa;;;;;;;;;;2000265;20265j200834M;
7973;11203;;1248e880;Felga 12x48 8/275/221/regulowana E880;Masterfit Fendt;;3980.00;3980.00;4895.40;4895.40;23;23.00;PLN;Felgi;Molcon;;2.0000;;https://static.abstore.pl/img/grasdorf/9904e2af-1052-4a59-b08f-3b671efefa1b/l/felga-12x48-8%252F275%252F221%252Fregulowana-e880.jpg,https://static.abstore.pl/img/grasdorf/fc592d03-c5a0-4cc4-b3b4-2bf7b9203eeb/l/felga-12x48-8%252F275%252F221%252Fregulowana-e880.jpg,https://static.abstore.pl/img/grasdorf/590d6ca9-a915-4477-ad5d-91afab1cf0e3/l/felga-12x48-8%252F275%252F221%252Fregulowana-e880.jpg;nowa;;;;;;;;;;4812;1248e880;
7975;11207;;1834e888;Felga 18x34 12/425/371/ET-67 Grasdorf;E888 demo Fendt;;1900.00;1900.00;2337.00;2337.00;23;23.00;PLN;Felgi;Grasdorf;;2.0000;;https://static.abstore.pl/img/grasdorf/22727c58-6355-4b05-9c02-aaa1c6848d64/l/felga-18x34-12%252F425%252F371%252Fet-67-grasdorf.jpg,https://static.abstore.pl/img/grasdorf/340f4391-5238-43e1-b92d-2b3288c12856/l/felga-18x34-12%252F425%252F371%252Fet-67-grasdorf.jpg,https://static.abstore.pl/img/grasdorf/fe403dfc-da3e-46e1-b0b3-e2beee70a67c/l/felga-18x34-12%252F425%252F371%252Fet-67-grasdorf.jpg;demo;;;;;;;;;;3418;1834e888;
7977;11211;;1538e884;Felga 15x38 8/203,2/152,6/regulowana;E884 demo JD;;2660.00;2660.00;3271.80;3271.80;23;23.00;PLN;Felgi;;;2.0000;;https://static.abstore.pl/img/grasdorf/eeee5640-24b9-41e7-aa3c-e8b42d29e7ec/l/felga-15x38-8%252F203-2%252F152-6%252Fregulowana.jpg,https://static.abstore.pl/img/grasdorf/d5e8df7a-0628-42b3-8028-948f003fbba2/l/felga-15x38-8%252F203-2%252F152-6%252Fregulowana.jpg,https://static.abstore.pl/img/grasdorf/1dfa250d-c337-4db1-8c94-75b82f0fd127/l/felga-15x38-8%252F203-2%252F152-6%252Fregulowana.jpg;demo;;;;;;;;;;3815;1538e884;
7979;11214;;13155fs897;Felga 13x15.5 6/205/161/ET-15 Forlong;S897;;310.00;310.00;381.30;381.30;23;23.00;PLN;Felgi;Forlong;;1.0000;;https://static.abstore.pl/img/grasdorf/77e0d4ea-e35a-4af4-811d-eedfdc644b77/l/felga-13x15-5-6%252F205%252F161%252Fet-15-forlong.jpg,https://static.abstore.pl/img/grasdorf/d6d81966-a7c8-4e59-8600-cacdd0d36cb2/l/felga-13x15-5-6%252F205%252F161%252Fet-15-forlong.jpg,https://static.abstore.pl/img/grasdorf/f3b0253a-b49c-4952-9f25-059f9c91ff55/l/felga-13x15-5-6%252F205%252F161%252Fet-15-forlong.jpg;nowa;;;;;;;;;;1300155;13155fs897;
7981;11224;;2338e886;Felga 23x38 10/335/281/ET-50 E886;;;3750.00;3750.00;4612.50;4612.50;23;23.00;PLN;Felgi;LP;;2.0000;;https://static.abstore.pl/img/grasdorf/18a5a658-53c0-46ba-9e08-29020e7546fd/l/felga-23x38-10%252F335%252F281%252Fet-50-e886.jpg,https://static.abstore.pl/img/grasdorf/f34a7531-8124-4823-aec1-b6b030e849ab/l/felga-23x38-10%252F335%252F281%252Fet-50-e886.jpg,https://static.abstore.pl/img/grasdorf/c3b055fc-291f-4680-adf9-3b8a6270678b/l/felga-23x38-10%252F335%252F281%252Fet-50-e886.jpg;nowa;;;;;;;;;;3823;2338e886;
7983;11231;;1046e890;Felga 10x46 8/203,2/150,1/ET+90 MF E890;;;4140.00;4140.00;5092.20;5092.20;23;23.00;PLN;Felgi;LP;;2.0000;;;nowa;;;;;;;;;;4610;1046e890;
7984;11119;;1324j13701;Felga 13x24 8/275/221/ET0 Jantsa 13701;;;1260.00;1260.00;1549.80;1549.80;23;23.00;PLN;Felgi;Jantsa;;1.0000;;https://static.abstore.pl/img/grasdorf/91616344-96f5-410f-90f3-349dd816c53c/l/felga-13x24-8%252F275%252F221%252Fet0-jantsa-13701.jpg,https://static.abstore.pl/img/grasdorf/0b3f3491-692e-4ed1-ae93-fd9146f7a716/l/felga-13x24-8%252F275%252F221%252Fet0-jantsa-13701.jpg,https://static.abstore.pl/img/grasdorf/fec0c491-edf9-4fd6-beb7-dc8e894dd119/l/felga-13x24-8%252F275%252F221%252Fet0-jantsa-13701.jpg;używana;;;;;;;;;;2413;1324j13701;
7989;11237;;2030e896;Felga 20x30 12/425/371/regulowana E896;demo JD;;2280.00;2280.00;2804.40;2804.40;23;23.00;PLN;Felgi;;;2.0000;;https://static.abstore.pl/img/grasdorf/c79d0b57-9012-4c2d-96de-236b0ef0568b/l/felga-20x30-12%252F425%252F371%252Fregulowana-e896.jpg,https://static.abstore.pl/img/grasdorf/cf600c71-5c13-48cf-8cda-3dcd1636991b/l/felga-20x30-12%252F425%252F371%252Fregulowana-e896.jpg,https://static.abstore.pl/img/grasdorf/b81b0661-b24c-4e40-822f-8f6b55593cca/l/felga-20x30-12%252F425%252F371%252Fregulowana-e896.jpg;demo;;;;;;;;;;3020;2030e896;
7990;11238;;2338e898;Felga 23x38 12/814/764/ET-79 E898 demo;JD R&P;;3480.00;3480.00;4280.40;4280.40;23;23.00;PLN;Felgi;;;2.0000;;https://static.abstore.pl/img/grasdorf/5b29d58d-de0a-472a-a719-6920d26742ec/l/felga-23x38-12%252F814%252F764%252Fet-79-e898-demo.jpg,https://static.abstore.pl/img/grasdorf/2f3ca612-b5b9-49ab-b17e-a73def640ccd/l/felga-23x38-12%252F814%252F764%252Fet-79-e898-demo.jpg,https://static.abstore.pl/img/grasdorf/3c5c9496-4b3c-483a-8e5b-e902da0e57f8/l/felga-23x38-12%252F814%252F764%252Fet-79-e898-demo.jpg;demo;;;;;;;;;;3823;2338e898;
7995;11245;;1428e900;Felga 14x28 8/275/221/regulowana E900;demo MF;;2080.00;2080.00;2558.40;2558.40;23;23.00;PLN;Felgi;;;2.0000;;https://static.abstore.pl/img/grasdorf/08b4329a-f628-4ad5-a1f8-154c407ba6f3/l/felga-14x28-8%252F275%252F221%252Fregulowana-e900.jpg,https://static.abstore.pl/img/grasdorf/79091633-676c-45a3-bb68-5d8992566170/l/felga-14x28-8%252F275%252F221%252Fregulowana-e900.jpg,https://static.abstore.pl/img/grasdorf/5fa856fb-fa9b-404c-9648-8c8e7f3279d3/l/felga-14x28-8%252F275%252F221%252Fregulowana-e900.jpg;demo;;;;;;;;;;2814;1428e900;
8000;11250;;1530e904;Felga 15x30 10/335/281/regulowana E904;JD demo;;2100.00;2100.00;2583.00;2583.00;23;23.00;PLN;Felgi;;;2.0000;;https://static.abstore.pl/img/grasdorf/b78a2975-b1eb-465c-8734-9e0e43a35b07/l/felga-15x30-10%252F335%252F281%252Fregulowana-e904.jpg,https://static.abstore.pl/img/grasdorf/30f385e1-9f3f-449b-87b8-b04e984d581c/l/felga-15x30-10%252F335%252F281%252Fregulowana-e904.jpg,https://static.abstore.pl/img/grasdorf/204ab4b3-268c-48c4-8978-4d2efc99c0a2/l/felga-15x30-10%252F335%252F281%252Fregulowana-e904.jpg;demo;;;;;;;;;;3015;1530e904;
8010;11263;;1046e916;Felga 10x46 8/203,2/150,1/ET-116 MF E916;demo;;3940.00;3940.00;4846.20;4846.20;23;23.00;PLN;Felgi;LP;;2.0000;;;demo;;;;;;;;;;4610;1046e916;
8011;11287;;1046e918;Felga 10x46 8/275/221/ET+10 Grasdorf;E918 NH demo;;2900.00;2900.00;3567.00;3567.00;23;23.00;PLN;Felgi;Grasdorf;;2.0000;;https://static.abstore.pl/img/grasdorf/d7889465-0945-4de0-a1dd-fa0d527b96a4/l/felga-10x46-8%252F275%252F221%252Fet-10-grasdorf.jpg,https://static.abstore.pl/img/grasdorf/3ce16e52-e963-45f8-a20c-0a5d05505660/l/felga-10x46-8%252F275%252F221%252Fet-10-grasdorf.jpg,https://static.abstore.pl/img/grasdorf/c25b6755-b5e3-4031-9c7a-da151ab7a1ad/l/felga-10x46-8%252F275%252F221%252Fet-10-grasdorf.jpg;demo;;;;;;;;;;4610;1046e918;
8012;11288;;1634e920;Felga 16x34 12/425/371/ET+163 Grasdorf;E920 Fendt używana;;2500.00;2500.00;3075.00;3075.00;23;23.00;PLN;Felgi;Grasdorf;;2.0000;;https://static.abstore.pl/img/grasdorf/51759876-9bc1-44e8-9955-4f27e2523412/l/felga-16x34-12%252F425%252F371%252Fet-163-grasdorf.jpg,https://static.abstore.pl/img/grasdorf/cbdc2a14-0fe1-4b70-ac99-ce06dbe2d82c/l/felga-16x34-12%252F425%252F371%252Fet-163-grasdorf.jpg,https://static.abstore.pl/img/grasdorf/4e0adf7b-9586-4bec-9ea9-5dcaecee14d0/l/felga-16x34-12%252F425%252F371%252Fet-163-grasdorf.jpg;używana;;;;;;;;;;3416;1634e920;
8013;11276;;900153fs899;Felga 9x15.3 6/205/161/ET0 Forlong S899;;;180.00;180.00;221.40;221.40;23;23.00;PLN;Felgi;Forlong;;8.0000;;https://static.abstore.pl/img/grasdorf/05738537-b613-4b60-9455-9e3cfebe0c61/l/felga-9x15-3-6%252F205%252F161%252Fet0-forlong-s899.jpg,https://static.abstore.pl/img/grasdorf/ca39d225-f7b6-4bc8-bc91-303778f382c5/l/felga-9x15-3-6%252F205%252F161%252Fet0-forlong-s899.jpg,https://static.abstore.pl/img/grasdorf/c77ef5bb-74b8-4afa-8fb0-ac20bc3c20dd/l/felga-9x15-3-6%252F205%252F161%252Fet0-forlong-s899.jpg;nowa;;;;;;;;;;9153;900153fs899;
8014;11284;;28305m1130498318;Felga 28x30.5 10/335/281/ET-50 Moveero;1130498318;;2050.00;2050.00;2521.50;2521.50;23;23.00;PLN;Felgi;Moveero;;1.0000;;https://static.abstore.pl/img/grasdorf/a01bb723-7dcf-4b57-8463-e0bffcc8bc46/l/felga-28x30-5-10%252F335%252F281%252Fet-50-moveero.jpg,https://static.abstore.pl/img/grasdorf/d97ac97c-970d-47b9-b6ea-4d48cd5bff46/l/felga-28x30-5-10%252F335%252F281%252Fet-50-moveero.jpg,https://static.abstore.pl/img/grasdorf/5c17d0db-193e-48aa-aa52-fb51757ce01b/l/felga-28x30-5-10%252F335%252F281%252Fet-50-moveero.jpg;nowa;;;;;;;;;;2800305;28305m1130498318;
8017;11291;;śrMD+380;Śruba MD+ 380 mm;;;105.00;105.00;129.15;129.15;23;23.00;PLN;;Starco;;198.0000;;https://static.abstore.pl/img/grasdorf/51bc3202-14f2-4ccf-b337-b011fbf6f4ea/l/sruba-md-380-mm.jpg;;;;;;;;;;;001224;śrMD+380;
8020;11306;;1228e934;Felga 12x28 8/275/221/regulowana E934;demo JD;;1940.00;1940.00;2386.20;2386.20;23;23.00;PLN;Felgi;;;2.0000;;https://static.abstore.pl/img/grasdorf/14e4a8ea-fc27-4492-840a-95a41278592a/l/felga-12x28-8%252F275%252F221%252Fregulowana-e934.jpg,https://static.abstore.pl/img/grasdorf/84a5dc3a-75c8-4873-a62d-d03546413183/l/felga-12x28-8%252F275%252F221%252Fregulowana-e934.jpg,https://static.abstore.pl/img/grasdorf/e50f77d6-7256-4b74-993f-284212428158/l/felga-12x28-8%252F275%252F221%252Fregulowana-e934.jpg;demo;;;;;;;;;;2812;1228e934;
8021;11307;;1538e936;Felga 15x38 8/203,2/152,6/regulowana;E936 demo JD;;2660.00;2660.00;3271.80;3271.80;23;23.00;PLN;Felgi;;;2.0000;;https://static.abstore.pl/img/grasdorf/bf52c98e-7a59-463f-b153-14f4c4ba5279/l/felga-15x38-8%252F203-2%252F152-6%252Fregulowana.jpg,https://static.abstore.pl/img/grasdorf/b813446f-775f-44f1-9510-5d2f60b06b19/l/felga-15x38-8%252F203-2%252F152-6%252Fregulowana.jpg,https://static.abstore.pl/img/grasdorf/c8e5f33c-7aef-4e63-a4f7-f1d0eb50eb8b/l/felga-15x38-8%252F203-2%252F152-6%252Fregulowana.jpg;demo;;;;;;;;;;3815;1538e936;
8023;11308;;1038e940;Felga 10x38 10/335/281/ET+135 E940;Grasdorf JD;;3480.00;3480.00;4280.40;4280.40;23;23.00;PLN;Felgi;Grasdorf;;2.0000;;https://static.abstore.pl/img/grasdorf/349a0003-9c26-465f-95b2-1142b7c6e095/l/felga-10x38-10%252F335%252F281%252Fet-135-e940.jpg,https://static.abstore.pl/img/grasdorf/f5aaa9d2-e4c5-4f08-a67b-b434bc997540/l/felga-10x38-10%252F335%252F281%252Fet-135-e940.jpg,https://static.abstore.pl/img/grasdorf/aa6abcca-bc00-4080-a7ab-626c45179415/l/felga-10x38-10%252F335%252F281%252Fet-135-e940.jpg;nowa;;;;;;;;;;3810;1038e940;
8024;11310;;712fadK12S007;Felga 7x12 5/140/94/ET0 FAD K12S007;;;150.00;150.00;184.50;184.50;23;23.00;PLN;Felgi;FAD;;1.0000;;https://static.abstore.pl/img/grasdorf/b073b380-ac67-4060-8f3e-f31f01b20632/l/felga-7x12-5%252F140%252F94%252Fet0-fad-k12s007.jpg,https://static.abstore.pl/img/grasdorf/2bc1d089-00f9-49c8-ae37-90fd51168b54/l/felga-7x12-5%252F140%252F94%252Fet0-fad-k12s007.jpg,https://static.abstore.pl/img/grasdorf/a1f99665-6ea5-40e3-badb-704e3a16b3d8/l/felga-7x12-5%252F140%252F94%252Fet0-fad-k12s007.jpg;nowa;;;;;;;;;;70012;712fadK12S007;
8025;11313;;1224e942;Felga 12x24 6/285/250/regulowana E942;demo NH;;1720.00;1720.00;2115.60;2115.60;23;23.00;PLN;Felgi;;;2.0000;;https://static.abstore.pl/img/grasdorf/bbb9668a-7514-435b-b880-6783c10f0ce3/l/felga-12x24-6%252F285%252F250%252Fregulowana-e942.jpg,https://static.abstore.pl/img/grasdorf/6708fe9a-94e0-4f03-98eb-1e0b3a8821ec/l/felga-12x24-6%252F285%252F250%252Fregulowana-e942.jpg,https://static.abstore.pl/img/grasdorf/e376566c-a36c-40ec-9af3-62e239955963/l/felga-12x24-6%252F285%252F250%252Fregulowana-e942.jpg;demo;;;;;;;;;;2412;1224e942;
8026;11314;;1534e944;Felga 15x34 8/203,2/150,1/regulowana;E944 demo NH;;2520.00;2520.00;3099.60;3099.60;23;23.00;PLN;Felgi;;;2.0000;;https://static.abstore.pl/img/grasdorf/44b7b25a-96ad-4c7c-a5ce-f387c73780b5/l/felga-15x34-8%252F203-2%252F150-1%252Fregulowana.jpg,https://static.abstore.pl/img/grasdorf/aa521726-aa43-4c80-9c2d-a7f6085bf9ea/l/felga-15x34-8%252F203-2%252F150-1%252Fregulowana.jpg,https://static.abstore.pl/img/grasdorf/d9c31237-4156-467d-ae6c-db82a29956c9/l/felga-15x34-8%252F203-2%252F150-1%252Fregulowana.jpg;demo;;;;;;;;;;3415;1534e944;
8027;11315;;1136e948;Felga 11x36 8/203,2/152,6/ET-19 E948;Kubota M4 rozstaw 1400;;3240.00;3240.00;3985.20;3985.20;23;23.00;PLN;Felgi;LP;;2.0000;;;nowa;;;;;;;;;;3611;1136e948;
8029;11318;;1024e950;Felga 10x24 8/275/221/regulowana E950;demo JD;;1280.00;1280.00;1574.40;1574.40;23;23.00;PLN;Felgi;;;2.0000;;;demo;;;;;;;;;;2410;1024e950;
8030;11319;;1530e952;Felga 15x30 8/203,2/152,6/regulowana;E952 demo JD;;1210.00;1210.00;1488.30;1488.30;23;23.00;PLN;Felgi;;;2.0000;;;demo;;;;;;;;;;3015;1530e952;
8031;11320;;3809046avfdemo;Opona VF380/90R46 Alliance Agriflex 354+;demo dot21 173D TL (14.9R46);;4800.00;3790.00;5904.00;4661.70;23;23.00;PLN;Opony/Opony rolnicze i przemysłowe/Opony Alliance;Alliance;;2.0000;;https://static.abstore.pl/img/grasdorf/4ae4e0ae-aa49-49fd-bced-50b3d44b8f8d/l/opona-vf380%252F90r46-alliance-agriflex-354-.jpg,https://static.abstore.pl/img/grasdorf/508a4a81-b412-428f-948b-4f0573ff9d45/l/opona-vf380%252F90r46-alliance-agriflex-354-.jpg,https://static.abstore.pl/img/grasdorf/a39cb3ec-f65a-4dbe-8d8e-225ec00f4444/l/opona-vf380%252F90r46-alliance-agriflex-354-.jpg,https://static.abstore.pl/img/grasdorf/c02000e6-1fae-42a8-9a5f-6f7d64ee074f/l/opona-vf380%252F90r46-alliance-agriflex-354-.jpg,https://static.abstore.pl/img/grasdorf/98b52d86-60af-4268-bec8-6b55f2c73c27/l/opona-vf380%252F90r46-alliance-agriflex-354-.jpg,https://static.abstore.pl/img/grasdorf/42c33b74-0719-4e59-b4b9-251a365e980c/l/opona-vf380%252F90r46-alliance-agriflex-354-.jpg,https://static.abstore.pl/img/grasdorf/cb25ef9b-918f-47f3-9f7f-290d147aaade/l/opona-vf380%252F90r46-alliance-agriflex-354-.jpg;pokazowa (DOT 2021);;Radialna;Bezdętkowa (TL);173D (6500 kg przy 65 km/h);;Opona rolnicza;;;;14946;3809046avfdemo;
8033;11329;;2330e956;Felga 23x30 10/335/281/ET-137 E956 demo;Fendt;;2270.00;2270.00;2792.10;2792.10;23;23.00;PLN;Felgi;;;2.0000;;https://static.abstore.pl/img/grasdorf/0e5502ad-62c2-4668-ba32-65cc9ffdf44b/l/felga-23x30-10%252F335%252F281%252Fet-137-e956-demo.jpg,https://static.abstore.pl/img/grasdorf/8b3129a4-2bac-49dc-adef-4fcb13bffdcc/l/felga-23x30-10%252F335%252F281%252Fet-137-e956-demo.jpg,https://static.abstore.pl/img/grasdorf/b46346d0-9f41-4371-a92c-dc3a9f636334/l/felga-23x30-10%252F335%252F281%252Fet-137-e956-demo.jpg;demo;;;;;;;;;;3023;2330e956;
8034;11330;;2738e958;Felga 27x38 10/335/281/ET-153 E958 Fendt;demo;;4040.00;4040.00;4969.20;4969.20;23;23.00;PLN;Felgi;;;2.0000;;https://static.abstore.pl/img/grasdorf/76545ef6-c321-4810-81b6-956bf0f848d0/l/felga-27x38-10%252F335%252F281%252Fet-153-e958-fendt.jpg,https://static.abstore.pl/img/grasdorf/9a67278f-dd23-4af3-af49-7a84bd5b7313/l/felga-27x38-10%252F335%252F281%252Fet-153-e958-fendt.jpg,https://static.abstore.pl/img/grasdorf/23a02edc-6e5a-4cae-8b9f-70f7af59082e/l/felga-27x38-10%252F335%252F281%252Fet-153-e958-fendt.jpg;demo;;;;;;;;;;3827;2738e958;
8035;11333;;1346e960;Felga 13x46 8/275/221/ET+50 E960 Hardi;demo 1046435367;;3150.00;3150.00;3874.50;3874.50;23;23.00;PLN;Felgi;Moveero;;2.0000;;https://static.abstore.pl/img/grasdorf/ca7230ec-1151-4e55-ad56-f2e546417615/l/felga-13x46-8%252F275%252F221%252Fet-50-e960-hardi.jpg,https://static.abstore.pl/img/grasdorf/a72bf3c6-877e-4c54-8b76-a33addccf1e5/l/felga-13x46-8%252F275%252F221%252Fet-50-e960-hardi.jpg,https://static.abstore.pl/img/grasdorf/cec01e41-30be-438b-b2b8-55273cd67c22/l/felga-13x46-8%252F275%252F221%252Fet-50-e960-hardi.jpg;demo;;;;;;;;;;4613;1346e960;
8037;11339;;2542e966;Felga 25x42 10/335/281/ET+40 E966 demo;JD AL230218;;3540.00;3540.00;4354.20;4354.20;23;23.00;PLN;Felgi;Moveero;;2.0000;;https://static.abstore.pl/img/grasdorf/d4589382-bf5d-451c-83c7-22404d584c48/l/felga-25x42-10%252F335%252F281%252Fet-40-e966-demo.jpg,https://static.abstore.pl/img/grasdorf/4952851e-4922-4fdb-8fee-79450e9f243d/l/felga-25x42-10%252F335%252F281%252Fet-40-e966-demo.jpg,https://static.abstore.pl/img/grasdorf/677785b9-86fe-4ee1-bddb-0e6ca44ea17f/l/felga-25x42-10%252F335%252F281%252Fet-40-e966-demo.jpg;demo;;;;;;;;;;4225;2542e966;
8041;11348;;3009546bktdemo;Opona 300/95R46 BKT Agrimax RT 955 demo;148A8/148B TL (12.4R46);;2380.00;2070.00;2927.40;2546.10;23;23.00;PLN;Opony/Opony rolnicze i przemysłowe/Opony BKT;BKT;;2.0000;;https://static.abstore.pl/img/grasdorf/2efd7688-cc34-4a5e-9d21-0907333b4c0e/l/opona-300%252F95r46-bkt-agrimax-rt-955-demo.jpg,https://static.abstore.pl/img/grasdorf/ccb4d1cb-e6a6-43ac-a8dc-131466cea252/l/opona-300%252F95r46-bkt-agrimax-rt-955-demo.jpg,https://static.abstore.pl/img/grasdorf/cb1f30cd-a564-452d-854e-682c3ffdcd82/l/opona-300%252F95r46-bkt-agrimax-rt-955-demo.jpg,https://static.abstore.pl/img/grasdorf/9d845f5b-a295-496e-8f62-3c059b8940e7/l/opona-300%252F95r46-bkt-agrimax-rt-955-demo.jpg,https://static.abstore.pl/img/grasdorf/ef3ad8c2-18c6-4c3d-a331-1e71e1e613f6/l/opona-300%252F95r46-bkt-agrimax-rt-955-demo.jpg,https://static.abstore.pl/img/grasdorf/f1cb234b-44d5-41c0-9df2-367bcab7b381/l/opona-300%252F95r46-bkt-agrimax-rt-955-demo.jpg;pokazowa;;Radialna;Bezdętkowa (TL);148A8/148B (3150 kg przy 40 km/h);;Opona rolnicza;12.4 (320/85, 300/95, 320/90);;;12446;3009546bktdemo;
8043;11359;;2342e972;Felga 23x42 10/335/281/ET-60 E972 Fendt;demo;;3830.00;3830.00;4710.90;4710.90;23;23.00;PLN;Felgi;Grasdorf;;2.0000;;https://static.abstore.pl/img/grasdorf/efea4197-cfbf-4985-bbb7-5b45459740ce/l/felga-23x42-10%252F335%252F281%252Fet-60-e972-fendt.jpg,https://static.abstore.pl/img/grasdorf/4ae378a9-a900-4aa7-b2cd-7cae11d49805/l/felga-23x42-10%252F335%252F281%252Fet-60-e972-fendt.jpg,https://static.abstore.pl/img/grasdorf/8c6029f1-8a92-446d-bae5-3da00643ea96/l/felga-23x42-10%252F335%252F281%252Fet-60-e972-fendt.jpg;demo;;;;;;;;;;4223;2342e972;
8046;11366;;1224e974;Felga 12x24 8/275/221/ET+15 E974 demo;Claas;;1720.00;1720.00;2115.60;2115.60;23;23.00;PLN;Felgi;Titan;;2.0000;;https://static.abstore.pl/img/grasdorf/63734627-e152-4d63-a781-37a2ac381ecb/l/felga-12x24-8%252F275%252F221%252Fet-15-e974-demo.jpg,https://static.abstore.pl/img/grasdorf/999ec748-eee2-4210-968e-44fe46195f32/l/felga-12x24-8%252F275%252F221%252Fet-15-e974-demo.jpg,https://static.abstore.pl/img/grasdorf/c5bf448b-23d7-49f1-8d8a-c4c3c7a80c57/l/felga-12x24-8%252F275%252F221%252Fet-15-e974-demo.jpg;demo;;;;;;;;;;2412;1224e974;
8048;11370;;16225srwN221641;Felga 16x22.5 8/275/221/ET0 SRW N221641;;;560.00;560.00;688.80;688.80;23;23.00;PLN;Felgi;SRW;;4.0000;;https://static.abstore.pl/img/grasdorf/1b293b4b-1342-4139-8724-8c79809c28cf/l/felga-16x22-5-8%252F275%252F221%252Fet0-srw-n221641.jpg,https://static.abstore.pl/img/grasdorf/8d6e1abd-af82-42fc-ba94-4854042cf08b/l/felga-16x22-5-8%252F275%252F221%252Fet0-srw-n221641.jpg,https://static.abstore.pl/img/grasdorf/d57914bb-fcc5-400b-8e08-1adf45439b95/l/felga-16x22-5-8%252F275%252F221%252Fet0-srw-n221641.jpg;nowa;;;;;;;;;;1600225;16225srwN221641;
8054;11377;;1834e976;Felga 18x34 12/425/371/ET-17 Grasdorf;E976 demo Fendt;;1900.00;1900.00;2337.00;2337.00;23;23.00;PLN;Felgi;Grasdorf;;2.0000;;https://static.abstore.pl/img/grasdorf/12494632-18f9-46cd-92c1-f96ace1927eb/l/felga-18x34-12%252F425%252F371%252Fet-17-grasdorf.jpg,https://static.abstore.pl/img/grasdorf/2bf80c0d-0888-4c3c-8057-3c589e4ecf71/l/felga-18x34-12%252F425%252F371%252Fet-17-grasdorf.jpg,https://static.abstore.pl/img/grasdorf/095df485-b859-42b5-b61a-a47fecdfbfda/l/felga-18x34-12%252F425%252F371%252Fet-17-grasdorf.jpg;demo;;;;;;;;;;3418;1834e976;
8055;11383;;732e980;Felga 7x32 6/285/250/ET+117 NDI E980;;;2100.00;2100.00;2583.00;2583.00;23;23.00;PLN;Felgi;Ndi;;2.0000;;https://static.abstore.pl/img/grasdorf/e87ec65f-5d40-44eb-9efe-1d7e018a8d4d/l/felga-7x32-6%252F285%252F250%252Fet-117-ndi-e980.jpg,https://static.abstore.pl/img/grasdorf/c138293f-8f45-4bac-873f-da21f97e79de/l/felga-7x32-6%252F285%252F250%252Fet-117-ndi-e980.jpg,https://static.abstore.pl/img/grasdorf/7df8eaf7-5f83-40e1-bf70-c66e20251fe9/l/felga-7x32-6%252F285%252F250%252Fet-117-ndi-e980.jpg;nowa;;;;;;;;;;327;732e980;
8056;11384;;1042e982;Felga 10x42 8/203,2/152,6/ET+126 NDI;E982;;2870.00;2870.00;3530.10;3530.10;23;23.00;PLN;Felgi;NDI;;2.0000;;https://static.abstore.pl/img/grasdorf/4bb41338-a8b9-41dc-9feb-c07eeb085e73/l/felga-10x42-8%252F203-2%252F152-6%252Fet-126-ndi.jpg,https://static.abstore.pl/img/grasdorf/5c204268-0980-4e33-b3bf-055251b05759/l/felga-10x42-8%252F203-2%252F152-6%252Fet-126-ndi.jpg,https://static.abstore.pl/img/grasdorf/5600fdc6-ae55-4731-91b1-b82890cf5720/l/felga-10x42-8%252F203-2%252F152-6%252Fet-126-ndi.jpg;nowa;;;;;;;;;;4210;1042e982;
8057;11388;;1638e986;Felga 16x38 8/275/221/ET-293 Grasdorf;E986 JD;;4520.00;4520.00;5559.60;5559.60;23;23.00;PLN;Felgi;Grasdorf;;2.0000;;https://static.abstore.pl/img/grasdorf/1ab5cc8b-cf4f-4e15-add3-037ffbbdbad7/l/felga-16x38-8%252F275%252F221%252Fet-293-grasdorf.jpg,https://static.abstore.pl/img/grasdorf/7885542b-33c7-4231-94be-cd54a0bb1a47/l/felga-16x38-8%252F275%252F221%252Fet-293-grasdorf.jpg,https://static.abstore.pl/img/grasdorf/97b342c7-83a7-4025-a37e-166a27109a8f/l/felga-16x38-8%252F275%252F221%252Fet-293-grasdorf.jpg;nowa;;;;;;;;;;3816;1638e986;
8058;11391;;1248e988;Felga 12x48 8/203,2/150,1/ET-238 NDI;E988 MF;;4870.00;4870.00;5990.10;5990.10;23;23.00;PLN;Felgi;NDI;;2.0000;;https://static.abstore.pl/img/grasdorf/e34e69bc-c251-4746-85bf-d4d7e4208a79/l/felga-12x48-8%252F203-2%252F150-1%252Fet-238-ndi.jpg,https://static.abstore.pl/img/grasdorf/56a32249-3f84-4790-a09d-3a8a8418fd01/l/felga-12x48-8%252F203-2%252F150-1%252Fet-238-ndi.jpg,https://static.abstore.pl/img/grasdorf/c37259df-1604-4e32-b3fd-3b4ff4f22ef8/l/felga-12x48-8%252F203-2%252F150-1%252Fet-238-ndi.jpg;nowa;;;;;;;;;;4812;1248e988;
8059;11392;;1046e990;Felga 10x46 8/275/221/ET+135 E990 NDI NH;;;4140.00;4140.00;5092.20;5092.20;23;23.00;PLN;Felgi;NDI;;2.0000;;;nowa;;;;;;;;;;4610;1046e990;
8063;11404;;1318j13183;Felga 13x18 6/205/161/ET0 Jantsa 13183;;;690.00;690.00;848.70;848.70;23;23.00;PLN;Felgi;Jantsa;;2.0000;;https://static.abstore.pl/img/grasdorf/aa7f9a9a-5f1e-4a2c-8f58-7059a24103d8/l/felga-13x18-6%252F205%252F161%252Fet0-jantsa-13183.jpg,https://static.abstore.pl/img/grasdorf/fe7ab86a-2731-4656-ad34-9989ca081d37/l/felga-13x18-6%252F205%252F161%252Fet0-jantsa-13183.jpg,https://static.abstore.pl/img/grasdorf/1f9e1953-207b-48fe-a68c-dc961d3f2349/l/felga-13x18-6%252F205%252F161%252Fet0-jantsa-13183.jpg;nowa;;;;;;;;;;130018;1318j13183;
8066;11414;;2842f1;Felga 28x42 10/335/281/ET-90 Moveero;1042884349 F1 Fendt demo;;4330.00;4330.00;5325.90;5325.90;23;23.00;PLN;Felgi;Moveero;;2.0000;;https://static.abstore.pl/img/grasdorf/46c9d4aa-970b-4b11-91c9-794de7996888/l/felga-28x42-10%252F335%252F281%252Fet-90-moveero.jpg,https://static.abstore.pl/img/grasdorf/9c1d394f-8779-480c-81cc-e6d4ff800341/l/felga-28x42-10%252F335%252F281%252Fet-90-moveero.jpg,https://static.abstore.pl/img/grasdorf/be90eaab-ca38-4e4c-a975-8cc253f26aa8/l/felga-28x42-10%252F335%252F281%252Fet-90-moveero.jpg;demo;;;;;;;;;;4228;2842f1;
8067;11418;;1238f3;Felga 12x38 10/335/281/ET-179 Grasdorf;F3 MF;;2340.00;2340.00;2878.20;2878.20;23;23.00;PLN;Felgi;Grasdorf;;2.0000;;https://static.abstore.pl/img/grasdorf/7b2d0540-6c42-4f22-94c0-5fed98c4d52b/l/felga-12x38-10%252F335%252F281%252Fet-179-grasdorf.jpg,https://static.abstore.pl/img/grasdorf/afbbe401-e694-4cea-9011-101e870cf412/l/felga-12x38-10%252F335%252F281%252Fet-179-grasdorf.jpg,https://static.abstore.pl/img/grasdorf/75d0bb8f-b675-40ab-8b47-7cb88a7ec711/l/felga-12x38-10%252F335%252F281%252Fet-179-grasdorf.jpg;nowa;;;;;;;;;;3812;1238f3;
8068;11420;;1254f5;Felga 12x54 8/275/221/ET-205 Grasdorf F5;MF;;4540.00;4540.00;5584.20;5584.20;23;23.00;PLN;Felgi;Grasdorf;;2.0000;;https://static.abstore.pl/img/grasdorf/8e464a94-47d1-4eed-b03c-5035d0441197/l/felga-12x54-8%252F275%252F221%252Fet-205-grasdorf-f5.jpg,https://static.abstore.pl/img/grasdorf/4fe1fb85-e3df-4131-a542-eaa5cf5169c8/l/felga-12x54-8%252F275%252F221%252Fet-205-grasdorf-f5.jpg,https://static.abstore.pl/img/grasdorf/1573c5ad-c2f2-4382-b394-a1163d1d33a4/l/felga-12x54-8%252F275%252F221%252Fet-205-grasdorf-f5.jpg;nowa;;;;;;;;;;5412;1254f5;
8071;11426;;1238f9;Felga 12x38 8/275/221/ET+1 NDI F9 Steyr;;;2840.00;2840.00;3493.20;3493.20;23;23.00;PLN;Felgi;NDI;;2.0000;;https://static.abstore.pl/img/grasdorf/af127821-3be9-44b9-b6aa-7a9973f0539c/l/felga-12x38-8%252F275%252F221%252Fet-1-ndi-f9-steyr.jpg,https://static.abstore.pl/img/grasdorf/9256c6c6-2e09-4287-bbff-397918e89972/l/felga-12x38-8%252F275%252F221%252Fet-1-ndi-f9-steyr.jpg,https://static.abstore.pl/img/grasdorf/71355cc6-235c-4103-8645-3981567b2db1/l/felga-12x38-8%252F275%252F221%252Fet-1-ndi-f9-steyr.jpg;nowa;;;;;;;;;;3812;1238f9;
8072;11431;;1330f11;Felga 13x30 10/335/281/ET-190 Grasdorf;F11 Fendt po naprawie;;2280.00;2280.00;2804.40;2804.40;23;23.00;PLN;Felgi;Grasdorf;;2.0000;;https://static.abstore.pl/img/grasdorf/a7911a1a-81b9-4768-8a7e-3fedad8c7cbf/l/felga-13x30-10%252F335%252F281%252Fet-190-grasdorf.jpg,https://static.abstore.pl/img/grasdorf/ac19ac14-fc3b-451b-98de-c3506c7ce110/l/felga-13x30-10%252F335%252F281%252Fet-190-grasdorf.jpg,https://static.abstore.pl/img/grasdorf/f7ad2ded-398f-4767-bbad-73d9e0af0ac5/l/felga-13x30-10%252F335%252F281%252Fet-190-grasdorf.jpg;nowa;;;;;;;;;;3013;1330f11;
8073;11432;;7107042ademo;Opona 710/70R42 Alliance AGRISTAR II 70;demo 173D TL;;6870.00;5830.00;8450.10;7170.90;23;23.00;PLN;Opony/Opony rolnicze i przemysłowe/Opony Alliance;Alliance;;2.0000;;https://static.abstore.pl/img/grasdorf/8ea86cce-10ad-44b2-be8e-fcc6ea25f76d/l/opona-710%252F70r42-alliance-agristar-ii-70.jpg,https://static.abstore.pl/img/grasdorf/fe3c04ca-a78e-4f9a-8787-5e8f9b411efc/l/opona-710%252F70r42-alliance-agristar-ii-70.jpg,https://static.abstore.pl/img/grasdorf/d3eec7d6-91a5-4944-8d95-3766289ee375/l/opona-710%252F70r42-alliance-agristar-ii-70.jpg,https://static.abstore.pl/img/grasdorf/1c69e647-d973-497f-a845-81516d06fbac/l/opona-710%252F70r42-alliance-agristar-ii-70.jpg,https://static.abstore.pl/img/grasdorf/70cf910f-247f-4da4-adee-f1e25c0cf2b1/l/opona-710%252F70r42-alliance-agristar-ii-70.jpg;pokazowa;;Radialna;Bezdętkowa (TL);173D (6500 kg przy 65 km/h);;Opona rolnicza;710/70;;;004106;7107042ademo;
8074;11439;;3807024tvsdemo;Opona 380/70R24 TVS Eurogrip AR700 demo;125D TL;;1050.00;1050.00;1291.50;1291.50;23;23.00;PLN;Opony/Opony rolnicze i przemysłowe/Pozostałe;TVS;;2.0000;;https://static.abstore.pl/img/grasdorf/5997c5e1-e9a6-496e-ba6c-8252d5f6f60d/l/opona-380%252F70r24-tvs-eurogrip-ar700-demo.jpg,https://static.abstore.pl/img/grasdorf/44203589-f989-44fa-ad0f-f1fcda840ddd/l/opona-380%252F70r24-tvs-eurogrip-ar700-demo.jpg,https://static.abstore.pl/img/grasdorf/c95ce49b-9f2c-48e4-acc2-a96b1bd8d60e/l/opona-380%252F70r24-tvs-eurogrip-ar700-demo.jpg,https://static.abstore.pl/img/grasdorf/53f93ea9-4aa2-44e5-b10d-acb347e25432/l/opona-380%252F70r24-tvs-eurogrip-ar700-demo.jpg,https://static.abstore.pl/img/grasdorf/c2e57675-efd8-4599-bafc-583159d8b51a/l/opona-380%252F70r24-tvs-eurogrip-ar700-demo.jpg,https://static.abstore.pl/img/grasdorf/bd3c25ba-ccf1-46a4-b862-f0a5cf944e97/l/opona-380%252F70r24-tvs-eurogrip-ar700-demo.jpg;pokazowa;;Radialna;Bezdętkowa (TL);125D (1650 kg przy 65 km/h);;Opona rolnicza;380/70;;;004108;3807024tvsdemo;
8075;11440;;4807034tvsdemo;Opona 480/70R34 TVS Eurogrip AR700 demo;143D TL;;1970.00;1970.00;2423.10;2423.10;23;23.00;PLN;Opony/Opony rolnicze i przemysłowe/Pozostałe;TVS;;2.0000;;https://static.abstore.pl/img/grasdorf/314757c7-e455-4235-9da1-f095b53aac5e/l/opona-480%252F70r34-tvs-eurogrip-ar700-demo.jpg,https://static.abstore.pl/img/grasdorf/69b49bb7-acb0-4bf0-9e39-387d6db3ff94/l/opona-480%252F70r34-tvs-eurogrip-ar700-demo.jpg,https://static.abstore.pl/img/grasdorf/a4eed60a-a7c5-44e7-ace9-0dc8e899327a/l/opona-480%252F70r34-tvs-eurogrip-ar700-demo.jpg,https://static.abstore.pl/img/grasdorf/8b89b9e7-32a3-4154-9773-313169c45e8f/l/opona-480%252F70r34-tvs-eurogrip-ar700-demo.jpg,https://static.abstore.pl/img/grasdorf/418d23f9-d370-45e6-bff9-0096c6954edd/l/opona-480%252F70r34-tvs-eurogrip-ar700-demo.jpg,https://static.abstore.pl/img/grasdorf/ea5e45b5-c21a-4ea7-abb0-57ebb11cf5a1/l/opona-480%252F70r34-tvs-eurogrip-ar700-demo.jpg;pokazowa;;Radialna;Bezdętkowa (TL);143D (2725 kg przy 65 km/h);;Opona rolnicza;480/70;;;004109;4807034tvsdemo;
8080;11455;;3009546ceatdemo;Opona 300/95R46 Ceat FARMAX RC demo;148D/151A8 TL;;1920.00;1640.00;2361.60;2017.20;23;23.00;PLN;Opony/Opony rolnicze i przemysłowe/Pozostałe;Ceat;;2.0000;;https://static.abstore.pl/img/grasdorf/b043ce8a-7150-4044-b204-797aaade035b/l/opona-300%252F95r46-ceat-farmax-rc-demo.jpg,https://static.abstore.pl/img/grasdorf/928995d6-974e-4839-9110-49367fa6c9ec/l/opona-300%252F95r46-ceat-farmax-rc-demo.jpg,https://static.abstore.pl/img/grasdorf/03c180d8-2981-4caf-a93a-4e07daf63c53/l/opona-300%252F95r46-ceat-farmax-rc-demo.jpg,https://static.abstore.pl/img/grasdorf/0cec1c3f-4cf7-4139-a8c6-0e18853b730a/l/opona-300%252F95r46-ceat-farmax-rc-demo.jpg,https://static.abstore.pl/img/grasdorf/fed4b914-7c36-4e33-b109-2f7684f6730a/l/opona-300%252F95r46-ceat-farmax-rc-demo.jpg,https://static.abstore.pl/img/grasdorf/0a4b0263-1168-4a4b-bedc-8607d79506c5/l/opona-300%252F95r46-ceat-farmax-rc-demo.jpg,https://static.abstore.pl/img/grasdorf/7d22fd41-753f-4826-b41a-b61dd6752c33/l/opona-300%252F95r46-ceat-farmax-rc-demo.jpg,https://static.abstore.pl/img/grasdorf/c5c78974-6cb8-46ea-8302-38bd756f4245/l/opona-300%252F95r46-ceat-farmax-rc-demo.jpg,https://static.abstore.pl/img/grasdorf/4bc04d4c-80c1-46dd-abc7-034c283c05ef/l/opona-300%252F95r46-ceat-farmax-rc-demo.jpg,https://static.abstore.pl/img/grasdorf/bd3eec1a-8ce4-42c4-91bb-7065cd841a5b/l/opona-300%252F95r46-ceat-farmax-rc-demo.jpg;pokazowa;;Radialna;Bezdętkowa (TL);148D/151A8 (3150 kg przy 65 km/h);;Opona rolnicza;12.4 (320/85, 300/95, 320/90);;;12446ceat;3009546ceatdemo;
8081;11457;;832f13;Felga 8x32 8/275/221/ET0 Grasdorf F13;czarne demo;;2330.00;2330.00;2865.90;2865.90;23;23.00;PLN;Felgi;Grasdorf;;2.0000;;https://static.abstore.pl/img/grasdorf/72131c72-b6c4-4368-b3be-526adacbb31f/l/felga-8x32-8%252F275%252F221%252Fet0-grasdorf-f13.jpg,https://static.abstore.pl/img/grasdorf/6270088f-cfd7-4f2d-88c0-0f647fd0a7fb/l/felga-8x32-8%252F275%252F221%252Fet0-grasdorf-f13.jpg,https://static.abstore.pl/img/grasdorf/23fb48b8-4460-468e-b86e-e2ee4061b18d/l/felga-8x32-8%252F275%252F221%252Fet0-grasdorf-f13.jpg;demo;;;;;;;;;;328;832f13;
8083;11465;;1228f15;Felga 12x28 8/275/221/ET-285 NDI F15 JD;;;3330.00;3330.00;4095.90;4095.90;23;23.00;PLN;Felgi;NDI;;2.0000;;https://static.abstore.pl/img/grasdorf/bdda5ad3-f469-47f0-967f-854d8084df17/l/felga-12x28-8%252F275%252F221%252Fet-285-ndi-f15-jd.jpg,https://static.abstore.pl/img/grasdorf/2a5e3c79-3b07-45bf-b2f1-29e73dfae311/l/felga-12x28-8%252F275%252F221%252Fet-285-ndi-f15-jd.jpg,https://static.abstore.pl/img/grasdorf/91653b24-f576-4986-9ed6-e77fe11ddab4/l/felga-12x28-8%252F275%252F221%252Fet-285-ndi-f15-jd.jpg;nowa;;;;;;;;;;2812;1228f15;
8084;11466;;1638f17;Felga 16x38 8/203,2/152,6/ET-349 NDI F17;JD;;4890.00;4890.00;6014.70;6014.70;23;23.00;PLN;Felgi;NDI;;2.0000;;https://static.abstore.pl/img/grasdorf/7687244f-75d8-4d1e-a5e2-b6425c0a9f97/l/felga-16x38-8%252F203-2%252F152-6%252Fet-349-ndi-f17.jpg,https://static.abstore.pl/img/grasdorf/6a3f67b1-1047-4deb-b6e3-31dfb7c0ccb5/l/felga-16x38-8%252F203-2%252F152-6%252Fet-349-ndi-f17.jpg,https://static.abstore.pl/img/grasdorf/bcb04f96-c062-44df-be40-fb81c9a74873/l/felga-16x38-8%252F203-2%252F152-6%252Fet-349-ndi-f17.jpg;nowa;;;;;;;;;;3816;1638f17;
8085;11475;;1032f23;Felga 10x32 8/330/290,5/ET+45 Grasdorf;F23 NH używana;;2100.00;2100.00;2583.00;2583.00;23;23.00;PLN;Felgi;Grasdorf;;2.0000;;https://static.abstore.pl/img/grasdorf/d94991da-2ea6-4692-8085-1e5406a56b2e/l/felga-10x32-8%252F330%252F290-5%252Fet-45-grasdorf.jpg,https://static.abstore.pl/img/grasdorf/2cb4eba1-a5a5-4edb-8168-c1e519620ede/l/felga-10x32-8%252F330%252F290-5%252Fet-45-grasdorf.jpg,https://static.abstore.pl/img/grasdorf/561a664a-5da5-464b-9baa-3d2c0fb7f4e2/l/felga-10x32-8%252F330%252F290-5%252Fet-45-grasdorf.jpg;używana;;;;;;;;;;3210;1032f23;
8086;11476;;1042f21;Felga 10x42 8/203,2/150,5/ET+35 Grasdorf;F21 NH używana;;2870.00;2870.00;3530.10;3530.10;23;23.00;PLN;Felgi;Grasdorf;;2.0000;;https://static.abstore.pl/img/grasdorf/7d9d7aa7-a183-48b8-9cb6-e68672e4da97/l/felga-10x42-8%252F203-2%252F150-5%252Fet-35-grasdorf.jpg,https://static.abstore.pl/img/grasdorf/472683b3-e25a-4f51-8079-fa23d8c6eda0/l/felga-10x42-8%252F203-2%252F150-5%252Fet-35-grasdorf.jpg,https://static.abstore.pl/img/grasdorf/561082cc-596c-4dd5-87f8-90c056423fab/l/felga-10x42-8%252F203-2%252F150-5%252Fet-35-grasdorf.jpg;używana;;;;;;;;;;4210;1042f21;
8087;11477;;2708032mt76%a25;Opona 270/80R32 Mitas AC 90 76% DOT15;A25 131A8/128B TL;;1630.00;880.00;2004.90;1082.40;23;23.00;PLN;Opony/Opony rolnicze i przemysłowe/Opony Mitas;Mitas;;2.0000;;https://static.abstore.pl/img/grasdorf/6036749e-7444-4bb6-b955-0d756d1c7644/l/opona-270%252F80r32-mitas-ac-90-76-dot15.jpg,https://static.abstore.pl/img/grasdorf/2a639e56-b942-4c5d-8172-2bcda01438d3/l/opona-270%252F80r32-mitas-ac-90-76-dot15.jpg,https://static.abstore.pl/img/grasdorf/53886be8-397c-484f-89b1-45ceab606746/l/opona-270%252F80r32-mitas-ac-90-76-dot15.jpg,https://static.abstore.pl/img/grasdorf/c86fd4aa-5ea3-4db6-bc77-42e68f49e46e/l/opona-270%252F80r32-mitas-ac-90-76-dot15.jpg,https://static.abstore.pl/img/grasdorf/c7d257fa-3ba7-466b-9e08-aaa0937c60ad/l/opona-270%252F80r32-mitas-ac-90-76-dot15.jpg,https://static.abstore.pl/img/grasdorf/5899bb58-19df-4d3e-b111-8493ccfd6924/l/opona-270%252F80r32-mitas-ac-90-76-dot15.jpg;używana (bieżnik 76%);;Radialna;Bezdętkowa (TL);131A8/128B (1950 kg przy 40 km/h);;Opona rolnicza;270/80;;;004123;2708032mt76%a25;
8088;11478;;3009542mt78%a26;Opona 300/95R42 Mitas AC 90 78% DOT15;A26 147A8/144B TL (12.4R42);;2700.00;1450.00;3321.00;1783.50;23;23.00;PLN;Opony/Opony rolnicze i przemysłowe/Opony Mitas;Mitas;;2.0000;;https://static.abstore.pl/img/grasdorf/917302c6-f397-4256-8b79-1be3565a59e9/l/opona-300%252F95r42-mitas-ac-90-78-dot15.jpg,https://static.abstore.pl/img/grasdorf/a11ba3fd-77e2-4399-8354-70eb266e8ade/l/opona-300%252F95r42-mitas-ac-90-78-dot15.jpg,https://static.abstore.pl/img/grasdorf/ec61e9d8-d8aa-4ad0-a345-2b9a4106ed7d/l/opona-300%252F95r42-mitas-ac-90-78-dot15.jpg,https://static.abstore.pl/img/grasdorf/8abf0a5c-b949-4926-8057-7f6af9677a13/l/opona-300%252F95r42-mitas-ac-90-78-dot15.jpg,https://static.abstore.pl/img/grasdorf/aa91053e-4318-4e46-9ad5-59188c232ead/l/opona-300%252F95r42-mitas-ac-90-78-dot15.jpg,https://static.abstore.pl/img/grasdorf/785f36b2-4431-4a70-88f9-f243dde7c510/l/opona-300%252F95r42-mitas-ac-90-78-dot15.jpg;używana (bieżnik 78%);;Radialna;Bezdętkowa (TL);147A8/144B (3075 kg przy 40 km/h);;Opona rolnicza;12.4 (320/85, 300/95, 320/90);;;12442;3009542mt78%a26;
8089;11479;;1032f19;Felga 10x32 10/335/281/ET+135 Grasdorf;F19 JD używana;;2100.00;2100.00;2583.00;2583.00;23;23.00;PLN;Felgi;Grasdorf;;2.0000;;https://static.abstore.pl/img/grasdorf/11e8980a-2886-4490-8816-4f0c82d53a58/l/felga-10x32-10%252F335%252F281%252Fet-135-grasdorf.jpg,https://static.abstore.pl/img/grasdorf/b3b18875-fe72-4c6e-aa90-e5f53e51490a/l/felga-10x32-10%252F335%252F281%252Fet-135-grasdorf.jpg,https://static.abstore.pl/img/grasdorf/2e9b1d46-8e54-4ce1-9010-6c36ce6fe6ac/l/felga-10x32-10%252F335%252F281%252Fet-135-grasdorf.jpg;używana;;;;;;;;;;3210;1032f19;
8090;11480;;828F25;Felga 8x28 8/203,2/152,6/ET+122 NDI F25;Kubota demo;;2480.00;2480.00;3050.40;3050.40;23;23.00;PLN;Felgi;NDI;;2.0000;;https://static.abstore.pl/img/grasdorf/d58a727a-f452-48aa-b774-e47180e7b305/l/felga-8x28-8%252F203-2%252F152-6%252Fet-122-ndi-f25.jpg,https://static.abstore.pl/img/grasdorf/0be20193-36ba-4c40-bc74-a60de30603cf/l/felga-8x28-8%252F203-2%252F152-6%252Fet-122-ndi-f25.jpg,https://static.abstore.pl/img/grasdorf/faaec2a4-7525-46f8-bab9-caaf8e3175ac/l/felga-8x28-8%252F203-2%252F152-6%252Fet-122-ndi-f25.jpg;demo;;;;;;;;;;288;828F25;
8091;11481;;842f27;Felga 8x42 8/203,2/152,6/ET-14 NDI F27;Kubota demo;;3520.00;3520.00;4329.60;4329.60;23;23.00;PLN;Felgi;NDI;;2.0000;;https://static.abstore.pl/img/grasdorf/96397889-7ad0-41d0-8aea-939c7890191f/l/felga-8x42-8%252F203-2%252F152-6%252Fet-14-ndi-f27.jpg,https://static.abstore.pl/img/grasdorf/0467440b-a93f-45a0-8fc2-031a5a32bf70/l/felga-8x42-8%252F203-2%252F152-6%252Fet-14-ndi-f27.jpg,https://static.abstore.pl/img/grasdorf/aa4f34f2-fff8-4635-afa5-d6b2dd2f58f2/l/felga-8x42-8%252F203-2%252F152-6%252Fet-14-ndi-f27.jpg;demo;;;;;;;;;;428;842f27;
8092;11482;;2028f29;Felga 20x28 10/335/281/ET-24 F29 demo;McCormick;;2130.00;2130.00;2619.90;2619.90;23;23.00;PLN;Felgi;Titan;;2.0000;;https://static.abstore.pl/img/grasdorf/7bf4e4f3-e38f-4afc-a4cf-c29f1422e434/l/felga-20x28-10%252F335%252F281%252Fet-24-f29-demo.jpg,https://static.abstore.pl/img/grasdorf/75390d1a-1860-4b45-bf91-5c09fffe7bba/l/felga-20x28-10%252F335%252F281%252Fet-24-f29-demo.jpg,https://static.abstore.pl/img/grasdorf/75611f70-fb36-4142-970f-b6d1e635196f/l/felga-20x28-10%252F335%252F281%252Fet-24-f29-demo.jpg;demo;;;;;;;;;;2820;2028f29;
8093;11483;;2538f31;Felga 25x38 8/275/221/ET-27 McCormick;F31 demo;;3850.00;3850.00;4735.50;4735.50;23;23.00;PLN;Felgi;;;2.0000;;https://static.abstore.pl/img/grasdorf/1e70c10b-6ba9-4e19-953a-c705df236031/l/felga-25x38-8%252F275%252F221%252Fet-27-mccormick.jpg,https://static.abstore.pl/img/grasdorf/37d9b717-3088-498f-94f6-95d5e7bcc6d9/l/felga-25x38-8%252F275%252F221%252Fet-27-mccormick.jpg,https://static.abstore.pl/img/grasdorf/aa2d8a75-721a-4819-882d-2a63c97c0770/l/felga-25x38-8%252F275%252F221%252Fet-27-mccormick.jpg;demo;;;;;;;;;;3825;2538f31;
8097;11494;;918a36703;Felga 9x18 8/275/221/ET+15 Accuride;36703;;490.00;490.00;602.70;602.70;23;23.00;PLN;Felgi;Accuride;;2.0000;;;nowa;;;;;;;;;;189;918a36703;
8098;11495;;1118a38746;Felga 11x18 6/205/161/ET+25 Accuride;38746;;510.00;510.00;627.30;627.30;23;23.00;PLN;Felgi;Accuride;;4.0000;;;nowa;;;;;;;;;;1811;1118a38746;
8104;11520;;5406530trtm800ptdemo;Opona 540/65R30 Trelleborg TM 800 PT;demo 143D TL;;4580.00;3650.00;5633.40;4489.50;23;23.00;PLN;Opony/Opony rolnicze i przemysłowe/Opony Trelleborg;Trelleborg;;2.0000;;https://static.abstore.pl/img/grasdorf/f64d4a78-22f2-4f2b-a9f6-a877506a395b/l/opona-540%252F65r30-trelleborg-tm-800-pt.jpg,https://static.abstore.pl/img/grasdorf/08139566-0ad3-4794-9df2-1cb56519d9d9/l/opona-540%252F65r30-trelleborg-tm-800-pt.jpg,https://static.abstore.pl/img/grasdorf/ac1f86f2-d000-404d-b92c-c05f1e7b0df3/l/opona-540%252F65r30-trelleborg-tm-800-pt.jpg,https://static.abstore.pl/img/grasdorf/5b1a20b6-74ea-44a5-b52b-18881f2d8dd4/l/opona-540%252F65r30-trelleborg-tm-800-pt.jpg,https://static.abstore.pl/img/grasdorf/f839d331-e4da-4a9e-bd66-b5d3d310af47/l/opona-540%252F65r30-trelleborg-tm-800-pt.jpg,https://static.abstore.pl/img/grasdorf/3d297e8c-0b17-4f27-b31b-6d596d5c4480/l/opona-540%252F65r30-trelleborg-tm-800-pt.jpg,https://static.abstore.pl/img/grasdorf/f463a438-39c8-441d-8512-61372f0ff28b/l/opona-540%252F65r30-trelleborg-tm-800-pt.jpg;pokazowa;;Radialna;Bezdętkowa (TL);143D (2725 kg przy 65 km/h);;Opona rolnicza;540/65;;;004145;5406530trtm800ptdemo;
8105;11521;;2808524trdemo;Opona 280/85R24 Trelleborg TM 600 demo;115A8/112B TL (11.2R24);;1430.00;1040.00;1758.90;1279.20;23;23.00;PLN;Opony/Opony rolnicze i przemysłowe/Opony Trelleborg;Trelleborg;;2.0000;;https://static.abstore.pl/img/grasdorf/845f3982-21e3-48ba-ac5d-25901ebd9f25/l/opona-280%252F85r24-trelleborg-tm-600-demo.jpg,https://static.abstore.pl/img/grasdorf/29328c48-4f20-45e9-9060-7e7048b3fd40/l/opona-280%252F85r24-trelleborg-tm-600-demo.jpg,https://static.abstore.pl/img/grasdorf/1aafdcb9-e830-4afe-bd92-bd3e2d8bc336/l/opona-280%252F85r24-trelleborg-tm-600-demo.jpg,https://static.abstore.pl/img/grasdorf/89ad1bdb-4d29-42dd-a03e-7a56357085c5/l/opona-280%252F85r24-trelleborg-tm-600-demo.jpg,https://static.abstore.pl/img/grasdorf/e6dd04c8-f2c0-47ab-92c5-c4a825d597be/l/opona-280%252F85r24-trelleborg-tm-600-demo.jpg,https://static.abstore.pl/img/grasdorf/2672d9ed-4774-4cad-b719-2e2789a13eb0/l/opona-280%252F85r24-trelleborg-tm-600-demo.jpg;pokazowa;;Radialna;Bezdętkowa (TL);115A8/112B (1215 kg przy 40 km/h);;Opona rolnicza;11.2 (270/95, 280/85);;;11224tr;2808524trdemo;
8106;11522;;1828f33;Felga 18x28 8/275/221/ET+30 F33 demo MF;;;1890.00;1890.00;2324.70;2324.70;23;23.00;PLN;Felgi;;;2.0000;;https://static.abstore.pl/img/grasdorf/5b5dc70c-bb71-43c6-9984-f569dbe57b07/l/felga-18x28-8%252F275%252F221%252Fet-30-f33-demo-mf.jpg,https://static.abstore.pl/img/grasdorf/39dafa67-f6f3-48bb-a07f-7ea3f8328721/l/felga-18x28-8%252F275%252F221%252Fet-30-f33-demo-mf.jpg,https://static.abstore.pl/img/grasdorf/92111ec6-824b-48c1-a082-bfc6c02c9b09/l/felga-18x28-8%252F275%252F221%252Fet-30-f33-demo-mf.jpg;demo;;;;;;;;;;2818;1828f33;
8108;11524;;7107038trtm800ptdemo;Opona 710/70R38 Trelleborg TM 800 PT;demo 166D TL;;12680.00;9440.00;15596.40;11611.20;23;23.00;PLN;Opony/Opony rolnicze i przemysłowe/Opony Trelleborg;Trelleborg;;2.0000;;https://static.abstore.pl/img/grasdorf/0910f523-3947-42a8-828b-f5a41d687914/l/opona-710%252F70r38-trelleborg-tm-800-pt.jpg,https://static.abstore.pl/img/grasdorf/875b88cf-43c2-4783-989d-71e570454f0b/l/opona-710%252F70r38-trelleborg-tm-800-pt.jpg,https://static.abstore.pl/img/grasdorf/1eb1fb7a-5022-4550-b995-bf65c2a6ae70/l/opona-710%252F70r38-trelleborg-tm-800-pt.jpg,https://static.abstore.pl/img/grasdorf/e9dad0d8-e102-4806-9fbb-8a7e72949b45/l/opona-710%252F70r38-trelleborg-tm-800-pt.jpg,https://static.abstore.pl/img/grasdorf/26ec4ef1-b05f-4d85-b152-82bb66b8eba0/l/opona-710%252F70r38-trelleborg-tm-800-pt.jpg,https://static.abstore.pl/img/grasdorf/128d6677-4c1a-4231-975f-30fc953391fd/l/opona-710%252F70r38-trelleborg-tm-800-pt.jpg;pokazowa;;Radialna;Bezdętkowa (TL);166D (5300 kg przy 65 km/h);;Opona rolnicza;710/70;;;004148;7107038trtm800ptdemo;
8110;11526;;1630f35;Felga 16x30 8/405/362,5/ET+32 F35 demo;Case;;2110.00;2110.00;2595.30;2595.30;23;23.00;PLN;Felgi;;;2.0000;;https://static.abstore.pl/img/grasdorf/d0eff9d0-c814-4962-9925-f4851acb2c66/l/felga-16x30-8%252F405%252F362-5%252Fet-32-f35-demo.jpg,https://static.abstore.pl/img/grasdorf/4c142257-ccc2-446f-9441-3c71c36c945f/l/felga-16x30-8%252F405%252F362-5%252Fet-32-f35-demo.jpg,https://static.abstore.pl/img/grasdorf/131f8e43-8688-45ba-b366-4675317ebca5/l/felga-16x30-8%252F405%252F362-5%252Fet-32-f35-demo.jpg;demo;;;;;;;;;;3016;1630f35;
8111;11527;;1428f37;Felga 14x28 8/275/221/regulowana F37;demo MF;;2080.00;2080.00;2558.40;2558.40;23;23.00;PLN;Felgi;;;2.0000;;https://static.abstore.pl/img/grasdorf/36e62c16-227c-43dc-97e6-e8f6d0843ac1/l/felga-14x28-8%252F275%252F221%252Fregulowana-f37.jpg,https://static.abstore.pl/img/grasdorf/1aace14d-fce6-46ce-954e-e767efb7d945/l/felga-14x28-8%252F275%252F221%252Fregulowana-f37.jpg,https://static.abstore.pl/img/grasdorf/260bb344-35b3-4ee7-b5f3-3c63430f86cc/l/felga-14x28-8%252F275%252F221%252Fregulowana-f37.jpg;demo;;;;;;;;;;2814;1428f37;
8113;11541;;3408538ll86%;Opona 340/85R38 LingLong LR861 86% DOT20;A28 133A8/130B TL (13.6R38);;920.00;920.00;1131.60;1131.60;23;23.00;PLN;Opony/Opony rolnicze i przemysłowe/Pozostałe;LingLong;;2.0000;;https://static.abstore.pl/img/grasdorf/35396f67-f5b8-4ed0-90ea-e3ea55b32988/l/opona-340%252F85r38-linglong-lr861-86-dot20.jpg,https://static.abstore.pl/img/grasdorf/4e0b8ff7-a7df-44f9-99c0-041d2c7eb559/l/opona-340%252F85r38-linglong-lr861-86-dot20.jpg,https://static.abstore.pl/img/grasdorf/28a065af-ede7-42b6-944a-a6634fc9db81/l/opona-340%252F85r38-linglong-lr861-86-dot20.jpg,https://static.abstore.pl/img/grasdorf/9eb6090c-206c-49fa-8169-0a1ea5c648fa/l/opona-340%252F85r38-linglong-lr861-86-dot20.jpg,https://static.abstore.pl/img/grasdorf/2763c5b4-7aa6-430f-bcdb-8cdb168aa7cf/l/opona-340%252F85r38-linglong-lr861-86-dot20.jpg,https://static.abstore.pl/img/grasdorf/906547fa-9175-42b8-ba36-f8c124be6988/l/opona-340%252F85r38-linglong-lr861-86-dot20.jpg,https://static.abstore.pl/img/grasdorf/a972426d-a6ba-41a8-adba-4e7130ab9a43/l/opona-340%252F85r38-linglong-lr861-86-dot20.jpg;używana (bieżnik 86%);;Radialna;Bezdętkowa (TL);133A8/130B (2060 kg przy 40 km/h);;Opona rolnicza;13.6 (340/85, 340/90);;;13638;3408538ll86%;
8114;11542;;2808528st73%;Opona 280/85R28 Starmaxx TR-110 73%;DOT16 A27 118A8/118B TL (11.2R28);;460.00;460.00;565.80;565.80;23;23.00;PLN;Opony/Opony rolnicze i przemysłowe/Pozostałe;Starmaxx;;2.0000;;https://static.abstore.pl/img/grasdorf/c4823da2-f0f4-4e5c-80f8-4a98cc24c767/l/opona-280%252F85r28-starmaxx-tr-110-73-.jpg,https://static.abstore.pl/img/grasdorf/f974ed6b-2fe4-4b85-8704-fb95a8ed3d6c/l/opona-280%252F85r28-starmaxx-tr-110-73-.jpg,https://static.abstore.pl/img/grasdorf/7a5fa6fd-92ff-42ec-93bc-ee45d0875db7/l/opona-280%252F85r28-starmaxx-tr-110-73-.jpg,https://static.abstore.pl/img/grasdorf/89fe921c-cd78-4e63-bf86-b675a74e300f/l/opona-280%252F85r28-starmaxx-tr-110-73-.jpg,https://static.abstore.pl/img/grasdorf/90d859a9-c71e-4efc-87a4-0b4ee1b4bc0f/l/opona-280%252F85r28-starmaxx-tr-110-73-.jpg,https://static.abstore.pl/img/grasdorf/634ff1d0-17d4-4f50-a716-d096d9f25d00/l/opona-280%252F85r28-starmaxx-tr-110-73-.jpg,https://static.abstore.pl/img/grasdorf/1c70130d-f762-42fb-a9f9-5235755ae561/l/opona-280%252F85r28-starmaxx-tr-110-73-.jpg,https://static.abstore.pl/img/grasdorf/7afa9eef-cdf6-461b-8e12-8f8e776f00a4/l/opona-280%252F85r28-starmaxx-tr-110-73-.jpg;używana (bieżnik 73%);;Radialna;Bezdętkowa (TL);118A8/118B (1320 kg przy 40 km/h);;Opona rolnicza;11.2 (270/95, 280/85);;;11228;2808528st73%;
8116;11544;;1424f39;Felga 14x24 8/275/221/ET+95 F39 demo;294560;;1330.00;1330.00;1635.90;1635.90;23;23.00;PLN;Felgi;;;4.0000;;https://static.abstore.pl/img/grasdorf/a3fe29e1-53a5-494d-802e-f3d0104a09b1/l/felga-14x24-8%252F275%252F221%252Fet-95-f39-demo.jpg,https://static.abstore.pl/img/grasdorf/9d20abd9-3851-40bf-b0b2-0a019f3da565/l/felga-14x24-8%252F275%252F221%252Fet-95-f39-demo.jpg,https://static.abstore.pl/img/grasdorf/22569d00-4074-4e85-9fc8-efc510fd7ebf/l/felga-14x24-8%252F275%252F221%252Fet-95-f39-demo.jpg;demo;;;;;;;;;;2414;1424f39;
8117;11545;;1328f43;Felga 13x28 8/203,2/150,5/regulowana F43;NH używana;;1700.00;1700.00;2091.00;2091.00;23;23.00;PLN;Felgi;;;2.0000;;https://static.abstore.pl/img/grasdorf/ce9d3409-52f8-4e8e-affa-b3ed3bdffcab/l/felga-13x28-8%252F203-2%252F150-5%252Fregulowana-f43.jpg,https://static.abstore.pl/img/grasdorf/80ed77da-7418-4499-8035-ddc93d66fed7/l/felga-13x28-8%252F203-2%252F150-5%252Fregulowana-f43.jpg,https://static.abstore.pl/img/grasdorf/a3808b9b-b6e2-4739-8f18-777f5902313c/l/felga-13x28-8%252F203-2%252F150-5%252Fregulowana-f43.jpg;używana;;;;;;;;;;2813;1328f43;
8119;11547;;6205526mtdemo;Opona 620/55R26 Mitas SFT demo;168A8/150A8 TL;;5640.00;5640.00;6937.20;6937.20;23;23.00;PLN;Opony/Opony rolnicze i przemysłowe/Opony Mitas;Mitas;;2.0000;;https://static.abstore.pl/img/grasdorf/a922918c-675e-43a0-a7bc-719469314722/l/opona-620%252F55r26-mitas-sft-demo.jpg,https://static.abstore.pl/img/grasdorf/010cbaf7-2f8b-4506-9288-9a28cc378c34/l/opona-620%252F55r26-mitas-sft-demo.jpg,https://static.abstore.pl/img/grasdorf/de7963e0-ab00-41f5-b6ae-13faab21b639/l/opona-620%252F55r26-mitas-sft-demo.jpg,https://static.abstore.pl/img/grasdorf/de487c97-bca4-4c7e-acb6-e8c7fedd4b7a/l/opona-620%252F55r26-mitas-sft-demo.jpg,https://static.abstore.pl/img/grasdorf/337414ce-c6a4-4fa5-996c-44214e0d5bba/l/opona-620%252F55r26-mitas-sft-demo.jpg,https://static.abstore.pl/img/grasdorf/d16de597-c13c-4d54-978a-8e109cf4ae75/l/opona-620%252F55r26-mitas-sft-demo.jpg;pokazowa;;Radialna;Bezdętkowa (TL);168A8/150A8;;Opona rolnicza;620/55;;;004163;6205526mtdemo;
8123;11514;;F001959;Felga 20x22.5 10/335/281/ET0 Forlong;S903;;750.00;750.00;922.50;922.50;23;23.00;PLN;Felgi;Jantsa;;2.0000;;https://static.abstore.pl/img/grasdorf/099f542d-2308-44b5-a024-d30188c50687/l/felga-20x22-5-10%252F335%252F281%252Fet0-forlong.jpg,https://static.abstore.pl/img/grasdorf/9aef468c-04f1-424e-84d9-915319dbefc4/l/felga-20x22-5-10%252F335%252F281%252Fet0-forlong.jpg,https://static.abstore.pl/img/grasdorf/2d41b0d1-a825-4fe4-88e3-c562a29e005d/l/felga-20x22-5-10%252F335%252F281%252Fet0-forlong.jpg;nowa;;;;;;;;;;002262;F001959;
8127;11560;;2732gkn1132281318;Felga 27x32 10/335/281/ET+75 GKN demo;1132281318;;1950.00;1950.00;2398.50;2398.50;23;23.00;PLN;Felgi;GKN;;2.0000;;https://static.abstore.pl/img/grasdorf/97abd106-4ade-4678-8ab5-496b2d5b14c4/l/felga-27x32-10%252F335%252F281%252Fet-75-gkn-demo.jpg,https://static.abstore.pl/img/grasdorf/4bbb5f86-ca72-40be-ae23-4ec6017ecc5d/l/felga-27x32-10%252F335%252F281%252Fet-75-gkn-demo.jpg,https://static.abstore.pl/img/grasdorf/0e8adad4-7bcd-4ca0-a023-3ff3b3f494a0/l/felga-27x32-10%252F335%252F281%252Fet-75-gkn-demo.jpg;demo;;;;;;;;;;002272;2732gkn1132281318;
8128;11565;;1224f45;Felga 12x24 8/275/221/regulowana F45;demo MF;;1720.00;1720.00;2115.60;2115.60;23;23.00;PLN;Felgi;;;2.0000;;https://static.abstore.pl/img/grasdorf/911aa3fd-a3c4-4eb2-84d3-ba91e6ade3f0/l/felga-12x24-8%252F275%252F221%252Fregulowana-f45.jpg,https://static.abstore.pl/img/grasdorf/309931c1-967e-4e40-aa32-d81ad06abf51/l/felga-12x24-8%252F275%252F221%252Fregulowana-f45.jpg,https://static.abstore.pl/img/grasdorf/034571d5-c617-486f-81af-1e9516966dd9/l/felga-12x24-8%252F275%252F221%252Fregulowana-f45.jpg;demo;;;;;;;;;;2412;1224f45;
8129;11566;;1534f47;Felga 15x34 8/203,2/150,1/regulowana F47;demo MF;;2520.00;2520.00;3099.60;3099.60;23;23.00;PLN;Felgi;;;2.0000;;;demo;;;;;;;;;;3415;1534f47;
8130;11567;;1032f49;Felga 10x32 8/152,4/110/ET-15 F49 DF;;;2700.00;2700.00;3321.00;3321.00;23;23.00;PLN;Felgi;NDI;;2.0000;;https://static.abstore.pl/img/grasdorf/d5e44621-46dd-407f-b43f-e20b969972ac/l/felga-10x32-8%252F152-4%252F110%252Fet-15-f49-df.jpg,https://static.abstore.pl/img/grasdorf/3c2b3015-8dc0-4c37-919e-19c5760ab30b/l/felga-10x32-8%252F152-4%252F110%252Fet-15-f49-df.jpg,https://static.abstore.pl/img/grasdorf/e6dbcb22-bbef-4c95-bb9b-0d2e216f565e/l/felga-10x32-8%252F152-4%252F110%252Fet-15-f49-df.jpg;nowa;;;;;;;;;;3210;1032f49;
8131;11568;;1046f51;Felga 10x46 8/275/221/ET-30 F51 NDI DF;;;3730.00;3730.00;4587.90;4587.90;23;23.00;PLN;Felgi;NDI;;2.0000;;https://static.abstore.pl/img/grasdorf/c54cce5c-1984-439b-9f1e-2014275a554e/l/felga-10x46-8%252F275%252F221%252Fet-30-f51-ndi-df.jpg,https://static.abstore.pl/img/grasdorf/1e26df42-d003-4dbb-aa80-ee03e6efe54f/l/felga-10x46-8%252F275%252F221%252Fet-30-f51-ndi-df.jpg,https://static.abstore.pl/img/grasdorf/da9df57f-8155-4ebc-8e42-82030994ae7e/l/felga-10x46-8%252F275%252F221%252Fet-30-f51-ndi-df.jpg;nowa;;;;;;;;;;4610;1046f51;
8132;11569;;2030f53;Felga 20x30 12/425/371/regulowana F53;demo NH;;2280.00;2280.00;2804.40;2804.40;23;23.00;PLN;Felgi;;;2.0000;;https://static.abstore.pl/img/grasdorf/8177dc0d-8f59-4450-86a6-c6834c70126c/l/felga-20x30-12%252F425%252F371%252Fregulowana-f53.jpg,https://static.abstore.pl/img/grasdorf/c89c2df6-00f5-4a88-b6d2-ecad885b62f7/l/felga-20x30-12%252F425%252F371%252Fregulowana-f53.jpg,https://static.abstore.pl/img/grasdorf/df8ebe30-8293-4dd5-9652-b3d858dc4417/l/felga-20x30-12%252F425%252F371%252Fregulowana-f53.jpg;demo;;;;;;;;;;3020;2030f53;
8133;11570;;2709538k3009552bkt;Komplet kół do ciągnika JD 6620 Premium:;270/95R38 + 300/95R52 BKT;;28100.00;24900.00;34563.00;30627.00;23;23.00;PLN;;Grasdorf;;1.0000;;https://static.abstore.pl/img/grasdorf/a479d4e1-35fd-4e9f-ae4e-6fb129135e0d/l/komplet-kol-do-ciagnika-jd-6620-premium-.jpg,https://static.abstore.pl/img/grasdorf/647ca21f-8ec8-4692-bdde-6a5a2246123a/l/komplet-kol-do-ciagnika-jd-6620-premium-.jpg,https://static.abstore.pl/img/grasdorf/fa03ee50-56e4-44f8-8585-a2cf25600e7c/l/komplet-kol-do-ciagnika-jd-6620-premium-.jpg,https://static.abstore.pl/img/grasdorf/02281e46-cd96-491e-8fed-f53c302c31c5/l/komplet-kol-do-ciagnika-jd-6620-premium-.jpg,https://static.abstore.pl/img/grasdorf/f66fec70-8afa-4f97-9fd1-5ee26fefcc07/l/komplet-kol-do-ciagnika-jd-6620-premium-.jpg,https://static.abstore.pl/img/grasdorf/db39e50f-0dd3-44ca-bea1-ebf4d9947f15/l/komplet-kol-do-ciagnika-jd-6620-premium-.jpg,https://static.abstore.pl/img/grasdorf/6009c961-721d-4c8a-b31b-a31012e63e70/l/komplet-kol-do-ciagnika-jd-6620-premium-.jpg,https://static.abstore.pl/img/grasdorf/8cb9110c-10c9-46d4-8d11-a4da79415326/l/komplet-kol-do-ciagnika-jd-6620-premium-.jpg,https://static.abstore.pl/img/grasdorf/38465085-7e7d-445f-840d-50724f1ab65b/l/komplet-kol-do-ciagnika-jd-6620-premium-.jpg,https://static.abstore.pl/img/grasdorf/30297e36-0cc0-43c7-b4dd-26faa9d038d9/l/komplet-kol-do-ciagnika-jd-6620-premium-.jpg,https://static.abstore.pl/img/grasdorf/79d7992e-77a2-4280-8dea-b5feee150edb/l/komplet-kol-do-ciagnika-jd-6620-premium-.jpg,https://static.abstore.pl/img/grasdorf/1e2dfcae-d1fc-40d5-8978-26e61d56595b/l/komplet-kol-do-ciagnika-jd-6620-premium-.jpg;demo;;Radialna;Bezdętkowa (TL);;;;;;;1038f1052;2709538k3009552bkt;
8134;11571;;732f55;Felga 7x32 8/275/221/ET-45 F55 NDI MF;;;2400.00;2400.00;2952.00;2952.00;23;23.00;PLN;Felgi;NDI;;2.0000;;https://static.abstore.pl/img/grasdorf/1f8732bc-4766-4069-819d-3e6fce9ea09f/l/felga-7x32-8%252F275%252F221%252Fet-45-f55-ndi-mf.jpg,https://static.abstore.pl/img/grasdorf/30bce7fa-144c-496e-afce-0fc9cfa114bd/l/felga-7x32-8%252F275%252F221%252Fet-45-f55-ndi-mf.jpg,https://static.abstore.pl/img/grasdorf/cba0298b-6656-4a59-9c4e-9e2ba1015974/l/felga-7x32-8%252F275%252F221%252Fet-45-f55-ndi-mf.jpg;nowa;;;;;;;;;;327;732f55;
8135;11572;;848f57;Felga 8x48 8/203,2/150,1/ET-81 NDI F57;MF;;3800.00;3800.00;4674.00;4674.00;23;23.00;PLN;Felgi;NDI;;2.0000;;;nowa;;;;;;;;;;488;848f57;
8136;11573;;2309532ademo;Opona 230/95R32 Alliance AGRISTAR II RC;demo 128D/125E TL;;1150.00;940.00;1414.50;1156.20;23;23.00;PLN;Opony/Opony rolnicze i przemysłowe/Opony Alliance;Alliance;;2.0000;;https://static.abstore.pl/img/grasdorf/9fa06886-81f0-45d9-94b2-b11f83a72c70/l/opona-230%252F95r32-alliance-agristar-ii-rc.jpg,https://static.abstore.pl/img/grasdorf/bd4065c7-f7a3-4f48-bca3-3dcd3f5fffd7/l/opona-230%252F95r32-alliance-agristar-ii-rc.jpg,https://static.abstore.pl/img/grasdorf/5a46cd5e-b400-46b9-9407-79ba22469d76/l/opona-230%252F95r32-alliance-agristar-ii-rc.jpg,https://static.abstore.pl/img/grasdorf/6f64fec6-a747-44ec-b2d5-a488968dd010/l/opona-230%252F95r32-alliance-agristar-ii-rc.jpg,https://static.abstore.pl/img/grasdorf/625d0c36-a4bd-4ed3-bac7-2349c6b76600/l/opona-230%252F95r32-alliance-agristar-ii-rc.jpg,https://static.abstore.pl/img/grasdorf/4b5467dd-9668-4696-848e-7bfc60cfe8b2/l/opona-230%252F95r32-alliance-agristar-ii-rc.jpg;pokazowa;;Radialna;Bezdętkowa (TL);128D/125E;;Opona rolnicza;9.5 (250/85, 230/95);;;9532;2309532ademo;
8137;11574;;2542f59;Felga 25x42 10/335/281/ET+32 NDI F59;Claas;;4550.00;4550.00;5596.50;5596.50;23;23.00;PLN;Felgi;;;2.0000;;https://static.abstore.pl/img/grasdorf/ef7d4f61-b7aa-4917-b50c-c5fe82d0c094/l/felga-25x42-10%252F335%252F281%252Fet-32-ndi-f59.jpg,https://static.abstore.pl/img/grasdorf/2bf1caf8-310b-4d53-b05f-a3c3d4a7e9af/l/felga-25x42-10%252F335%252F281%252Fet-32-ndi-f59.jpg,https://static.abstore.pl/img/grasdorf/6e57533d-de2b-40f9-9e04-03d950664384/l/felga-25x42-10%252F335%252F281%252Fet-32-ndi-f59.jpg;nowa;;;;;;;;;;4225;2542f59;
8139;11579;;1428f65;Felga 14x28 8/152,4/110/ET+40 F65 demo;DF;;2080.00;2080.00;2558.40;2558.40;23;23.00;PLN;Felgi;;;2.0000;;https://static.abstore.pl/img/grasdorf/31b8831a-c423-416a-9f6b-1c90e98386ca/l/felga-14x28-8%252F152-4%252F110%252Fet-40-f65-demo.jpg,https://static.abstore.pl/img/grasdorf/99a61421-f6d2-4cac-a8df-c69dc714d15d/l/felga-14x28-8%252F152-4%252F110%252Fet-40-f65-demo.jpg,https://static.abstore.pl/img/grasdorf/d8a52817-e31e-401c-9c9d-fa5bcb96fcaf/l/felga-14x28-8%252F152-4%252F110%252Fet-40-f65-demo.jpg;demo;;;;;;;;;;2814;1428f65;
8140;11580;;1638f67;Felga 16x38 8/275/221/ET-27 F67 demo DF;;;2640.00;2640.00;3247.20;3247.20;23;23.00;PLN;Felgi;;;2.0000;;https://static.abstore.pl/img/grasdorf/a67ae1c3-b9c8-4d51-9a9e-2e9ce16d8266/l/felga-16x38-8%252F275%252F221%252Fet-27-f67-demo-df.jpg,https://static.abstore.pl/img/grasdorf/8b9b046e-ed0a-409d-a152-2678415e0460/l/felga-16x38-8%252F275%252F221%252Fet-27-f67-demo-df.jpg,https://static.abstore.pl/img/grasdorf/2e72c81e-05ee-4833-8514-bb8a85ab6250/l/felga-16x38-8%252F275%252F221%252Fet-27-f67-demo-df.jpg;demo;;;;;;;;;;3816;1638f67;
8141;11581;;1830f69;Felga 18x30 10/335/281/ET+20 F69 demo;Claas Night Edition;;2030.00;2030.00;2496.90;2496.90;23;23.00;PLN;Felgi;Titan;;2.0000;;https://static.abstore.pl/img/grasdorf/1dab53aa-8454-4b28-a02d-716e106b68c5/l/felga-18x30-10%252F335%252F281%252Fet-20-f69-demo.jpg,https://static.abstore.pl/img/grasdorf/499ecbaf-9c9e-4cbf-b746-d7ec8d4ec820/l/felga-18x30-10%252F335%252F281%252Fet-20-f69-demo.jpg,https://static.abstore.pl/img/grasdorf/75791db2-3981-4ac5-89a4-26544912d808/l/felga-18x30-10%252F335%252F281%252Fet-20-f69-demo.jpg;demo;;;;;;;;;;3018;1830f69;
8143;11583;;1048f73;Felga 10x48 8/203,2/150,1/ET-233 NDI F73;Claas;;4290.00;4290.00;5276.70;5276.70;23;23.00;PLN;Felgi;NDI;;2.0000;;https://static.abstore.pl/img/grasdorf/107d3bae-4588-43bc-959b-24c5ed4bebbc/l/felga-10x48-8%252F203-2%252F150-1%252Fet-233-ndi-f73.jpg,https://static.abstore.pl/img/grasdorf/71148b0f-b9b0-45ce-97cc-5db10e23f151/l/felga-10x48-8%252F203-2%252F150-1%252Fet-233-ndi-f73.jpg,https://static.abstore.pl/img/grasdorf/40d958af-e85f-4a1f-a761-8c3575df2f25/l/felga-10x48-8%252F203-2%252F150-1%252Fet-233-ndi-f73.jpg;nowa;;;;;;;;;;4810;1048f73;
8144;11584;;1530f75;Felga 15x30 8/275/221/ET0 F75 Claas;używana;;1500.00;1500.00;1845.00;1845.00;23;23.00;PLN;Felgi;;;2.0000;;https://static.abstore.pl/img/grasdorf/af4d8774-b112-41f0-9f54-e71abea21896/l/felga-15x30-8%252F275%252F221%252Fet0-f75-claas.jpg,https://static.abstore.pl/img/grasdorf/293266ca-d959-44e2-ad1b-45804072f453/l/felga-15x30-8%252F275%252F221%252Fet0-f75-claas.jpg,https://static.abstore.pl/img/grasdorf/0c78e160-49a8-4719-8adb-416100d642ba/l/felga-15x30-8%252F275%252F221%252Fet0-f75-claas.jpg;używana;;;;;;;;;;3015;1530f75;
8145;11585;;2332f77;Felga 23x32 10/335/281/ET+108 F79 JD;używana;;1790.00;1790.00;2201.70;2201.70;23;23.00;PLN;Felgi;;;1.0000;;https://static.abstore.pl/img/grasdorf/feddacf8-4d1b-46d8-b192-fb1f8853f7f8/l/felga-23x32-10%252F335%252F281%252Fet-108-f79-jd.jpg,https://static.abstore.pl/img/grasdorf/ccddf1ea-de3e-4b0b-96af-064d8af57edb/l/felga-23x32-10%252F335%252F281%252Fet-108-f79-jd.jpg,https://static.abstore.pl/img/grasdorf/b52d836a-99cb-4423-82e8-df28d86a3cf9/l/felga-23x32-10%252F335%252F281%252Fet-108-f79-jd.jpg;używana;;;;;;;;;;3223;2332f77;
8147;11577;;70040225nd;Dętka 700/45-22.5 / 710/40-22.5 Nokian;TR-218A T55092;;570.00;570.00;701.10;701.10;23;23.00;PLN;Dętki;Nokian;;2.0000;;;nowa;;;;;;;;;;71040225nd;70040225nd;
8150;11591;;1046f77;Felga 10x46 8/275/221/ET+15 F77 NDI;czarna;;3730.00;3730.00;4587.90;4587.90;23;23.00;PLN;Felgi;NDI;;2.0000;;https://static.abstore.pl/img/grasdorf/7f0a9cb0-93db-4dd4-8d4d-8b846181f3c8/l/felga-10x46-8%252F275%252F221%252Fet-15-f77-ndi.jpg,https://static.abstore.pl/img/grasdorf/6b61d2e5-678a-4e4e-a8f7-d4ae82681b72/l/felga-10x46-8%252F275%252F221%252Fet-15-f77-ndi.jpg,https://static.abstore.pl/img/grasdorf/6526d6e1-6f74-4047-8388-82ab4e34c189/l/felga-10x46-8%252F275%252F221%252Fet-15-f77-ndi.jpg;nowa;;;;;;;;;;4610;1046f77;
8152;11594;;1638f80;Felga 16x38 8/203,2/150,1/regulowana F80;demo MF;;2640.00;2640.00;3247.20;3247.20;23;23.00;PLN;Felgi;;;2.0000;;https://static.abstore.pl/img/grasdorf/4470f7c9-64a9-4ec3-8901-df6d5185b5d9/l/felga-16x38-8%252F203-2%252F150-1%252Fregulowana-f80.jpg,https://static.abstore.pl/img/grasdorf/c84bf8eb-9f52-4ae7-9bf8-560d61d1934a/l/felga-16x38-8%252F203-2%252F150-1%252Fregulowana-f80.jpg,https://static.abstore.pl/img/grasdorf/c9b70375-4094-40a7-a801-5dcd28d441bb/l/felga-16x38-8%252F203-2%252F150-1%252Fregulowana-f80.jpg;demo;;;;;;;;;;3816;1638f80;
8153;11596;;1646f79;Felga 16x46 10/335/281/ET+46 NDI F79 JD;demo;;3820.00;3820.00;4698.60;4698.60;23;23.00;PLN;Felgi;NDI;;2.0000;;https://static.abstore.pl/img/grasdorf/0bf44f14-6428-485a-85f7-7a5111974b5a/l/felga-16x46-10%252F335%252F281%252Fet-46-ndi-f79-jd.jpg,https://static.abstore.pl/img/grasdorf/fd4291cb-8886-4abb-abca-fcdfc801b6a1/l/felga-16x46-10%252F335%252F281%252Fet-46-ndi-f79-jd.jpg,https://static.abstore.pl/img/grasdorf/6b7281a4-51e2-47ee-877a-d8d38e107f5e/l/felga-16x46-10%252F335%252F281%252Fet-46-ndi-f79-jd.jpg;demo;;;;;;;;;;4616;1646f79;
8154;11598;;712mov43159108;Felga 7x12 5/140/94/ET0 Moveero 43159108;;;150.00;150.00;184.50;184.50;23;23.00;PLN;Felgi;Moveero;;1.0000;;;nowa;;;;;;;;;;70012;712mov43159108;
8156;11603;;20305moveero11300703;Felga 20x30.5 10/335/281/ET0 Moveero;1130070318;;2150.00;2150.00;2644.50;2644.50;23;23.00;PLN;Felgi;Moveero;;2.0000;;https://static.abstore.pl/img/grasdorf/b8c6722d-6828-4c98-9e8e-0f126695e89c/l/felga-20x30-5-10%252F335%252F281%252Fet0-moveero.jpg,https://static.abstore.pl/img/grasdorf/6aecafe7-e1b6-4576-a000-3a571e4ed78d/l/felga-20x30-5-10%252F335%252F281%252Fet0-moveero.jpg,https://static.abstore.pl/img/grasdorf/9a40fbf8-0e79-4cd8-a631-a3dc9d61417b/l/felga-20x30-5-10%252F335%252F281%252Fet0-moveero.jpg;nowa;;;;;;;;;;2000305;20305moveero11300703;
8157;11605;;1630f81;Felga 16x30 10/335/281/ET+70 NDI F81;demo JD;;2410.00;2410.00;2964.30;2964.30;23;23.00;PLN;Felgi;NDI;;2.0000;;;demo;;;;;;;;;;3016;1630f81;
8158;11607;;1048f83;Felga 10x48 10/335/281/ET+100 Grasdorf;F83 demo;;3010.00;3010.00;3702.30;3702.30;23;23.00;PLN;Felgi;Grasdorf;;2.0000;;https://static.abstore.pl/img/grasdorf/581bdc44-2994-4cbb-b01e-e1e10be8bfb0/l/felga-10x48-10%252F335%252F281%252Fet-100-grasdorf.jpg,https://static.abstore.pl/img/grasdorf/bcfda3ad-449b-4a87-83e5-b38ddd0a96b5/l/felga-10x48-10%252F335%252F281%252Fet-100-grasdorf.jpg,https://static.abstore.pl/img/grasdorf/1e0d1367-389c-4545-8495-62db4b8fd214/l/felga-10x48-10%252F335%252F281%252Fet-100-grasdorf.jpg;demo;;;;;;;;;;4810;1048f83;
8159;11142;;1320gknK20S54901;Felga 13x20 10/335/281/ET0 GKN K20S4901;;;450.00;450.00;553.50;553.50;23;23.00;PLN;Felgi;GKN;;2.0000;;https://static.abstore.pl/img/grasdorf/55565d8f-6cbb-4f2c-b811-ceb2c727083c/l/felga-13x20-10%252F335%252F281%252Fet0-gkn-k20s4901.jpg,https://static.abstore.pl/img/grasdorf/9b872255-8865-4d88-9b96-64fcb89eddf4/l/felga-13x20-10%252F335%252F281%252Fet0-gkn-k20s4901.jpg,https://static.abstore.pl/img/grasdorf/ce39111e-5b18-483e-97a3-b6bd2e800fe5/l/felga-13x20-10%252F335%252F281%252Fet0-gkn-k20s4901.jpg;nowa;;;;;;;;;;2013;1320gknK20S54901;
8160;11608;;16225f22516149demo;Felga 16x22.5 6/205/161/ET-70 Pronar;225.16.149 Fendt demo;;970.00;790.00;1193.10;971.70;23;23.00;PLN;Felgi;Pronar;;2.0000;;https://static.abstore.pl/img/grasdorf/2ff3b2f6-9de1-4621-aeff-8da020318e78/l/felga-16x22-5-6%252F205%252F161%252Fet-70-pronar.jpg,https://static.abstore.pl/img/grasdorf/a57d38a1-2272-4039-9765-f5383c6183cd/l/felga-16x22-5-6%252F205%252F161%252Fet-70-pronar.jpg,https://static.abstore.pl/img/grasdorf/612d47f1-5f1e-4c8f-9419-37d12cc81845/l/felga-16x22-5-6%252F205%252F161%252Fet-70-pronar.jpg;demo;;;;;;;;;;1600225;16225f22516149demo;
8163;11612;;2028f85;Felga 20x28 10/335/281/ET-67 F85 demo JD;;;2130.00;2130.00;2619.90;2619.90;23;23.00;PLN;Felgi;Pronar;;2.0000;;;demo;;;;;;;;;;2820;2028f85;
8164;11614;;3042f87;Felga 30x42 12/814/764/ET F87 demo JD;CTIS;;4390.00;4390.00;5399.70;5399.70;23;23.00;PLN;Felgi;;;2.0000;;;demo;;;;;;;;;;4230;3042f87;
3312;4909;8903635028246;4807028Aaii;Opona 480/70R28 Alliance AGRISTAR II 70;140D TL;;2190.00;2190.00;2693.70;2693.70;23;23.00;PLN;Opony/Opony rolnicze i przemysłowe/Opony Alliance;Alliance;;2.0000;;https://static.abstore.pl/img/grasdorf/4545a51b-2c19-45a4-b496-c473f5ffb12c/l/opona-480%252F70r28-alliance-agristar-ii-70.jpg;nowa;AGRISTAR II 70;Radialna;Bezdętkowa (TL);140D (2500 kg przy 65 km/h);;Opona rolnicza;480/70;;28;;4807028Aaii;
3514;3710;8903094040728;10505032BKT2;Opona 1050/50R32 BKT Agrimax Teris;184A8/181B TL;;13300.00;12660.00;16359.00;15571.80;23;23.00;PLN;Opony/Opony rolnicze i przemysłowe/Opony BKT;BKT;;2.0000;;https://static.abstore.pl/img/grasdorf/12bff4de-d517-443f-96d1-21f50cf8ac65/l/opona-1050%252F50r32-bkt-agrimax-teris.jpg;nowa;Agrimax Teris;Radialna;Bezdętkowa (TL);184A8/181B (9000 kg przy 40 km/h);;Opona rolnicza;1050/50;;32;1757;10505032BKT2;
3279;4838;8903635028741;4208538Aaii;Opona 420/85R38 Alliance AGRISTAR II 85;144D TL (16.9R38);;2410.00;2410.00;2964.30;2964.30;23;23.00;PLN;Opony/Opony rolnicze i przemysłowe/Opony Alliance;Alliance;;2.0000;;https://static.abstore.pl/img/grasdorf/becaeab0-dd16-46ff-bd7a-e7cccb460686/l/opona-420%252F85r38-alliance-agristar-ii-85.jpg;nowa;AGRISTAR II 85;Radialna;Bezdętkowa (TL);144D (2800 kg przy 65 km/h);;Opona rolnicza;16.9 (420/85, 420/80, 440/80);;38;16938Aaii;4208538Aaii;
3313;4910;8903635028215;4807030Aaii;Opona 480/70R30 Alliance AGRISTAR II 70;141D TL;;2260.00;2260.00;2779.80;2779.80;23;23.00;PLN;Opony/Opony rolnicze i przemysłowe/Opony Alliance;Alliance;;4.0000;;https://static.abstore.pl/img/grasdorf/3c3d55cc-260c-43e1-b341-9a9116780566/l/opona-480%252F70r30-alliance-agristar-ii-70.jpg;nowa;AGRISTAR II 70;Radialna;Bezdętkowa (TL);141D (2575 kg przy 65 km/h);;Opona rolnicza;480/70;;30;;4807030Aaii;
2870;4119;8903094036622;2585014BKTlg;Opona 25x8.50-14 BKT LG 306 6PR TL;(215/65-14);;310.00;310.00;381.30;381.30;23;23.00;PLN;Opony/Opony rolnicze i przemysłowe/Opony BKT;BKT;;9.0000;;https://static.abstore.pl/img/grasdorf/216f1686-5dc2-466f-afd7-ec524d0c752f/l/opona-25x8-50-14-bkt-lg-306-6pr-tl.jpg;nowa;LG 306;Diagonalna;Bezdętkowa (TL);;6 PR;Opona rolnicza;25x8.50;;14;258514BKTlg;2585014BKTlg;
2498;3787;8059971018226;3206012TR2;Opona 320/60-12 Trelleborg T421 132A8 TL;;;810.00;810.00;996.30;996.30;23;23.00;PLN;Opony/Opony rolnicze i przemysłowe/Opony Trelleborg;Trelleborg;;7.0000;;https://static.abstore.pl/img/grasdorf/10876c82-7b89-420e-a0ce-110287e75bb3/l/opona-320%252F60-12-trelleborg-t421-132a8-tl.jpg;nowa;T421;Diagonalna;Bezdętkowa (TL);132A8 (2000 kg przy 40 km/h);;Opona rolnicza;320/60;;12;1800;3206012TR2;
3453;4073;8903635011095;56060225A885;Opona 560/60R22.5 Alliance 885 164D TL;;;2020.00;2020.00;2484.60;2484.60;23;23.00;PLN;Opony/Opony rolnicze i przemysłowe/Opony Alliance;Alliance;;4.0000;;https://static.abstore.pl/img/grasdorf/a4e13b67-8aa1-442f-83b8-fe23d87c62ea/l/opona-560%252F60r22-5-alliance-885-164d-tl.jpg;nowa;A-885;Radialna;Bezdętkowa (TL);164D (5000 kg przy 65 km/h);;Opona rolnicza;560/60;;22.5;1872;56060225A885;
2862;4070;8903094020683;75020BKT;Opona 7.50-20 BKT TF 8181 6PR TT;;;330.00;330.00;405.90;405.90;23;23.00;PLN;Opony/Opony rolnicze i przemysłowe/Opony BKT;BKT;;3.0000;;https://static.abstore.pl/img/grasdorf/6801988d-1501-496b-ab9b-d47d68fd3ec8/l/opona-7-50-20-bkt-tf-8181-6pr-tt.jpg;nowa;TF 8181;Diagonalna;Dętkowa (TT);;6 PR;Opona rolnicza;7.50;;20;7520BKT;75020BKT;
3318;4915;8903635028673;3208532Aaii;Opona 320/85R32 Alliance AGRISTAR II 85;126D TL (12.4R32);;1340.00;1340.00;1648.20;1648.20;23;23.00;PLN;Opony/Opony rolnicze i przemysłowe/Opony Alliance;Alliance;;2.0000;;https://static.abstore.pl/img/grasdorf/4bacf90b-381a-43e0-8300-7c058d44c230/l/opona-320%252F85r32-alliance-agristar-ii-85.jpg;nowa;AGRISTAR II 85;Radialna;Bezdętkowa (TL);126D (1700 kg przy 65 km/h);;Opona rolnicza;12.4 (320/85, 300/95, 320/90);;32;12432Aaii;3208532Aaii;Opona 320/85R32 Alliance AGRISTAR II 85 126D TL (12.4R32)
2263;201;;śrMD+k;Śruba MD+ 550 mm;;;105.00;105.00;129.15;129.15;23;23.00;PLN;Łączniki kół bliźniaczych;Starco;;343.0000;;https://static.abstore.pl/img/grasdorf/6eecf7fc-037f-43cf-9491-048cc3e0ff1c/l/sruba-md-550-mm.jpg;;;;;;;;;;;02-1947;śrMD+k;
3391;5012;3528700393187;d60016;Dętka Kleber 16" 6.00 6.50 TR218A;(6.00-16, 6.50-16) 39318;;91.00;91.00;111.93;111.93;23;23.00;PLN;Dętki;Kleber;;3.0000;;https://static.abstore.pl/img/grasdorf/ef353ec3-d932-49f7-b5bb-217d2b55f2f4/l/detka-kleber-16-6-00-6-50-tr218a.png,https://static.abstore.pl/img/grasdorf/3eef2c20-08cd-4543-887e-b9400c08d9f8/l/detka-kleber-16-6-00-6-50-tr218a.jpg,https://static.abstore.pl/img/grasdorf/c395b756-30d0-4884-beec-039bee904907/l/detka-kleber-16-6-00-6-50-tr218a.png;nowa;;;;;;;;;;d65016;d60016;
2694;4014;3528702362341;10505032Mi;Opona 1050/50R32 Michelin MEGAXBIB M28;178A8 TL;;27230.00;27230.00;33492.90;33492.90;23;23.00;PLN;Opony/Opony rolnicze i przemysłowe/Opony Michelin;Michelin;;2.0000;;https://static.abstore.pl/img/grasdorf/1b5c4f1e-3b04-4940-afa9-12ce6ef813b1/l/opona-1050%252F50r32-michelin-megaxbib-m28.jpg;nowa;Megaxbib M28;Radialna;Bezdętkowa (TL);178A8 (7500 kg przy 40 km/h);;Opona rolnicza;1050/50;;32;1822;10505032Mi;
3399;5020;3528701700250;d3408018;Dętka Kleber 18"/20" TR218A (12.0-18,;12.5-18, 12.5/80-18, 340/80-18, 320/65R18, 340/65R18, 12.4R20, 320/85R20, 340/80R20, 12.5/80R20, 340/75R20) 170025;;139.00;139.00;170.97;170.97;23;23.00;PLN;Dętki;Kleber;;5.0000;;https://static.abstore.pl/img/grasdorf/e3b32b78-37bc-4239-858e-3d38ccd59f21/l/detka-kleber-18-%252F20-tr218a-12-0-18-.png,https://static.abstore.pl/img/grasdorf/984312a6-f11b-40d7-92b8-c8dd0cb357f5/l/detka-kleber-18-%252F20-tr218a-12-0-18-.jpg,https://static.abstore.pl/img/grasdorf/4a7ff5c0-b723-4142-866d-bb9cc7254d8e/l/detka-kleber-18-%252F20-tr218a-12-0-18-.png;nowa;;;;;;;;;;d3408020;d3408018;
3374;242;3528708237469;d23126;Dętka Kleber 26" 23.1 620/75 TR218A;(23.1R26, 620/75R26, 620/70R26, 580/70R26) 823746;;582.00;582.00;715.86;715.86;23;23.00;PLN;Dętki;Kleber;;1.0000;;https://static.abstore.pl/img/grasdorf/9744e5e2-f182-433e-af84-a54d12cea41d/l/detka-kleber-26-23-1-620%252F75-tr218a.png,https://static.abstore.pl/img/grasdorf/0fd6e21c-510f-403b-8575-7c3bd426e154/l/detka-kleber-26-23-1-620%252F75-tr218a.jpg,https://static.abstore.pl/img/grasdorf/fbcc9f5f-332a-43b1-9e54-d9336d87ad7a/l/detka-kleber-26-23-1-620%252F75-tr218a.png;nowa;;;;;;;;;;d6207526;d23126;
2342;3446;3528706995323;2709544KL;Opona 270/95R44 Kleber CROPKER;142D/145A8 TL (11.2R44);;2450.00;2450.00;3013.50;3013.50;23;23.00;PLN;Opony/Opony rolnicze i przemysłowe/Opony Kleber;Kleber;;4.0000;;https://static.abstore.pl/img/grasdorf/197da4a9-b140-4c6b-b0ca-0fd0d93ba101/l/opona-270%252F95r44-kleber-cropker.jpg;nowa;Cropker;Radialna;Bezdętkowa (TL);142D/145A8 (2900 kg przy 40 km/h);;Opona rolnicza;11.2 (270/95, 280/85);;44;1595;2709544KL;
3431;5052;3528701700762;d14938;Dętka Kleber 38" 14.9 16.9 TR218A;(14.9R38, 380/85R38, 16.9R38, 420/85R38, 480/70R38) 170076;;376.00;376.00;462.48;462.48;23;23.00;PLN;Dętki;Kleber;;1.0000;;https://static.abstore.pl/img/grasdorf/10523e62-ab94-4157-9ec0-5124a5730d92/l/detka-kleber-38-14-9-16-9-tr218a.png,https://static.abstore.pl/img/grasdorf/9988e09b-2492-44d9-954b-b1d95faed729/l/detka-kleber-38-14-9-16-9-tr218a.jpg,https://static.abstore.pl/img/grasdorf/6eaf0e14-2980-4dbf-ad7a-e598a6f087c6/l/detka-kleber-38-14-9-16-9-tr218a.png;nowa;;;;;;;;;;d16938;d14938;
3380;3513;3528702033760;d3009546;Dętka Kleber 46"/48" TR218A 12.4;(300/95R46, 12.4R46, 320/90R46, 340/85R46, 380/90R46, 420/80R46, 230/95R48, 9.5R48, 270/95R48, 11.2R48) 203376;;387.00;387.00;476.01;476.01;23;23.00;PLN;Dętki;Kleber;;2.0000;;https://static.abstore.pl/img/grasdorf/558930c2-ea0e-4c94-90fe-e236e17ed5ce/l/detka-kleber-46-%252F48-tr218a-12-4.png,https://static.abstore.pl/img/grasdorf/513f88fc-4fff-4355-a41d-73c1082a5297/l/detka-kleber-46-%252F48-tr218a-12-4.jpg,https://static.abstore.pl/img/grasdorf/26e287d0-1dd2-4712-bf05-113dac9a7ef2/l/detka-kleber-46-%252F48-tr218a-12-4.png;nowa;;;;;;;;;;d3809046;d3009546;
3326;4923;8903635028222;3808524Aaii;Opona 380/85R24 Alliance AGRISTAR II 85;131D TL (14.9R24);;1450.00;1450.00;1783.50;1783.50;23;23.00;PLN;Opony/Opony rolnicze i przemysłowe/Opony Alliance;Alliance;;3.0000;;https://static.abstore.pl/img/grasdorf/e4bfd723-d535-43c8-bfda-c8ff76d08084/l/opona-380%252F85r24-alliance-agristar-ii-85.jpg;nowa;AGRISTAR II 85;Radialna;Bezdętkowa (TL);131D (1950 kg przy 65 km/h);;Opona rolnicza;14.9 (380/85, 380/90, 400/80);;24;14924Aaii;3808524Aaii;
3130;4533;8903094004720;816BKTTR1444;Opona 8-16 BKT TR 144 6PR TT;;;300.00;300.00;369.00;369.00;23;23.00;PLN;Opony/Opony rolnicze i przemysłowe/Opony BKT;BKT;;4.0000;;https://static.abstore.pl/img/grasdorf/c508b411-01e9-45ea-b693-7d22a992d3d6/l/opona-8-16-bkt-tr-144-6pr-tt.jpg;nowa;TR 144;Diagonalna;Dętkowa (TT);;6 PR;Opona rolnicza;8;;16;;816BKTTR1444;
3701;5595;3528708177116;4608534m;Opona 460/85R34 Michelin AGRIBIB 2 DOT21;152A8/152B TL (18.4R34);;5710.00;4790.00;7023.30;5891.70;23;23.00;PLN;Opony/Opony rolnicze i przemysłowe/Opony Michelin;Michelin;;2.0000;;https://static.abstore.pl/img/grasdorf/35dd60b7-c262-4801-9c8a-bf714ea24980/l/opona-460%252F85r34-michelin-agribib-2-dot21.png;nowa (DOT 2021);Agribib 2;Radialna;Bezdętkowa (TL);152A8/152B (3550 kg przy 40 km/h);;Opona rolnicza;18.4 (460/85, 480/80);;34;18434m;4608534m;
2323;3380;;3209042gy;Opona IF320/90R42 GoodYear Ultra Sprayer;DOT20 150D TL (12.4R42);;1400.00;1400.00;1722.00;1722.00;23;23.00;PLN;Opony/Opony rolnicze i przemysłowe/Pozostałe;Goodyear;;2.0000;;https://static.abstore.pl/img/grasdorf/fad0413e-dacc-4e9e-bca2-d2d00d5db3b0/l/opona-if320%252F90r42-goodyear-ultra-sprayer.jpg;nowa (DOT 2020);DT 800;Radialna;Bezdętkowa (TL);150D (3350 kg przy 65 km/h);;Opona rolnicza;12.4 (320/85, 300/95, 320/90);;42;12442gy;3209042gy;
2861;4047;8903094019151;50015BKT;Opona 5.00-15 BKT AS 504 6PR TT;;;140.00;140.00;172.20;172.20;23;23.00;PLN;Opony/Opony rolnicze i przemysłowe/Opony BKT;BKT;;12.0000;;https://static.abstore.pl/img/grasdorf/75282631-c102-495a-b7c0-188028151193/l/opona-5-00-15-bkt-as-504-6pr-tt.jpg;nowa;AS 504;Diagonalna;Dętkowa (TT);;6 PR;Opona rolnicza;5.00;;15;515BKT;50015BKT;
2858;4032;8903094042050;2585014BKT;Opona 25x8.50-14 BKT Skid Power HD 6PR;(215/65-14) TL;;260.00;260.00;319.80;319.80;23;23.00;PLN;Opony/Opony rolnicze i przemysłowe/Opony BKT;BKT;;5.0000;;https://static.abstore.pl/img/grasdorf/1fd6b049-1f29-4448-9e84-17012c7e97b7/l/opona-25x8-50-14-bkt-skid-power-hd-6pr.jpg;nowa;Skid Power HD;Diagonalna;Bezdętkowa (TL);;6 PR;Opona przemysłowa/komunalna;25x8.50;;14;258514BKT;2585014BKT;
3505;5196;8903094060733;5206028BKT;Opona VF520/60R28 BKT Agrimax V-Flecto;149D TL;;3480.00;3480.00;4280.40;4280.40;23;23.00;PLN;Opony/Opony rolnicze i przemysłowe/Opony BKT;BKT;;4.0000;;https://static.abstore.pl/img/grasdorf/23b8d766-384a-49a2-9e7a-915e97ad8a6f/l/opona-vf520%252F60r28-bkt-agrimax-v-flecto.jpg;nowa;V-Fleco;Radialna;Bezdętkowa (TL);149D (3250 kg przy 65 km/h);;Opona rolnicza;520/60;;28;2273;5206028BKT;
2320;3379;3528701442945;7106042mx;Opona VF710/60R42 Michelin XEOBIB DOT23;161D TL;;17310.00;14520.00;21291.30;17859.60;23;23.00;PLN;Opony/Opony rolnicze i przemysłowe/Opony Michelin;Michelin;;2.0000;;https://static.abstore.pl/img/grasdorf/c9d5b595-9a37-495f-aa4e-09fa09b473d2/l/opona-vf710%252F60r42-michelin-xeobib-dot23.jpg;nowa (DOT 2023);Xeobib;Radialna;Bezdętkowa (TL);161D (4625 kg przy 65 km/h);;Opona rolnicza;710/60;;42;7106042mx;7106042mx;
3241;4727;;4406528MTdemo;Opona 440/65R28 Mitas AC 65 demo;131D/134A8 TL;;2270.00;2000.00;2792.10;2460.00;23;23.00;PLN;Opony/Opony rolnicze i przemysłowe/Opony Mitas;Mitas;;4.0000;;https://static.abstore.pl/img/grasdorf/86d83dd7-b625-488c-a6d1-180abc780236/l/opona-440%252F65r28-mitas-ac-65-demo.jpg,https://static.abstore.pl/img/grasdorf/4ece2f6b-9de4-4630-bc3b-5c91a3126a3b/l/opona-440%252F65r28-mitas-ac-65-demo.jpg,https://static.abstore.pl/img/grasdorf/9e167b2a-3341-4d85-971e-6ba4052c7107/l/opona-440%252F65r28-mitas-ac-65-demo.jpg,https://static.abstore.pl/img/grasdorf/e09aa0ef-b47c-4de2-9636-fe763771b66f/l/opona-440%252F65r28-mitas-ac-65-demo.jpg,https://static.abstore.pl/img/grasdorf/0a6d0623-3e52-4ae2-95d4-1008bf44efd6/l/opona-440%252F65r28-mitas-ac-65-demo.jpg,https://static.abstore.pl/img/grasdorf/dff5975b-8349-49ae-bdce-b3e128e60518/l/opona-440%252F65r28-mitas-ac-65-demo.jpg,https://static.abstore.pl/img/grasdorf/aba674fc-0b28-4d6a-a069-1632572ec5e4/l/opona-440%252F65r28-mitas-ac-65-demo.jpg,https://static.abstore.pl/img/grasdorf/65e5cb55-6471-4c88-bc0e-5e977d5fbb8d/l/opona-440%252F65r28-mitas-ac-65-demo.jpg,https://static.abstore.pl/img/grasdorf/7c2c6208-c3fe-4ee5-8417-904052f72765/l/opona-440%252F65r28-mitas-ac-65-demo.jpg,https://static.abstore.pl/img/grasdorf/80955c1e-721b-42c0-b46c-2b0f78895e7f/l/opona-440%252F65r28-mitas-ac-65-demo.jpg,https://static.abstore.pl/img/grasdorf/2988e626-5818-4204-b9cd-ef985b77c3c8/l/opona-440%252F65r28-mitas-ac-65-demo.jpg,https://static.abstore.pl/img/grasdorf/c5544e00-bc86-4f1c-9dcb-236823422287/l/opona-440%252F65r28-mitas-ac-65-demo.jpg,https://static.abstore.pl/img/grasdorf/195c9a08-e887-43f1-960e-b78c61f7e47d/l/opona-440%252F65r28-mitas-ac-65-demo.jpg;pokazowa;AC 65;Radialna;Bezdętkowa (TL);131D/134A8 (2120 kg przy 40 km/h);;Opona rolnicza;440/65;;28;2081;4406528MTdemo;
3283;4848;8903635028819;6508538Aaii;Opona 650/85R38 Alliance AGRISTAR II 85;173D TL;;6590.00;6590.00;8105.70;8105.70;23;23.00;PLN;Opony/Opony rolnicze i przemysłowe/Opony Alliance;Alliance;;2.0000;;https://static.abstore.pl/img/grasdorf/12bda178-93ac-483b-b608-98c042362fbc/l/opona-650%252F85r38-alliance-agristar-ii-85.jpg;nowa;AGRISTAR II 85;Radialna;Bezdętkowa (TL);173D (6500 kg przy 65 km/h);;Opona rolnicza;650/85;;38;2147;6508538Aaii;
3384;5005;3528701701523;d5208538;Dętka Kleber 38" 520/85 650/65 TR218A;(520/85R38, 20.8R38, 580/70R38, 600/65R38, 650/60R38, 650/65R38, 710/60R38) 170152;;585.00;585.00;719.55;719.55;23;23.00;PLN;Dętki;Kleber;;1.0000;;https://static.abstore.pl/img/grasdorf/f0196a9f-a14e-4455-8ac1-978cf7549606/l/detka-kleber-38-520%252F85-650%252F65-tr218a.png,https://static.abstore.pl/img/grasdorf/8aafe6f1-8f27-4db3-b633-444ddf21906a/l/detka-kleber-38-520%252F85-650%252F65-tr218a.jpg,https://static.abstore.pl/img/grasdorf/2f29929d-276f-4777-ad3b-497f6c162d1e/l/detka-kleber-38-520%252F85-650%252F65-tr218a.png;nowa;;;;;;;;;;d6506538;d5208538;
3769;5847;8903635011040;4408028Gdemo;Opona 440/80R28 Galaxy Multi Tough demo;DOT21 (16.9R28);;2320.00;1910.00;2853.60;2349.30;23;23.00;PLN;Opony/Opony rolnicze i przemysłowe/Pozostałe;Galaxy;;4.0000;;https://static.abstore.pl/img/grasdorf/9cfcf07c-9372-4314-9f8d-9437c1583712/l/opona-440%252F80r28-galaxy-multi-tough-demo.jpg,https://static.abstore.pl/img/grasdorf/75219e53-d804-4c91-a96c-86b69f09d779/l/opona-440%252F80r28-galaxy-multi-tough-demo.jpg,https://static.abstore.pl/img/grasdorf/78f6bb45-08e9-4539-9cf2-75c4de7b0540/l/opona-440%252F80r28-galaxy-multi-tough-demo.jpg,https://static.abstore.pl/img/grasdorf/aaf03966-1958-4ed3-982a-7f0948722efd/l/opona-440%252F80r28-galaxy-multi-tough-demo.jpg,https://static.abstore.pl/img/grasdorf/33d0230d-4e1a-4b63-8ecd-eec80f46e6c0/l/opona-440%252F80r28-galaxy-multi-tough-demo.jpg;pokazowa (DOT 2021);Multi Tough;Radialna;Bezdętkowa (TL);156A8 (4000 kg przy 40 km/h);;Opona przemysłowa/komunalna;16.9 (420/85, 420/80, 440/80);;28;16928Gdemo;4408028Gdemo;
3479;5159;3528704677122;3209054MAGRI;Opona IF320/90R54 Michelin AGRIBIB RC;DOT22 159A8/159B TL;;7280.00;4860.00;8954.40;5977.80;23;23.00;PLN;Opony/Opony rolnicze i przemysłowe/Opony Michelin;Michelin;;4.0000;;https://static.abstore.pl/img/grasdorf/8f46938a-00bb-463a-a28f-6ecd9c0d8b64/l/opona-if320%252F90r54-michelin-agribib-rc.jpg;nowa (DOT 2022);AGRIBIB RC;Radialna;Bezdętkowa (TL);159A8/159B (4375 kg przy 40 km/h);;Opona rolnicza;12.4 (320/85, 300/95, 320/90);;54;12454mif;3209054MAGRI;
3308;4905;8903635028369;5807038Aaii3;Opona 580/70R38 Alliance AGRISTAR II 70;180D TL;;4370.00;4370.00;5375.10;5375.10;23;23.00;PLN;Opony/Opony rolnicze i przemysłowe/Opony Alliance;Alliance;;2.0000;;https://static.abstore.pl/img/grasdorf/f7693725-19d7-44f3-89e6-51907b40a9c1/l/opona-580%252F70r38-alliance-agristar-ii-70.jpg;nowa;AGRISTAR II 70;Radialna;Bezdętkowa (TL);180D (8000 kg przy 65 km/h);;Opona rolnicza;580/70;;38;;5807038Aaii3;
2828;315;8903094056033;2785015BKT;Opona 27x8.50-15 BKT Skid Power HD 8PR;TL;;320.00;320.00;393.60;393.60;23;23.00;PLN;Opony/Opony rolnicze i przemysłowe/Opony BKT;BKT;;2.0000;;https://static.abstore.pl/img/grasdorf/0dbd7a49-bf3a-434c-bf29-ef0533bdd600/l/opona-27x8-50-15-bkt-skid-power-hd-8pr.jpg;nowa;Skid Power HD;Diagonalna;Bezdętkowa (TL);;8 PR;Opona przemysłowa/komunalna;27x8.50;;15;278515BKT;2785015BKT;
2267;922;;śrS;Śruba STOCKS;;;150.00;150.00;184.50;184.50;23;23.00;PLN;Łączniki kół bliźniaczych;Stocks AG;;24.0000;;https://static.abstore.pl/img/grasdorf/0cd525cd-e8d7-41c5-9ef5-298d7f8fe618/l/sruba-stocks.jpg;;;;;;;;;;;SR-7090;śrS;
3242;4728;;5406538MTdemo;Opona 540/65R38 Mitas AC 65 demo;147D/150A8 TL;;3990.00;3420.00;4907.70;4206.60;23;23.00;PLN;Opony/Opony rolnicze i przemysłowe/Opony Mitas;Mitas;;4.0000;;https://static.abstore.pl/img/grasdorf/bdbb436d-cd55-418a-986f-de450f873b77/l/opona-540%252F65r38-mitas-ac-65-demo.jpg,https://static.abstore.pl/img/grasdorf/6d2960bf-98eb-4cd3-804e-55cf9c762c66/l/opona-540%252F65r38-mitas-ac-65-demo.jpg,https://static.abstore.pl/img/grasdorf/8574ff26-0b6b-4511-90ba-284ebdfa72ec/l/opona-540%252F65r38-mitas-ac-65-demo.jpg,https://static.abstore.pl/img/grasdorf/5499fa5b-0293-438f-bb63-6a869954b695/l/opona-540%252F65r38-mitas-ac-65-demo.jpg,https://static.abstore.pl/img/grasdorf/f880a2f9-9729-44ed-a555-aad9cebafb1a/l/opona-540%252F65r38-mitas-ac-65-demo.jpg,https://static.abstore.pl/img/grasdorf/1df57eb7-b372-4a87-bd84-1e15d57795ce/l/opona-540%252F65r38-mitas-ac-65-demo.jpg,https://static.abstore.pl/img/grasdorf/cbddc786-8616-4024-8ef9-658409c9cfc2/l/opona-540%252F65r38-mitas-ac-65-demo.jpg,https://static.abstore.pl/img/grasdorf/3dbe6271-8b0e-4b49-a44b-1f6cc0e8ce48/l/opona-540%252F65r38-mitas-ac-65-demo.jpg,https://static.abstore.pl/img/grasdorf/57817119-0d42-441b-b8b2-8ea3c3032710/l/opona-540%252F65r38-mitas-ac-65-demo.jpg,https://static.abstore.pl/img/grasdorf/a2db91ec-e17a-4384-81f1-7449dcbb44d2/l/opona-540%252F65r38-mitas-ac-65-demo.jpg,https://static.abstore.pl/img/grasdorf/8349a4f7-2e7b-4650-8990-c657d78f39df/l/opona-540%252F65r38-mitas-ac-65-demo.jpg,https://static.abstore.pl/img/grasdorf/07f8e112-4112-41df-9c7d-49d4ca8ab14f/l/opona-540%252F65r38-mitas-ac-65-demo.jpg;pokazowa;AC 65;Radialna;Bezdętkowa (TL);147D/150A8 (3350 kg przy 40 km/h);;Opona rolnicza;540/65;;38;002082;5406538MTdemo;
3003;4406;8903094017867;27105015BKTSkidPower;Opona 27x10.50-15 BKT Skid Power HD;8PR TL;;410.00;410.00;504.30;504.30;23;23.00;PLN;Opony/Opony rolnicze i przemysłowe/Opony BKT;BKT;;2.0000;;https://static.abstore.pl/img/grasdorf/030b967d-b683-4a51-89fa-f8bc9762ea25/l/opona-27x10-50-15-bkt-skid-power-hd.jpg;nowa;Skid Power HD;Diagonalna;Bezdętkowa (TL);;8 PR;Opona przemysłowa/komunalna;27x10.50;;15;;27105015BKTSkidPower;
2310;209;;szS;Szybkosprzęg STOCKS;;;290.00;290.00;356.70;356.70;23;23.00;PLN;Łączniki kół bliźniaczych;Stocks AG;;40.0000;;https://static.abstore.pl/img/grasdorf/ef082803-50df-42a1-89e1-0f7697bfcb3f/l/szybkosprzeg-stocks.jpg,https://static.abstore.pl/img/grasdorf/3f33a5f5-340c-4359-8b99-ce2babf9d539/l/szybkosprzeg-stocks.jpg,https://static.abstore.pl/img/grasdorf/6054ac5b-865b-4526-bd2e-c052a3651250/l/szybkosprzeg-stocks.jpg;;;;;;;;;;;02-1994;szS;
3742;5700;3286340562119;2508524FiP85;Opona 250/85R24 Firestone Performer 85;109D/106E TL;;910.00;910.00;1119.30;1119.30;23;23.00;PLN;Opony/Opony rolnicze i przemysłowe/Opony Firestone;Firestone;;4.0000;;https://static.abstore.pl/img/grasdorf/1b7bbfd9-2296-45da-a94a-1898e4f1d4e8/l/opona-250%252F85r24-firestone-performer-85.jpg;nowa;Performer 85;Radialna;Bezdętkowa (TL);109D/106E (1030 kg przy 65 km/h);;Opona rolnicza;9.5 (250/85, 230/95);;24;9524FiP85;2508524FiP85;
3263;4216;6419440454313;3658020N;Opona 365/80R20 Nokian MPT Agile TL;DOT19;;3690.00;2920.00;4538.70;3591.60;23;23.00;PLN;Opony/Opony rolnicze i przemysłowe/Pozostałe;Nokian;;4.0000;;https://static.abstore.pl/img/grasdorf/e2b166be-b560-467c-adb2-0f682d67cac4/l/opona-365%252F80r20-nokian-mpt-agile-tl.jpg;nowa (DOT 2019);MPT Agile;Radialna;Bezdętkowa (TL);152G (3550 kg przy 90 km/h);;Opona przemysłowa/komunalna;365/80;;20;1938;3658020N;
3159;3125;8903635012597;10075153A;Opona 10.0/75-15.3 Alliance 320 14PR TL;;;290.00;270.00;356.70;332.10;23;23.00;PLN;Opony/Opony rolnicze i przemysłowe/Opony Alliance;Alliance;;12.0000;;https://static.abstore.pl/img/grasdorf/15228d84-d9fa-4ca4-9dd4-66f79655658e/l/opona-10-0%252F75-15-3-alliance-320-14pr-tl.png;nowa;320;Diagonalna;Bezdętkowa (TL);;14 PR;Opona rolnicza;10.0/75;;15.3;1075153;10075153A;
3468;5149;3528706905209;6508538KTOPK;Opona IF650/85R38 Kleber TOPKER;179D/175E TL;;14350.00;14350.00;17650.50;17650.50;23;23.00;PLN;Opony/Opony rolnicze i przemysłowe/Opony Kleber;Kleber;;2.0000;;https://static.abstore.pl/img/grasdorf/f751a454-0a46-4355-93b0-3095d1137381/l/opona-if650%252F85r38-kleber-topker.jpg;nowa;TOPKER;Radialna;Bezdętkowa (TL);179D/175E (7750 kg przy 65 km/h);;Opona rolnicza;650/85;;38;;6508538KTOPK;
2485;3728;8059971018769;2385012TR;Opona 23x8.50-12 Trelleborg T463 10PR TL;;;520.00;520.00;639.60;639.60;23;23.00;PLN;Opony/Opony rolnicze i przemysłowe/Opony Trelleborg;Trelleborg;;7.0000;;https://static.abstore.pl/img/grasdorf/5e6e2283-2867-4954-b0bf-5860059d90ee/l/opona-23x8-50-12-trelleborg-t463-10pr-tl.jpg;nowa;T463;Diagonalna;Bezdętkowa (TL);;10 PR;Opona przemysłowa/komunalna;23x8.50;;12;238512TR;2385012TR;
3424;5045;3528700131093;d8332;Dętka Kleber 32" 8.3 9.5 TR218A (8.3R32,;210/95R32, 9.5R32, 230/95R32) 13109;;202.00;202.00;248.46;248.46;23;23.00;PLN;Dętki;Kleber;;2.0000;;https://static.abstore.pl/img/grasdorf/982ab875-b328-49e0-8363-4c2383d65c8a/l/detka-kleber-32-8-3-9-5-tr218a-8-3r32-.png,https://static.abstore.pl/img/grasdorf/d6480fc1-ccd9-43c7-908a-b45c85f7a73e/l/detka-kleber-32-8-3-9-5-tr218a-8-3r32-.jpg,https://static.abstore.pl/img/grasdorf/567d0077-9dc1-4417-b637-89cf34abd663/l/detka-kleber-32-8-3-9-5-tr218a-8-3r32-.png;nowa;;;;;;;;;;d9532;d8332;
3381;4944;3528709750745;d7506526;Dętka Kleber 26" 750/65-26 TR218A;(750/65R26, 28.1R26, 28R26) 975074;;749.00;749.00;921.27;921.27;23;23.00;PLN;Dętki;Kleber;;1.0000;;https://static.abstore.pl/img/grasdorf/aefc36f6-3b20-498d-9c98-a65e2b2a90e2/l/detka-kleber-26-750%252F65-26-tr218a.png,https://static.abstore.pl/img/grasdorf/dcc49a12-41d3-43b5-ac33-78ab9e3f727a/l/detka-kleber-26-750%252F65-26-tr218a.jpg,https://static.abstore.pl/img/grasdorf/0cd86f31-0113-442a-b283-7bb40af82015/l/detka-kleber-26-750%252F65-26-tr218a.png;nowa;;;;;;;;;;d28126;d7506526;
3271;4685;8903635028314;4807034Aaii;Opona 480/70R34 Alliance AGRISTAR II 70;143D TL;;2510.00;2510.00;3087.30;3087.30;23;23.00;PLN;Opony/Opony rolnicze i przemysłowe/Opony Alliance;Alliance;;2.0000;;https://static.abstore.pl/img/grasdorf/215ca32e-049b-4db7-83ad-020ccc89cfc6/l/opona-480%252F70r34-alliance-agristar-ii-70.jpg;nowa;AGRISTAR II 70;Radialna;Bezdętkowa (TL);143D (2725 kg przy 65 km/h);;Opona rolnicza;480/70;;34;2054;4807034Aaii;
2308;3359;;HD2225;Nakrętka HD M22x2,5;;;130.00;130.00;159.90;159.90;23;23.00;PLN;Łączniki kół bliźniaczych;Starco;;100.0000;;;;;;;;;;;;;75;HD2225;
3301;4898;8903635028185;4207028Aaii;Opona 420/70R28 Alliance AGRISTAR II 70;133D TL;;1830.00;1830.00;2250.90;2250.90;23;23.00;PLN;Opony/Opony rolnicze i przemysłowe/Opony Alliance;Alliance;;2.0000;;https://static.abstore.pl/img/grasdorf/c8a7d343-8a2b-45d0-b511-039c61bf0fc6/l/opona-420%252F70r28-alliance-agristar-ii-70.jpg;nowa;AGRISTAR II 70;Radialna;Bezdętkowa (TL);133D (2060 kg przy 65 km/h);;Opona rolnicza;420/70;;28;;4207028Aaii;
3743;5807;8903094063895;6507538BKT;Opona 650/75R38 BKT Agrimax RT 765 169D;TL;;6230.00;6230.00;7662.90;7662.90;23;23.00;PLN;Opony/Opony rolnicze i przemysłowe/Opony BKT;BKT;;2.0000;;https://static.abstore.pl/img/grasdorf/68368941-5af0-4d7f-8f16-4a033360a281/l/opona-650%252F75r38-bkt-agrimax-rt-765-169d.jpg;nowa;Agrimax RT 765;Radialna;Bezdętkowa (TL);169D (5800 kg przy 65 km/h);;Opona rolnicza;24.5 (650/75);;38;2567;6507538BKT;
3512;5070;8903094034246;9518BKT;Opona 9.5-18 BKT TR 171 8PR TT;;;660.00;660.00;811.80;811.80;23;23.00;PLN;Opony/Opony rolnicze i przemysłowe/Opony BKT;BKT;;1.0000;;https://static.abstore.pl/img/grasdorf/2713f989-3dd5-4a05-9f68-75f2724296a0/l/opona-9-5-18-bkt-tr-171-8pr-tt.jpg;nowa;TR 171;Diagonalna;Dętkowa (TT);;8 PR;Opona rolnicza;9.5 (250/85, 230/95);;18;2234;9518BKT;
3488;5124;3528703667858;8007032MMEGA;Opona 800/70R32 Michelin MEGAXBIB 2;181A8/181B TL;;20350.00;20350.00;25030.50;25030.50;23;23.00;PLN;Opony/Opony rolnicze i przemysłowe/Opony Michelin;Michelin;;2.0000;;https://static.abstore.pl/img/grasdorf/411e9276-a827-4a47-923a-1fcf28e20354/l/opona-800%252F70r32-michelin-megaxbib-2.jpg;nowa;MEGAXBIB 2;Radialna;Bezdętkowa (TL);181A8/181B (8250 kg przy 40 km/h);;Opona rolnicza;800/70;;32;;8007032MMEGA;
2962;4365;8903094030422;188508BKTSkidPowerHD;Opona 18x8.50-8 BKT Skid Power HD 8PR;TL;;200.00;200.00;246.00;246.00;23;23.00;PLN;Opony/Opony rolnicze i przemysłowe/Opony BKT;BKT;;2.0000;;https://static.abstore.pl/img/grasdorf/49bb0043-56ce-4264-919b-5ccd732d8133/l/opona-18x8-50-8-bkt-skid-power-hd-8pr.jpg;nowa;Skid Power HD;Diagonalna;Bezdętkowa (TL);;8 PR;Opona przemysłowa/komunalna;18x8.50;;8;18858BKTSkidPowerHD;188508BKTSkidPowerHD;
2995;4398;8903094012671;26120012BKTLG30614;Opona 26x12.00-12 BKT LG 306 8PR TL;;;400.00;400.00;492.00;492.00;23;23.00;PLN;Opony/Opony rolnicze i przemysłowe/Opony BKT;BKT;;5.0000;;https://static.abstore.pl/img/grasdorf/3eeb740a-840a-4262-ac5e-17ae6b4a74b9/l/opona-26x12-00-12-bkt-lg-306-8pr-tl.jpg;nowa;LG 306;Diagonalna;Bezdętkowa (TL);;8 PR;Opona rolnicza;26x12.00;;12;;26120012BKTLG30614;
2316;981;;1024;KLUCZ MD+;;;40.00;40.00;49.20;49.20;23;23.00;PLN;Łączniki kół bliźniaczych;;;27.0000;;https://static.abstore.pl/img/grasdorf/ae4d28f2-1489-4bbf-bba4-442140cff048/l/klucz-md-.jpg;;;;;;;;;;;SR-6116;1024;
2262;980;;śHD+k;Śruba HD+ 565 mm;;;130.00;130.00;159.90;159.90;23;23.00;PLN;Łączniki kół bliźniaczych;Starco;;322.0000;;https://static.abstore.pl/img/grasdorf/f92d824d-841a-4c24-8b23-201ac47d4042/l/sruba-hd-565-mm.jpg;;;;;;;;;;;SR-6520;śHD+k;
2271;3320;;p10;Podkładka skośna 10°;;;9.76;9.76;12.00;12.00;23;23.00;PLN;Łączniki kół bliźniaczych;;;33.0000;;https://static.abstore.pl/img/grasdorf/04e94b6a-82af-4526-9194-305b7c15d380/l/podkladka-skosna-10-.jpg,https://static.abstore.pl/img/grasdorf/c6542b1e-0c8e-4e3e-bf05-746350abc96b/l/podkladka-skosna-10-.jpg;;;;;;;;;;;72;p10;
3652;5521;;5208546conti;Opona 520/85R46 Continental Tractor 85;DOT23 158A8/158B TL (20.8R46);;8700.00;4770.00;10701.00;5867.10;23;23.00;PLN;Opony/Opony rolnicze i przemysłowe/Pozostałe;Continental;;2.0000;;https://static.abstore.pl/img/grasdorf/90e06053-64c3-48ed-8f3c-5bf1168094e4/l/opona-520%252F85r46-continental-tractor-85.jpg;nowa (DOT 2023);Tractor 85;Radialna;Bezdętkowa (TL);158A8/158B (4250 kg przy 40 km/h);;Opona rolnicza;20.8 (520/85);;46;20846conti;5208546conti;
3186;4615;3528700155402;7107542Mm;Opona 710/75R42 Michelin MACHXBIB;175D/171E TL;;21600.00;20200.00;26568.00;24846.00;23;23.00;PLN;Opony/Opony rolnicze i przemysłowe/Opony Michelin;Michelin;;4.0000;;https://static.abstore.pl/img/grasdorf/e7319f64-251f-45ac-8689-cac9ac347cab/l/opona-710%252F75r42-michelin-machxbib.jpg;nowa;Machxbib;Radialna;Bezdętkowa (TL);175D/171E (6900 kg przy 65 km/h);;Opona rolnicza;710/75;;42;;7107542Mm;
3509;5200;;7106038BKT;Opona VF710/60R38 BKT Agrimax V-Flecto;171D TL;;7620.00;7240.00;9372.60;8905.20;23;23.00;PLN;Opony/Opony rolnicze i przemysłowe/Opony BKT;BKT;;2.0000;;https://static.abstore.pl/img/grasdorf/16f4624c-eb5b-490e-b6a9-86d0c2210eee/l/opona-vf710%252F60r38-bkt-agrimax-v-flecto.jpg;nowa;Agrimax V-Flecto;Radialna;Bezdętkowa (TL);171D (6150 kg przy 65 km/h);;Opona rolnicza;710/60;;38;2277;7106038BKT;
3284;4861;8903635028765;5208538Aaii;Opona 520/85R38 Alliance AGRISTAR II 85;155D TL (20.8R38);;3490.00;3490.00;4292.70;4292.70;23;23.00;PLN;Opony/Opony rolnicze i przemysłowe/Opony Alliance;Alliance;;2.0000;;https://static.abstore.pl/img/grasdorf/d2719d18-6448-47e0-8d91-70af7f3c74af/l/opona-520%252F85r38-alliance-agristar-ii-85.jpg;nowa;AGRISTAR II 85;Radialna;Bezdętkowa (TL);155D (3875 kg przy 65 km/h);;Opona rolnicza;20.8 (520/85);;38;20838Aaii;5208538Aaii;15228781
2850;3748;8903094020584;60016BKTtf8181;Opona 6.00-16 BKT TF 8181 6PR TT;;;180.00;180.00;221.40;221.40;23;23.00;PLN;Opony/Opony rolnicze i przemysłowe/Opony BKT;BKT;;4.0000;;https://static.abstore.pl/img/grasdorf/c50b3a21-0502-4531-9f2f-cff76ac3cef8/l/opona-6-00-16-bkt-tf-8181-6pr-tt.jpg;nowa;TF 8181;Diagonalna;Dętkowa (TT);;6 PR;Opona rolnicza;6.00;;16;616BKTtf8181;60016BKTtf8181;Opona 6.00-16 BKT TF 8181 6PR TT
3460;5095;8903635015581;71050265A885;Opona 710/50R26.5 Alliance 885 170D TL;;;3260.00;3260.00;4009.80;4009.80;23;23.00;PLN;Opony/Opony rolnicze i przemysłowe/Opony Alliance;Alliance;;2.0000;;https://static.abstore.pl/img/grasdorf/5d754909-526a-411d-a469-1fc6d04141e3/l/opona-710%252F50r26-5-alliance-885-170d-tl.jpg;nowa;A-885;Radialna;Bezdętkowa (TL);170D (6000 kg przy 65 km/h);;Opona rolnicza;710/50;;26.5;2254;71050265A885;
2341;3440;3528705029166;2709542K;Opona 270/95R42 Kleber CROPKER;141D/144A8 TL (11.2R42);;2550.00;2550.00;3136.50;3136.50;23;23.00;PLN;Opony/Opony rolnicze i przemysłowe/Opony Kleber;Kleber;;8.0000;;https://static.abstore.pl/img/grasdorf/c5bfcb41-063c-4bca-ae0c-64ca36e10bb4/l/opona-270%252F95r42-kleber-cropker.jpg;nowa;Cropker;Radialna;Bezdętkowa (TL);141D/144A8 (2800 kg przy 40 km/h);;Opona rolnicza;11.2 (270/95, 280/85);;42;1591;2709542K;
3395;5016;3528701711096;d2807018;Dętka Kleber 18" 280/70 TR218A;(10.5/80-18, 260/70R18, 280/70R18, 280/80-18) 171109;;164.00;164.00;201.72;201.72;23;23.00;PLN;Dętki;Kleber;;1.0000;;https://static.abstore.pl/img/grasdorf/39daea1f-85c7-4fad-8f1d-d731d51bf758/l/detka-kleber-18-280%252F70-tr218a.png,https://static.abstore.pl/img/grasdorf/79e7efc3-2452-478f-9afc-cf23f5987ccd/l/detka-kleber-18-280%252F70-tr218a.jpg,https://static.abstore.pl/img/grasdorf/767f57f1-9b85-4808-a112-74a9a24d074c/l/detka-kleber-18-280%252F70-tr218a.png;nowa;;;;;;;;;;d2808018;d2807018;
2314;3362;;śHDd;Śruba HD 845 mm;;;145.00;145.00;178.35;178.35;23;23.00;PLN;Łączniki kół bliźniaczych;Starco;;16.0000;;https://static.abstore.pl/img/grasdorf/211443b7-b59f-47ee-b06c-97b0a2bb2242/l/sruba-hd-845-mm.jpg;;;;;;;;;;;76;śHDd;
2751;4169;8903635012245;2406012G;Opona 240/60R12 Galaxy Garden Pro;89A8/89B TL;;570.00;570.00;701.10;701.10;23;23.00;PLN;Opony/Opony rolnicze i przemysłowe/Pozostałe;Galaxy;;2.0000;;https://static.abstore.pl/img/grasdorf/4adecbcb-a8e5-4d53-8054-af95b79606d9/l/opona-240%252F60r12-galaxy-garden-pro.jpg;nowa;Garden Pro;Radialna;Bezdętkowa (TL);89A8/89B (580 kg przy 40 km/h);;Opona przemysłowa/komunalna;240/60;;12;2406012G;2406012G;
3429;5050;3528701700724;d9536;Dętka Kleber 36/38" TR218A (9.5R36,;230/95R36, 11.2R36, 270/95R36, 12.4R36, 320/85R36, 11.2R38, 270/95R38, 12.4R38, 320/85R38) 170072;;254.00;254.00;312.42;312.42;23;23.00;PLN;Dętki;Kleber;;2.0000;;https://static.abstore.pl/img/grasdorf/cc79976e-5d9f-4417-bbd4-410c48148647/l/detka-kleber-36%252F38-tr218a-9-5r36-.png,https://static.abstore.pl/img/grasdorf/0228a977-a3fb-4a20-a84c-24ed9542c1e4/l/detka-kleber-36%252F38-tr218a-9-5r36-.jpg,https://static.abstore.pl/img/grasdorf/fa6bf2af-7ec7-4ff8-a305-d477efb47c2e/l/detka-kleber-36%252F38-tr218a-9-5r36-.png;nowa;;;;;;;;;;d11236;d9536;
3149;3664;8903635006695;4807030Ademo;Opona 480/70R30 Alliance FarmPro demo;141A8/141B TL;;2240.00;1910.00;2755.20;2349.30;23;23.00;PLN;Opony/Opony rolnicze i przemysłowe/Opony Alliance;Alliance;;4.0000;;https://static.abstore.pl/img/grasdorf/57fcc10c-0e13-4b83-86e9-48e4ed947449/l/opona-480%252F70r30-alliance-farmpro-demo.jpg,https://static.abstore.pl/img/grasdorf/c1a4e9eb-cc24-4d31-8944-c36302cbee7d/l/opona-480%252F70r30-alliance-farmpro-demo.jpg,https://static.abstore.pl/img/grasdorf/6b56e9ca-0f01-4c0c-af7d-5bc29ffe2ac4/l/opona-480%252F70r30-alliance-farmpro-demo.jpg,https://static.abstore.pl/img/grasdorf/26a3d870-08af-4049-beb5-fb18773f467d/l/opona-480%252F70r30-alliance-farmpro-demo.jpg,https://static.abstore.pl/img/grasdorf/faa37c27-c5bb-4f3e-848d-c2bae0743852/l/opona-480%252F70r30-alliance-farmpro-demo.jpg,https://static.abstore.pl/img/grasdorf/6b7821f5-0a4c-415f-966a-8aec7afce31d/l/opona-480%252F70r30-alliance-farmpro-demo.jpg,https://static.abstore.pl/img/grasdorf/414d19e8-3708-49e8-b3a6-f7790a678e78/l/opona-480%252F70r30-alliance-farmpro-demo.jpg;pokazowa;FarmPro;Radialna;Bezdętkowa (TL);141A8/141B (2575 kg przy 40 km/h);;Opona rolnicza;480/70;;30;1720;4807030Ademo;
3065;4468;8903094019205;658012BKTAS6TT;Opona 6.5/80-12 BKT AS 504 6PR TT;;;160.00;160.00;196.80;196.80;23;23.00;PLN;Opony/Opony rolnicze i przemysłowe/Opony BKT;BKT;;4.0000;;https://static.abstore.pl/img/grasdorf/7c6d1279-6a34-424a-a9b6-8c81a9534626/l/opona-6-5%252F80-12-bkt-as-504-6pr-tt.jpg;nowa;AS 504;Diagonalna;Dętkowa (TT);;6 PR;Opona rolnicza;6.5/80;;12;;658012BKTAS6TT;
3533;5275;8903635019572;1904517A320;Opona 19.0/45-17 Alliance 320 14PR TL;(480/45-17);;790.00;790.00;971.70;971.70;23;23.00;PLN;Opony/Opony rolnicze i przemysłowe/Opony Alliance;Alliance;;2.0000;;https://static.abstore.pl/img/grasdorf/68ff58b5-1220-44e8-9b13-eae845265655/l/opona-19-0%252F45-17-alliance-320-14pr-tl.png;nowa;A-327;Diagonalna;Bezdętkowa (TL);;14 PR;Opona rolnicza;19.0/45 (480/45);;17;4804517A320;1904517A320;
3095;4498;8903094019335;75016BKTAS8TL;Opona 7.50-16 BKT AS 504 8PR TL;;;280.00;280.00;344.40;344.40;23;23.00;PLN;Opony/Opony rolnicze i przemysłowe/Opony BKT;BKT;;10.0000;;https://static.abstore.pl/img/grasdorf/cfb33b6d-6769-4084-8df9-a7e36da95ef7/l/opona-7-50-16-bkt-as-504-8pr-tl.jpg;nowa;AS 504;Diagonalna;Bezdętkowa (TL);;8 PR;Opona rolnicza;7.50;;16;7516BKTAS8TL;75016BKTAS8TL;
2350;3291;8903094010813;1505517BKT2;Opona 15.0/55-17 BKT AW 909 14PR TL;(380/55-17);;510.00;510.00;627.30;627.30;23;23.00;PLN;Opony/Opony rolnicze i przemysłowe/Opony BKT;BKT;;1.0000;;https://static.abstore.pl/img/grasdorf/6ec5cd4a-f171-4b8b-ac0e-20c8279a6f5c/l/opona-15-0%252F55-17-bkt-aw-909-14pr-tl.jpg;nowa;AW909;Diagonalna;Bezdętkowa (TL);;14 PR;Opona rolnicza;15.0/55 (380/55);;17;3805517;1505517BKT2;
3251;4757;;2808528MTdemo;Opona 280/85R28 Mitas AC 85 (11.2R28);demo 118A8/118B TL;;1300.00;1090.00;1599.00;1340.70;23;23.00;PLN;Opony/Opony rolnicze i przemysłowe/Opony Mitas;Mitas;;1.0000;;https://static.abstore.pl/img/grasdorf/df661a93-fb19-4c27-93da-1fdb6a628757/l/opona-280%252F85r28-mitas-ac-85-11-2r28-.jpg,https://static.abstore.pl/img/grasdorf/d657fc95-e59c-45a8-b31d-bd38929f50a6/l/opona-280%252F85r28-mitas-ac-85-11-2r28-.jpg,https://static.abstore.pl/img/grasdorf/87a11fdd-2492-407c-ad59-5c95f0322991/l/opona-280%252F85r28-mitas-ac-85-11-2r28-.jpg,https://static.abstore.pl/img/grasdorf/03805197-4050-4c4f-bd22-45e4e5385e2d/l/opona-280%252F85r28-mitas-ac-85-11-2r28-.jpg,https://static.abstore.pl/img/grasdorf/5e50c6b6-5cf0-4221-a7bd-75d19dbf4699/l/opona-280%252F85r28-mitas-ac-85-11-2r28-.jpg,https://static.abstore.pl/img/grasdorf/52ea1bb4-f2f1-4cf9-a4de-13c4c5542842/l/opona-280%252F85r28-mitas-ac-85-11-2r28-.jpg,https://static.abstore.pl/img/grasdorf/051558d4-7ade-4364-8c36-aa5822a60661/l/opona-280%252F85r28-mitas-ac-85-11-2r28-.jpg,https://static.abstore.pl/img/grasdorf/a782319f-168f-41dd-8fa1-8a00c56142f3/l/opona-280%252F85r28-mitas-ac-85-11-2r28-.jpg,https://static.abstore.pl/img/grasdorf/e793c882-23f8-4ee4-b270-15a6cc0a13db/l/opona-280%252F85r28-mitas-ac-85-11-2r28-.jpg,https://static.abstore.pl/img/grasdorf/d7660a80-e4a5-4da6-b806-5524b56e288f/l/opona-280%252F85r28-mitas-ac-85-11-2r28-.jpg,https://static.abstore.pl/img/grasdorf/b40d1eff-9dd5-4733-8556-4d301874f0e3/l/opona-280%252F85r28-mitas-ac-85-11-2r28-.jpg,https://static.abstore.pl/img/grasdorf/6088cae0-286e-43be-b984-ee8d9ad16833/l/opona-280%252F85r28-mitas-ac-85-11-2r28-.jpg,https://static.abstore.pl/img/grasdorf/8aee6522-44c4-4444-90ac-ac0edbd789d1/l/opona-280%252F85r28-mitas-ac-85-11-2r28-.jpg,https://static.abstore.pl/img/grasdorf/a9de6d09-8d76-42ce-8df1-7cdd57d24fb7/l/opona-280%252F85r28-mitas-ac-85-11-2r28-.jpg,https://static.abstore.pl/img/grasdorf/caf4700b-1401-4f9e-8bb1-71d27b96c55d/l/opona-280%252F85r28-mitas-ac-85-11-2r28-.jpg,https://static.abstore.pl/img/grasdorf/1d1dc021-a1c9-4594-9693-cb58cbe4d3c3/l/opona-280%252F85r28-mitas-ac-85-11-2r28-.jpg,https://static.abstore.pl/img/grasdorf/88f99cbb-326a-4a0e-9e81-efd7d076421d/l/opona-280%252F85r28-mitas-ac-85-11-2r28-.jpg,https://static.abstore.pl/img/grasdorf/415408bd-2ec9-42de-878c-0e700ab8361c/l/opona-280%252F85r28-mitas-ac-85-11-2r28-.jpg,https://static.abstore.pl/img/grasdorf/d9399375-7079-4cea-a444-7c9e2657f51c/l/opona-280%252F85r28-mitas-ac-85-11-2r28-.jpg,https://static.abstore.pl/img/grasdorf/de0e4fe5-fea6-4669-be41-0ea9ecad6caf/l/opona-280%252F85r28-mitas-ac-85-11-2r28-.jpg,https://static.abstore.pl/img/grasdorf/822bc551-afe3-463b-8486-636488b0bb7a/l/opona-280%252F85r28-mitas-ac-85-11-2r28-.jpg,https://static.abstore.pl/img/grasdorf/dbdd8519-ea53-449d-8f28-8c83be52f92b/l/opona-280%252F85r28-mitas-ac-85-11-2r28-.jpg,https://static.abstore.pl/img/grasdorf/0c20d1eb-1de3-43bc-9825-d0fd26cac824/l/opona-280%252F85r28-mitas-ac-85-11-2r28-.jpg,https://static.abstore.pl/img/grasdorf/cca38ac1-4d2a-425a-a764-d149e90db691/l/opona-280%252F85r28-mitas-ac-85-11-2r28-.jpg,https://static.abstore.pl/img/grasdorf/2cbfb195-c6bc-4e8e-8aa5-2f51fd3379cf/l/opona-280%252F85r28-mitas-ac-85-11-2r28-.jpg,https://static.abstore.pl/img/grasdorf/e1d0ccae-0e94-4cda-b275-6933923b0c35/l/opona-280%252F85r28-mitas-ac-85-11-2r28-.jpg,https://static.abstore.pl/img/grasdorf/6bd48402-da13-49c3-a441-8f3febce0ffc/l/opona-280%252F85r28-mitas-ac-85-11-2r28-.jpg,https://static.abstore.pl/img/grasdorf/edbc09b4-f02f-47ff-b075-b1e9747462c4/l/opona-280%252F85r28-mitas-ac-85-11-2r28-.jpg,https://static.abstore.pl/img/grasdorf/af7048d9-1ded-449b-8364-fd3f865f1b75/l/opona-280%252F85r28-mitas-ac-85-11-2r28-.jpg,https://static.abstore.pl/img/grasdorf/aa2dc578-7a20-4b90-aee1-db7d9902d886/l/opona-280%252F85r28-mitas-ac-85-11-2r28-.jpg,https://static.abstore.pl/img/grasdorf/a8c06d71-7c12-476d-8767-098f53ce9b2d/l/opona-280%252F85r28-mitas-ac-85-11-2r28-.jpg,https://static.abstore.pl/img/grasdorf/a6a3d32e-df56-4c4d-9305-f290b6c4f280/l/opona-280%252F85r28-mitas-ac-85-11-2r28-.jpg,https://static.abstore.pl/img/grasdorf/7eeb18bf-23d4-4042-aea8-17202dfada27/l/opona-280%252F85r28-mitas-ac-85-11-2r28-.jpg,https://static.abstore.pl/img/grasdorf/67f5b28c-cc0d-4f7e-baba-48fe68015f99/l/opona-280%252F85r28-mitas-ac-85-11-2r28-.jpg,https://static.abstore.pl/img/grasdorf/4aa6b2d1-b5d6-4c0b-85cb-f65ffeeae770/l/opona-280%252F85r28-mitas-ac-85-11-2r28-.jpg;pokazowa;AC 85;Radialna;Bezdętkowa (TL);118A8/118B (1320 kg przy 40 km/h);;Opona rolnicza;11.2 (270/95, 280/85);;28;11228MTdemo;2808528MTdemo;
3662;5531;;8007032conti;Opona 800/70R32 Continental;CombineMaster 181A8/181B TL;;16620.00;12240.00;20442.60;15055.20;23;23.00;PLN;Opony/Opony rolnicze i przemysłowe/Pozostałe;Continental;;2.0000;;https://static.abstore.pl/img/grasdorf/4792ff1c-01d4-47e7-8ede-900c974742bf/l/opona-800%252F70r32-continental.png;nowa;CombineMaster;Radialna;Bezdętkowa (TL);181A8/181B (8250 kg przy 40 km/h);;Opona rolnicza;800/70;;32;8007032conti;8007032conti;
2325;3392;8903094040414;3208534BKT;Opona 320/85R34 BKT Agrimax RT 855 141A8;TL (12.4R34);;1660.00;1660.00;2041.80;2041.80;23;23.00;PLN;Opony/Opony rolnicze i przemysłowe/Opony BKT;BKT;;2.0000;;https://static.abstore.pl/img/grasdorf/56702852-3bcb-4dd8-9fbd-45b91435085c/l/opona-320%252F85r34-bkt-agrimax-rt-855-141a8.jpg;nowa;RT 855;Radialna;Bezdętkowa (TL);141A8 (2575 kg przy 40 km/h);;Opona rolnicza;12.4 (320/85, 300/95, 320/90);;34;12434bkt;3208534BKT;8903094040414
2557;3846;6419440821924;12424N;Opona 12.4-24 Nokian TR FS Forest DOT22;128A8 TT (320/85-24);;3370.00;2590.00;4145.10;3185.70;23;23.00;PLN;Opony/Opony leśne;Nokian;;2.0000;;https://static.abstore.pl/img/grasdorf/4cf8a736-dba7-4137-b102-2ea226a5fe46/l/opona-12-4-24-nokian-tr-fs-forest-dot22.jpg;nowa (DOT 2022);TR FS Forest;Diagonalna;Dętkowa (TT);128A8 (1800 kg przy 40 km/h);12 PR;Opona leśna;12.4 (320/85, 300/95, 320/90);;24;3208524N;12424N;
2318;3364;;MD1615;Nakrętka MD M16x1,5;;;105.00;105.00;129.15;129.15;23;23.00;PLN;Łączniki kół bliźniaczych;Starco;;41.0000;;https://static.abstore.pl/img/grasdorf/7a97c860-e3fc-4823-b121-fb114410d958/l/nakretka-md-m16x1-5.jpg,https://static.abstore.pl/img/grasdorf/12e441db-df4d-407b-9d1d-85d87a146349/l/nakretka-md-m16x1-5.jpg;;;;;;;;;;;78;MD1615;
3420;5041;3528701700601;d18430;Dętka Kleber 30" 18.4 460/85 TR218A;(18.4R30, 460/85R30, 520/70R30, 600/60R30) 170060;;376.00;376.00;462.48;462.48;23;23.00;PLN;Dętki;Kleber;;2.0000;;https://static.abstore.pl/img/grasdorf/ba000ddb-0dc0-4f61-898c-ed9021a027b7/l/detka-kleber-30-18-4-460%252F85-tr218a.png,https://static.abstore.pl/img/grasdorf/da87b76d-e768-4e48-b638-5205b6ed5c83/l/detka-kleber-30-18-4-460%252F85-tr218a.jpg,https://static.abstore.pl/img/grasdorf/a474d1c6-fa05-4694-a090-43885cf29473/l/detka-kleber-30-18-4-460%252F85-tr218a.png;nowa;;;;;;;;;;d4608530;d18430;
2696;4016;3528709082662;3208534M2;Opona 320/85R34 Michelin AGRIBIB 2;133A8/133B TL (12.4R34);;3710.00;3190.00;4563.30;3923.70;23;23.00;PLN;Opony/Opony rolnicze i przemysłowe/Opony Michelin;Michelin;;2.0000;;https://static.abstore.pl/img/grasdorf/27e6ae86-edef-4330-9703-8c1d145c621f/l/opona-320%252F85r34-michelin-agribib-2.png;nowa;Agribib 2;Radialna;Bezdętkowa (TL);133A8/133B (2060 kg przy 40 km/h);;Opona rolnicza;12.4 (320/85, 300/95, 320/90);;34;12434M2;3208534M2;
2258;881;;MD+1815;Nakrętka MD+ M18x1,5;;;105.00;105.00;129.15;129.15;23;23.00;PLN;Łączniki kół bliźniaczych;Starco;;83.0000;;https://static.abstore.pl/img/grasdorf/5692b1b2-2197-4a1b-9928-e2cbd7bb51eb/l/nakretka-md-m18x1-5.jpg,https://static.abstore.pl/img/grasdorf/ed171920-141e-48d9-95c5-7555d8320bc8/l/nakretka-md-m18x1-5.jpg,https://static.abstore.pl/img/grasdorf/7e35af6c-26c4-4aff-a547-8e54781fe797/l/nakretka-md-m18x1-5.jpg;;;;;;;;;;;SR-9436;MD+1815;
3161;3608;;38565225b;Opona 385/65R22.5 Bandenmarkt Y1 160F TL;;;930.00;930.00;1143.90;1143.90;23;23.00;PLN;Opony/Opony rolnicze i przemysłowe/Pozostałe;Bandenmarkt;;2.0000;;https://static.abstore.pl/img/grasdorf/bd129711-bf05-48de-997f-a040f45a4ea5/l/opona-385%252F65r22-5-bandenmarkt-y1-160f-tl.jpg;nowa;Y1;Radialna;Bezdętkowa (TL);160F;;Opona rolnicza;385/65;;22.5;38565225b;38565225b;
2701;3981;;MD+2025;Nakrętka MD+ M20x2,5;;;105.00;105.00;129.15;129.15;23;23.00;PLN;Łączniki kół bliźniaczych;Starco;;160.0000;;https://static.abstore.pl/img/grasdorf/5dc56dd6-4d38-4e9b-b421-6743934deb77/l/nakretka-md-m20x2-5.jpg,https://static.abstore.pl/img/grasdorf/bc41ff4a-40fe-4162-ad07-e0f9b9435214/l/nakretka-md-m20x2-5.jpg;nowa;;;;;;;;;;000217;MD+2025;
3517;5310;;8006532BKTt;Opona 800/65R32 BKT Agrimax Teris;178A8/175B TL (30.5R32);;8690.00;7730.00;10688.70;9507.90;23;23.00;PLN;Opony/Opony rolnicze i przemysłowe/Opony BKT;BKT;;2.0000;;https://static.abstore.pl/img/grasdorf/b1d71ad0-15dd-426c-9b82-4091e54ed839/l/opona-800%252F65r32-bkt-agrimax-teris.jpg;nowa;Agrimax Teris;Radialna;Bezdętkowa (TL);178A8/175B (7500 kg przy 40 km/h);;Opona rolnicza;30.5 (800/65);;32;30532BKTt;8006532BKTt;
3299;4896;8903635028208;3807024Aaii;Opona 380/70R24 Alliance AGRISTAR II 70;125D TL;;1330.00;1330.00;1635.90;1635.90;23;23.00;PLN;Opony/Opony rolnicze i przemysłowe/Opony Alliance;Alliance;;2.0000;;https://static.abstore.pl/img/grasdorf/34fbfd9a-4dec-406b-a67a-8a40af3356b1/l/opona-380%252F70r24-alliance-agristar-ii-70.jpg;nowa;AGRISTAR II 70;Radialna;Bezdętkowa (TL);125D (1650 kg przy 65 km/h);;Opona rolnicza;380/70;;24;;3807024Aaii;
3321;4918;8903635028703;3408524Aaii;Opona 340/85R24 Alliance AGRISTAR II 85;125D TL (13.6R24);;1210.00;1210.00;1488.30;1488.30;23;23.00;PLN;Opony/Opony rolnicze i przemysłowe/Opony Alliance;Alliance;;3.0000;;https://static.abstore.pl/img/grasdorf/7094c4c6-ccc2-4cf1-a5a2-48418a2c1577/l/opona-340%252F85r24-alliance-agristar-ii-85.jpg;nowa;AGRISTAR II 85;Radialna;Bezdętkowa (TL);125D (1650 kg przy 65 km/h);;Opona rolnicza;13.6 (340/85, 340/90);;24;13624Aaii;3408524Aaii;
3774;5785;;7106038Mdemo;Opona VF710/60R38 Michelin XEOBIB demo;DOT5020 160D TL;;14230.00;10560.00;17502.90;12988.80;23;23.00;PLN;Opony/Opony rolnicze i przemysłowe/Opony Michelin;Michelin;;2.0000;;https://static.abstore.pl/img/grasdorf/7d187ac8-05cb-4aa4-b5f6-9eb5734bb8af/l/opona-vf710%252F60r38-michelin-xeobib-demo.jpg,https://static.abstore.pl/img/grasdorf/114ac268-18e1-4b29-adc3-528585cdb253/l/opona-vf710%252F60r38-michelin-xeobib-demo.jpg,https://static.abstore.pl/img/grasdorf/44f23ad4-751e-4439-8bcc-6b54f5f7747e/l/opona-vf710%252F60r38-michelin-xeobib-demo.jpg,https://static.abstore.pl/img/grasdorf/0840e183-c9bf-460c-9419-99caee9aa90a/l/opona-vf710%252F60r38-michelin-xeobib-demo.jpg,https://static.abstore.pl/img/grasdorf/fa0020c8-eb53-4878-a248-9456398723d1/l/opona-vf710%252F60r38-michelin-xeobib-demo.jpg,https://static.abstore.pl/img/grasdorf/9290bcfb-8787-4ba7-8261-8181cf8357a3/l/opona-vf710%252F60r38-michelin-xeobib-demo.jpg,https://static.abstore.pl/img/grasdorf/e0672822-5582-499f-bf8d-4837e75a928b/l/opona-vf710%252F60r38-michelin-xeobib-demo.jpg;pokazowa (DOT 2020);Xeobib;Radialna;Bezdętkowa (TL);160D (4500 kg przy 65 km/h);;Opona rolnicza;710/60;;38;2549;7106038Mdemo;
2879;4282;8903094027422;10075153BKTAS18TL;Opona 10.0/75-15.3 BKT AS 504 18PR TL;;;470.00;470.00;578.10;578.10;23;23.00;PLN;Opony/Opony rolnicze i przemysłowe/Opony BKT;BKT;;2.0000;;https://static.abstore.pl/img/grasdorf/20f71f44-2b5e-4014-8dcd-23685231bb23/l/opona-10-0%252F75-15-3-bkt-as-504-18pr-tl.jpg;nowa;AS 504;Diagonalna;Bezdętkowa (TL);;18 PR;Opona rolnicza;10.0/75;;15.3;1075153;10075153BKTAS18TL;
3706;5600;3528700077605;3809046Mscfo;Opona VF380/90R46 Michelin SPRAYBIB CFO;173D/169E TL (14.9R46);;10050.00;9510.00;12361.50;11697.30;23;23.00;PLN;Opony/Opony rolnicze i przemysłowe/Opony Michelin;Michelin;;2.0000;;https://static.abstore.pl/img/grasdorf/0e3e3505-6277-485b-917b-46fe36bd23fd/l/opona-vf380%252F90r46-michelin-spraybib-cfo.jpg;nowa;Spraybib CFO;Radialna;Bezdętkowa (TL);173D/169E (6500 kg przy 65 km/h);;Opona rolnicza;14.9 (380/85, 380/90, 400/80);;46;14946Mscfo;3809046Mscfo;
3520;4650;8059971017076;23105012TR;Opona 23x10.50-12 Trelleborg T463 10PR;TL;;600.00;600.00;738.00;738.00;23;23.00;PLN;Opony/Opony rolnicze i przemysłowe/Opony Trelleborg;Trelleborg;;5.0000;;https://static.abstore.pl/img/grasdorf/c608e312-09a9-481f-8e78-dbaf34ba8e89/l/opona-23x10-50-12-trelleborg-t463-10pr.jpg;nowa;T539 Soft Grip;Diagonalna;Bezdętkowa (TL);;10 PR;Opona rolnicza;23x10.50;;12;2310512TR;23105012TR;
3396;5017;3528700578669;d3206518;Dętka Kleber 18" 340/65 12.0 TR15;(320/65R18, 340/65R18, 12.0-18) 57866;;136.00;136.00;167.28;167.28;23;23.00;PLN;Dętki;Kleber;;2.0000;;https://static.abstore.pl/img/grasdorf/8b070598-c1fa-4171-a2ef-b4a344ea89a9/l/detka-kleber-18-340%252F65-12-0-tr15.png,https://static.abstore.pl/img/grasdorf/b9859a1e-ce71-4aa4-9987-d956ae48354b/l/detka-kleber-18-340%252F65-12-0-tr15.jpg;nowa;;;;;;;;;;d3406518;d3206518;
2270;3319;;p20;Podkładka skośna 20°;;;9.76;9.76;12.00;12.00;23;23.00;PLN;Łączniki kół bliźniaczych;;;64.0000;;https://static.abstore.pl/img/grasdorf/59d1e538-68b1-408d-9db4-e70cbdec9c30/l/podkladka-skosna-20-.jpg,https://static.abstore.pl/img/grasdorf/f9c8cda8-390f-4e4b-bfe1-929eef8e1b9c/l/podkladka-skosna-20-.jpg,https://static.abstore.pl/img/grasdorf/1e2b38ab-1b34-429a-9c6b-501cce97562f/l/podkladka-skosna-20-.jpg;;;;;;;;;;;71;p20;
2439;3583;3528709203456;4008024cross;Opona 400/80R24 Michelin CROSSGRIP;156A8/151D TL;;4070.00;4070.00;5006.10;5006.10;23;23.00;PLN;Opony/Opony rolnicze i przemysłowe/Opony Michelin;Michelin;;1.0000;;https://static.abstore.pl/img/grasdorf/7394e1ba-1ac6-4cf7-8f26-64388593b06b/l/opona-400%252F80r24-michelin-crossgrip.jpg;nowa;Crossgrip;Radialna;Bezdętkowa (TL);156A8/151D (4000 kg przy 40 km/h);;Opona rolnicza;14.9 (380/85, 380/90, 400/80);;24;4008024cross;4008024cross;
2873;4161;8903094009831;1306518BKT;Opona 13.0/65-18 BKT V-Line AW 702 16PR;TL (340/65-18);;620.00;620.00;762.60;762.60;23;23.00;PLN;Opony/Opony rolnicze i przemysłowe/Opony BKT;BKT;;3.0000;;https://static.abstore.pl/img/grasdorf/bfefb0ec-6e4c-47e1-b42b-82d535158eaf/l/opona-13-0%252F65-18-bkt-v-line-aw-702-16pr.jpg;nowa;AW 702;Diagonalna;Bezdętkowa (TL);;16 PR;Opona rolnicza;13.0/65 (340/65);;18;3406518BKT;1306518BKT;
2488;3719;8903094003198;12428BKT;Opona 12.4-28 BKT TR 135 8PR TT;;;690.00;690.00;848.70;848.70;23;23.00;PLN;Opony/Opony rolnicze i przemysłowe/Opony BKT;BKT;;5.0000;;https://static.abstore.pl/img/grasdorf/24f25b3c-4074-451c-9a28-6c966abc7b94/l/opona-12-4-28-bkt-tr-135-8pr-tt.jpg;nowa;TR 135;Diagonalna;Dętkowa (TT);;8 PR;Opona rolnicza;12.4 (320/85, 300/95, 320/90);;28;1762;12428BKT;
2269;314;;p30;Podkładka skośna 30°;;;9.76;9.76;12.00;12.00;23;23.00;PLN;Łączniki kół bliźniaczych;;;7.0000;;https://static.abstore.pl/img/grasdorf/dbf7d60d-1a8b-4e5c-9f38-9c5788e4782e/l/podkladka-skosna-30-.jpg,https://static.abstore.pl/img/grasdorf/fb46202b-495a-464e-a727-880a0caadec2/l/podkladka-skosna-30-.jpg;;;;;;;;;;;SR-5523;p30;Podkładka skośna 30°
3285;4870;8903635028413;6007028Aaii;Opona 600/70R28 Alliance AGRISTAR II 70;161D TL;;3560.00;3560.00;4378.80;4378.80;23;23.00;PLN;Opony/Opony rolnicze i przemysłowe/Opony Alliance;Alliance;;2.0000;;https://static.abstore.pl/img/grasdorf/63c312bd-6400-41c5-81ab-62bb57ee825b/l/opona-600%252F70r28-alliance-agristar-ii-70.jpg;nowa;AGRISTAR II 70;Radialna;Bezdętkowa (TL);161D (4625 kg przy 65 km/h);;Opona rolnicza;600/70;;28;2166;6007028Aaii;
3184;4613;3528705499969;6506034Mm;Opona 650/60R34 Michelin MACHXBIB DOT22;159D/155E TL;;10570.00;9690.00;13001.10;11918.70;23;23.00;PLN;Opony/Opony rolnicze i przemysłowe/Opony Michelin;Michelin;;2.0000;;https://static.abstore.pl/img/grasdorf/290d69db-6973-45e2-a321-ce9f7a084189/l/opona-650%252F60r34-michelin-machxbib-dot22.jpg;nowa (DOT 2022);Machxbib;Radialna;Bezdętkowa (TL);159D/155E (4375 kg przy 65 km/h);;Opona rolnicza;650/60;;34;;6506034Mm;
2268;883;;UJD;Podstawka "U" John Deere;;;10.00;10.00;12.30;12.30;23;23.00;PLN;Łączniki kół bliźniaczych;;;37.0000;;https://static.abstore.pl/img/grasdorf/c7217c84-2fb1-4eaa-83b5-622febb80de1/l/podstawka-u-john-deere.jpg;;;;;;;;;;;LA-0022;UJD;
2698;4018;3528708851382;4208046M2;Opona 420/80R46 Michelin AGRIBIB 2;151A8/151B TL (16.9R46);;7810.00;6950.00;9606.30;8548.50;23;23.00;PLN;Opony/Opony rolnicze i przemysłowe/Opony Michelin;Michelin;;2.0000;;https://static.abstore.pl/img/grasdorf/3add6271-5bcd-43a8-a22c-67302ae6f4d6/l/opona-420%252F80r46-michelin-agribib-2.png;nowa;Agribib 2;Radialna;Bezdętkowa (TL);151A8/151B (3450 kg przy 40 km/h);;Opona rolnicza;16.9 (420/85, 420/80, 440/80);;46;1826;4208046M2;
3131;4534;8903094004737;818BKTTR1446;Opona 8-18 BKT TR 144 6PR TT;;;350.00;350.00;430.50;430.50;23;23.00;PLN;Opony/Opony rolnicze i przemysłowe/Opony BKT;BKT;;1.0000;;https://static.abstore.pl/img/grasdorf/4279579d-67af-4811-820b-bc7a17d50335/l/opona-8-18-bkt-tr-144-6pr-tt.jpg;nowa;TR 144;Diagonalna;Dętkowa (TT);;6 PR;Opona rolnicza;8;;18;;818BKTTR1446;
2924;4327;8903094009732;1305516BKTAW70218;Opona 13.0/55-16 BKT AW 702 18PR TL;(340/55-16);;500.00;500.00;615.00;615.00;23;23.00;PLN;Opony/Opony rolnicze i przemysłowe/Opony BKT;BKT;;1.0000;;https://static.abstore.pl/img/grasdorf/321d5c70-0e66-4f6d-b492-983d59e11afd/l/opona-13-0%252F55-16-bkt-aw-702-18pr-tl.jpg;nowa;AW 702;Diagonalna;Bezdętkowa (TL);;18 PR;Opona rolnicza;13.0/55;;16;3405516BKTAW70218;1305516BKTAW70218;
2959;4362;8903094019489;1856515BKT;Opona 185/65-15 BKT AS 507 4PR TL;;;210.00;210.00;258.30;258.30;23;23.00;PLN;Opony/Opony rolnicze i przemysłowe/Opony BKT;BKT;;8.0000;;https://static.abstore.pl/img/grasdorf/0449abfb-c41f-4833-92aa-d2b1bcd22b8c/l/opona-185%252F65-15-bkt-as-507-4pr-tl.jpg;nowa;AS 507;Diagonalna;Bezdętkowa (TL);;4 PR;Opona rolnicza;185/65;;15;;1856515BKT;
2419;3523;8590341072566;3408538MT;Opona 340/85R38 Mitas AC 85 133A8/133B;TL (13.6R38);;2010.00;2010.00;2472.30;2472.30;23;23.00;PLN;Opony/Opony rolnicze i przemysłowe/Opony Mitas;Mitas;;3.0000;;https://static.abstore.pl/img/grasdorf/423b0ad8-fd09-4b4b-aa06-86515ee2d10b/l/opona-340%252F85r38-mitas-ac-85-133a8%252F133b.jpg;nowa;AC 85;Radialna;Bezdętkowa (TL);133A8/133B (2060 kg przy 40 km/h);;Opona rolnicza;13.6 (340/85, 340/90);;38;1647;3408538MT;
2431;3597;3528704807246;2807020Kf;Opona 280/70R20 Kleber FITKER 116A8/113B;TL;;1380.00;1380.00;1697.40;1697.40;23;23.00;PLN;Opony/Opony rolnicze i przemysłowe/Opony Kleber;Kleber;;2.0000;;https://static.abstore.pl/img/grasdorf/46f58ce7-897e-4e3a-82be-1d5aa4a226b0/l/opona-280%252F70r20-kleber-fitker-116a8%252F113b.jpg;nowa;Fitker;Radialna;Bezdętkowa (TL);116A8/113B (1250 kg przy 40 km/h);;Opona rolnicza;280/70;;20;1671;2807020Kf;
2874;4235;8903094019168;60016BKTas;Opona 6.00-16 BKT AS 504 6PR TT;;;210.00;210.00;258.30;258.30;23;23.00;PLN;Opony/Opony rolnicze i przemysłowe/Opony BKT;BKT;;2.0000;;https://static.abstore.pl/img/grasdorf/96332357-4d82-4fed-9826-7ad57097efce/l/opona-6-00-16-bkt-as-504-6pr-tt.jpg;nowa;AS 504;Diagonalna;Dętkowa (TT);;6 PR;Opona rolnicza;6;;16;1955;60016BKTas;
2435;3619;3528709417709;7106042Ma;Opona VF710/60R42 Michelin AXIOBIB 2;176D/173E TL;;19390.00;17790.00;23849.70;21881.70;23;23.00;PLN;Opony/Opony rolnicze i przemysłowe/Opony Michelin;Michelin;;4.0000;;https://static.abstore.pl/img/grasdorf/012855d2-dfc5-4a06-9f9d-3dedaf5ba653/l/opona-vf710%252F60r42-michelin-axiobib-2.jpg;nowa;Axiobib 2;Radialna;Bezdętkowa (TL);176D/173E (7100 kg przy 65 km/h);;Opona rolnicza;710/60;;42;1688;7106042Ma;
3681;3246;5900007154650;235Kabat;Opona 23x5 Kabat IMP-08 6PR TT;;;190.00;190.00;233.70;233.70;23;23.00;PLN;Opony/Opony rolnicze i przemysłowe/Pozostałe;Kabat;;10.0000;;https://static.abstore.pl/img/grasdorf/b5ed0835-47fb-44c5-bdef-7532057a2914/l/opona-23x5-kabat-imp-08-6pr-tt.jpg;nowa;IMP-08;Diagonalna;Dętkowa (TT);;6 PR;Opona rolnicza;23x5;;;1494;235Kabat;
2854;3992;8903094056095;2385012BKTsp;Opona 23x8.50-12 BKT Skid Power HD 6PR;TL;;230.00;230.00;282.90;282.90;23;23.00;PLN;Opony/Opony rolnicze i przemysłowe/Opony BKT;BKT;;8.0000;;https://static.abstore.pl/img/grasdorf/40b95c05-4766-4c6a-81ae-1c87aa831670/l/opona-23x8-50-12-bkt-skid-power-hd-6pr.jpg;nowa;Skid Power HD;Diagonalna;Bezdętkowa (TL);;6 PR;Opona przemysłowa/komunalna;23x8.50;;12;238512BKTsp;2385012BKTsp;
3497;5140;3528701127439;60055265MTRAI;Opona VF600/55R26.5 Michelin TRAILXBIB;170D TL;;7540.00;6590.00;9274.20;8105.70;23;23.00;PLN;Opony/Opony rolnicze i przemysłowe/Opony Michelin;Michelin;;6.0000;;https://static.abstore.pl/img/grasdorf/9dd1d709-cfae-4444-b0e7-e89a78f3013e/l/opona-vf600%252F55r26-5-michelin-trailxbib.jpg;nowa;TRAILXBIB;Radialna;Bezdętkowa (TL);170D (6000 kg przy 65 km/h);;Opona rolnicza;600/55;;26,5;60055265MTRAI;60055265MTRAI;
2247;795;;HD+2225;Nakrętka HD+ M22x2,5;;;130.00;130.00;159.90;159.90;23;23.00;PLN;Łączniki kół bliźniaczych;Starco;;43.0000;;https://static.abstore.pl/img/grasdorf/82cca7b4-793a-40ba-b383-16fd37b18078/l/nakretka-hd-m22x2-5.jpg,https://static.abstore.pl/img/grasdorf/c0f7dcf6-0823-47ed-b919-08e737ca92b9/l/nakretka-hd-m22x2-5.jpg,https://static.abstore.pl/img/grasdorf/e6bb2d0b-335b-4877-9f4f-d1229b85730b/l/nakretka-hd-m22x2-5.jpg;;;;;;;;;;;SR-9432;HD+2225;
3274;4756;8903635028642;3208520Aaii;Opona 320/85R20 Alliance AGRISTAR II 85;119D TL (12.4R20);;1000.00;1000.00;1230.00;1230.00;23;23.00;PLN;Opony/Opony rolnicze i przemysłowe/Opony Alliance;Alliance;;2.0000;;https://static.abstore.pl/img/grasdorf/cbb1b345-c27c-4a00-870c-bd2b6bb27a9e/l/opona-320%252F85r20-alliance-agristar-ii-85.jpg;nowa;AGRISTAR II 85;Radialna;Bezdętkowa (TL);119D (1360 kg przy 65 km/h);;Opona rolnicza;12.4 (320/85, 300/95, 320/90);;20;12420Aaii;3208520Aaii;
3446;5067;8903635027591;4607024A585;Opona 460/70R24 Alliance 585 (17.5R24);159A8 TL;;2470.00;2280.00;3038.10;2804.40;23;23.00;PLN;Opony/Opony rolnicze i przemysłowe/Opony Alliance;Alliance;;4.0000;;https://static.abstore.pl/img/grasdorf/371091fe-5184-4f49-913e-95b79a1c8875/l/opona-460%252F70r24-alliance-585-17-5r24-.jpg;nowa;A-580;Radialna;Bezdętkowa (TL);159A8/159B (4375 kg przy 40 km/h);;Opona przemysłowa/komunalna;17.5 (460/70);;24;17524A585;4607024A585;
2333;3397;8903094025954;7107042BKT2;Opona 710/70R42 BKT Agrimax RT 765 173D;TL;;8170.00;8170.00;10049.10;10049.10;23;23.00;PLN;Opony/Opony rolnicze i przemysłowe/Opony BKT;BKT;;2.0000;;https://static.abstore.pl/img/grasdorf/c2f0fb86-e84d-42f7-91e5-7ade21b275ec/l/opona-710%252F70r42-bkt-agrimax-rt-765-173d.jpg;nowa;RT 765;Radialna;Bezdętkowa (TL);173D (6500 kg przy 65 km/h);;Opona rolnicza;710/70;;42;7107042BKT2;7107042BKT2;
3498;5141;3528707234094;71050265MTRAI;Opona VF710/50R26.5 Michelin TRAILXBIB;176D TL;;9100.00;9100.00;11193.00;11193.00;23;23.00;PLN;Opony/Opony rolnicze i przemysłowe/Opony Michelin;Michelin;;2.0000;;https://static.abstore.pl/img/grasdorf/513c5a0f-a401-4c9e-b69f-818bc1bad9fe/l/opona-vf710%252F50r26-5-michelin-trailxbib.jpg;nowa;TRAILXBIB;Radialna;Bezdętkowa (TL);176D (7100 kg przy 65 km/h);;Opona rolnicza;710/50;;26,5;;71050265MTRAI;
2794;4152;8903635022886;3007020G;Opona 300/70R20 Galaxy Garden Pro;110A8/110B TL;;1250.00;1250.00;1537.50;1537.50;23;23.00;PLN;Opony/Opony rolnicze i przemysłowe/Pozostałe;Galaxy;;2.0000;;https://static.abstore.pl/img/grasdorf/dd266be3-2777-451e-868e-d8d735fa3fbf/l/opona-300%252F70r20-galaxy-garden-pro.jpg;nowa;Garden Pro;Radialna;Bezdętkowa (TL);110A8/110B (1060 kg przy 40 km/h);;Opona przemysłowa/komunalna;300/70;;20;1923;3007020G;
3568;4150;8903094019595;1258018BKTat603;Opona 12.5/80-18 BKT AT 603 12PR TL;(340/80-18);;700.00;700.00;861.00;861.00;23;23.00;PLN;Opony/Opony rolnicze i przemysłowe/Opony BKT;BKT;;2.0000;;https://static.abstore.pl/img/grasdorf/973983ef-98ca-43bc-a2ef-d82ed73c5dea/l/opona-12-5%252F80-18-bkt-at-603-12pr-tl.jpg;nowa;AT 603;Diagonalna;Bezdętkowa (TL);;12 PR;Opona przemysłowa/komunalna;12.5/80;;18;3408018BKTat603;1258018BKTat603;
3409;5030;3528701711140;d14924;Dętka Kleber 24" 14.9 420/70 TR218A;(14.9R24, 380/85R24, 400/70R24, 420/70R24, 440/65R24) 171114;;254.00;254.00;312.42;312.42;23;23.00;PLN;Dętki;Kleber;;2.0000;;https://static.abstore.pl/img/grasdorf/6df08fa3-407a-412a-8701-a2ccc4125e5f/l/detka-kleber-24-14-9-420%252F70-tr218a.png,https://static.abstore.pl/img/grasdorf/2e232bf4-7893-404b-bd7a-aa20cb5c1a27/l/detka-kleber-24-14-9-420%252F70-tr218a.jpg,https://static.abstore.pl/img/grasdorf/702a3a63-6eb9-418b-8710-cdb9a42bef4b/l/detka-kleber-24-14-9-420%252F70-tr218a.png;nowa;;;;;;;;;;d4207024;d14924;
3212;4641;3528700548785;65055265Mt;Opona VF650/55R26.5 Michelin TRAILXBIB;174D TL;;8600.00;8010.00;10578.00;9852.30;23;23.00;PLN;Opony/Opony rolnicze i przemysłowe/Opony Michelin;Michelin;;2.0000;;https://static.abstore.pl/img/grasdorf/7d6d20ce-5867-4adb-989c-4a0c11ee32a1/l/opona-vf650%252F55r26-5-michelin-trailxbib.jpg;nowa;Trailxbib;Radialna;Bezdętkowa (TL);174D (6700 kg przy 65 km/h);;Opona rolnicza;650/55;;26,5;;65055265Mt;
2261;211;;śrHD+d;Śruba HD+ 950 mm;;;145.00;145.00;178.35;178.35;23;23.00;PLN;Łączniki kół bliźniaczych;Starco;;111.0000;;https://static.abstore.pl/img/grasdorf/50397561-f96e-400a-ae12-b0a491c03d08/l/sruba-hd-950-mm.jpg;;;;;;;;;;;02-1996;śrHD+d;
2669;3958;6419440455822;4008024Nok;Opona 400/80R24 Nokian Hakkapeliitta TRI;149A8/144D TL;;4570.00;3590.00;5621.10;4415.70;23;23.00;PLN;Opony/Opony rolnicze i przemysłowe/Pozostałe;Nokian;;2.0000;;https://static.abstore.pl/img/grasdorf/6cd6714b-c13e-4c2f-9120-5da13fae5bc4/l/opona-400%252F80r24-nokian-hakkapeliitta-tri.jpg;nowa;Hakkapeliitta TRI TL;Radialna;Bezdętkowa (TL);149A8/144D (3250 kg przy 40 km/h);;Opona przemysłowa/komunalna;14.9 (380/85, 380/90, 400/80);;24;16924Nh;4008024Nok;
2245;880;;HD+1615;Nakrętka HD+ M16x1,5;;;130.00;130.00;159.90;159.90;23;23.00;PLN;Łączniki kół bliźniaczych;Starco;;72.0000;;https://static.abstore.pl/img/grasdorf/5259bfdb-d2b8-4cb1-9fdf-95966ec82a67/l/nakretka-hd-m16x1-5.jpg,https://static.abstore.pl/img/grasdorf/51000f58-ddc6-4689-8ae5-7371a5cfab90/l/nakretka-hd-m16x1-5.jpg,https://static.abstore.pl/img/grasdorf/58587003-1f03-46a0-bdfa-922b7f0514a3/l/nakretka-hd-m16x1-5.jpg;;;;;;;;;;;SR-9960;HD+1615;
3214;4643;3528707893536;2807016Kf;Opona 280/70R16 Kleber FITKER 112A8/109B;TL;;1250.00;1250.00;1537.50;1537.50;23;23.00;PLN;Opony/Opony rolnicze i przemysłowe/Opony Kleber;Kleber;;4.0000;;https://static.abstore.pl/img/grasdorf/31a57334-58fd-4535-99e0-14b00a057b2d/l/opona-280%252F70r16-kleber-fitker-112a8%252F109b.jpg;nowa;Fitker;Radialna;Bezdętkowa (TL);112A8/109B (1120 kg przy 40 km/h);;Opona rolnicza;280/70;;16;;2807016Kf;
2635;3924;6419440453910;3408018N;Opona 340/80R18 Nokian TRI 2 DOT4622;143A8/138D TL;;2790.00;2550.00;3431.70;3136.50;23;23.00;PLN;Opony/Opony rolnicze i przemysłowe/Pozostałe;Nokian;;2.0000;;https://static.abstore.pl/img/grasdorf/cff0d9ac-0b63-4345-9b14-1a44a683138f/l/opona-340%252F80r18-nokian-tri-2-dot4622.jpg;nowa (DOT 2022);TRI 2 TL;Radialna;Bezdętkowa (TL);143A8/138D (2725 kg przy 40 km/h);;Opona przemysłowa/komunalna;340/80;;18;1258018N;3408018N;
2989;4392;8903094022359;2385012BKTTR3156;Opona 23x8.50-12 BKT TR 315 6PR TL;;;210.00;210.00;258.30;258.30;23;23.00;PLN;Opony/Opony rolnicze i przemysłowe/Opony BKT;BKT;;4.0000;;https://static.abstore.pl/img/grasdorf/7c1cee21-dd80-4a70-8047-1eb90b45365c/l/opona-23x8-50-12-bkt-tr-315-6pr-tl.jpg;nowa;TR 315;Diagonalna;Bezdętkowa (TL);;6 PR;Opona rolnicza;23x8.50;;12;;2385012BKTTR3156;
2259;3147;;MD+2225;Nakrętka MD+ M22x2,5;;;105.00;105.00;129.15;129.15;23;23.00;PLN;Łączniki kół bliźniaczych;Starco;;114.0000;;https://static.abstore.pl/img/grasdorf/07c1ea35-61a7-40f8-82eb-de9c4a594c63/l/nakretka-md-m22x2-5.jpg,https://static.abstore.pl/img/grasdorf/d6e5d80d-8aee-4a8c-86b6-0f5a3d15949d/l/nakretka-md-m22x2-5.jpg,https://static.abstore.pl/img/grasdorf/9df671cc-1efc-4967-8572-2646d303026f/l/nakretka-md-m22x2-5.jpg;;;;;;;;;;;8;MD+2225;
3408;5029;3528701700397;d13624;Dętka Kleber 24" 13.6 380/70 TR218A;(13.6R24, 340/85R24, 380/70R24, 420/65R24) 170039;;212.00;212.00;260.76;260.76;23;23.00;PLN;Dętki;Kleber;;1.0000;;https://static.abstore.pl/img/grasdorf/5a1da51b-4c74-4fdc-8b0b-173f1d206f2d/l/detka-kleber-24-13-6-380%252F70-tr218a.png,https://static.abstore.pl/img/grasdorf/b24fb137-fc37-4c9e-983e-45c325431361/l/detka-kleber-24-13-6-380%252F70-tr218a.jpg,https://static.abstore.pl/img/grasdorf/06709e8c-100a-4223-b247-11ed1793115b/l/detka-kleber-24-13-6-380%252F70-tr218a.png;nowa;;;;;;;;;;d3807024;d13624;
2343;3441;3528703492306;3009542K;Opona 300/95R42 Kleber CROPKER;147D/150A8 TL (12.4R42);;2750.00;2750.00;3382.50;3382.50;23;23.00;PLN;Opony/Opony rolnicze i przemysłowe/Opony Kleber;Kleber;;12.0000;;https://static.abstore.pl/img/grasdorf/1008b08f-48b5-4a0a-9799-4f1e7e1d955a/l/opona-300%252F95r42-kleber-cropker.jpg;nowa;Cropker;Radialna;Bezdętkowa (TL);147D/150A8 (3350 kg przy 40 km/h);;Opona rolnicza;12.4 (320/85, 300/95, 320/90);;42;1592;3009542K;
3287;4883;8903635028178;5807038Aaii;Opona 580/70R38 Alliance AGRISTAR II 70;155D TL;;3650.00;3650.00;4489.50;4489.50;23;23.00;PLN;Opony/Opony rolnicze i przemysłowe/Opony Alliance;Alliance;;2.0000;;https://static.abstore.pl/img/grasdorf/d0698056-cea7-4d97-bc24-619b7e9ffadb/l/opona-580%252F70r38-alliance-agristar-ii-70.jpg;nowa;AGRISTAR II 70;Radialna;Bezdętkowa (TL);155D (3875 kg przy 65 km/h);;Opona rolnicza;580/70;;38;2171;5807038Aaii;
2276;3325;3528701870953;3808038M2;Opona 380/80R38 Michelin AGRIBIB 2;DOT0323 142A8/139D TL;;4160.00;3600.00;5116.80;4428.00;23;23.00;PLN;Opony/Opony rolnicze i przemysłowe/Opony Michelin;Michelin;;2.0000;;https://static.abstore.pl/img/grasdorf/0786e4ea-9075-433e-8383-0005f86e4fec/l/opona-380%252F80r38-michelin-agribib-2.png;nowa (DOT 2023);Agribib 2;Radialna;Bezdętkowa (TL);142A8/139D (2650 kg przy 40 km/h);;Opona rolnicza;380/80;;38;3808038M2;3808038M2;
3280;4842;8903635028826;4208534Aaii;Opona 420/85R34 Alliance AGRISTAR II 85;142D TL (16.9R34);;2280.00;2280.00;2804.40;2804.40;23;23.00;PLN;Opony/Opony rolnicze i przemysłowe/Opony Alliance;Alliance;;2.0000;;https://static.abstore.pl/img/grasdorf/04aa8a76-b884-4025-aa2e-f3c709684671/l/opona-420%252F85r34-alliance-agristar-ii-85.jpg;nowa;AGRISTAR II 85;Radialna;Bezdętkowa (TL);142D (2650 kg przy 65 km/h);;Opona rolnicza;16.9 (420/85, 420/80, 440/80);;34;16934Aaii;4208534Aaii;Opona 420/85R34 Alliance AGRISTAR II 85 142D TL (16.9R34)
3421;5042;3528701922515;d23130;Dętka Kleber 30" 23.1 620/75 TR218A;(23.1R30, 600/70R30, 62075R30) 192251;;672.00;672.00;826.56;826.56;23;23.00;PLN;Dętki;Kleber;;1.0000;;https://static.abstore.pl/img/grasdorf/7bf6edbe-0eef-46a9-a81d-8e710a8628e1/l/detka-kleber-30-23-1-620%252F75-tr218a.png,https://static.abstore.pl/img/grasdorf/6e5084a3-c78c-44a1-b4ce-2886b9116c72/l/detka-kleber-30-23-1-620%252F75-tr218a.jpg,https://static.abstore.pl/img/grasdorf/9e21bb4b-08b5-4740-82b9-455c00c20c8d/l/detka-kleber-30-23-1-620%252F75-tr218a.png;nowa;;;;;;;;;;d6207530;d23130;
3715;5619;;23513TR;Opona 23x5-13 Trelleborg EliteXP std;DOT2016;;1100.00;1100.00;1353.00;1353.00;23;23.00;PLN;Opony/Opony rolnicze i przemysłowe/Opony Trelleborg;Trelleborg;;1.0000;;https://static.abstore.pl/img/grasdorf/13c2c86f-680b-40cd-8ab8-8a043cd5001c/l/opona-23x5-13-trelleborg-elitexp-std.jpg;nowa (DOT 2016);EliteXP;Diagonalna;Superelastyczna;60J;;Opona przemysłowa/komunalna;23x5;;13;2350013TR;23513TR;
3179;4608;3528704289226;9006042Ma2;Opona VF900/60R42 Michelin AXIOBIB 2;189D/185E TL;;29200.00;25130.00;35916.00;30909.90;23;23.00;PLN;Opony/Opony rolnicze i przemysłowe/Opony Michelin;Michelin;;3.0000;;https://static.abstore.pl/img/grasdorf/9483fc07-2fef-4989-b71f-dcb6c73941d3/l/opona-vf900%252F60r42-michelin-axiobib-2.jpg;nowa;Axiobib 2;Radialna;Bezdętkowa (TL);189D/185E (10300 kg przy 65 km/h);;Opona rolnicza;900/60;;42;2032;9006042Ma2;
2709;4042;8903094010646;11580153B;Opona 11.5/80-15.3 BKT AW 909 14PR TL;;;360.00;360.00;442.80;442.80;23;23.00;PLN;Opony/Opony rolnicze i przemysłowe/Opony BKT;BKT;;7.0000;;https://static.abstore.pl/img/grasdorf/aebf18e8-a4dd-4788-95de-74e307f9cbcc/l/opona-11-5%252F80-15-3-bkt-aw-909-14pr-tl.jpg;nowa;AW 909;Diagonalna;Bezdętkowa (TL);;14 PR;Opona rolnicza;11.5/80;;15.3;11580153B;11580153B;
3004;4407;8903094025671;2785015BKTLG30612;Opona 27x8.50-15 BKT LG 306 4PR TL;;;320.00;320.00;393.60;393.60;23;23.00;PLN;Opony/Opony rolnicze i przemysłowe/Opony BKT;BKT;;4.0000;;https://static.abstore.pl/img/grasdorf/04a6f4bf-7d47-4f1d-9fca-eabb40701a94/l/opona-27x8-50-15-bkt-lg-306-4pr-tl.jpg;nowa;LG 306;Diagonalna;Bezdętkowa (TL);;4 PR;Opona rolnicza;27x8.50;;15;;2785015BKTLG30612;
2246;203;;HD+1815;Nakrętka HD+ M18X1,5;;;130.00;130.00;159.90;159.90;23;23.00;PLN;Łączniki kół bliźniaczych;Starco;;59.0000;;https://static.abstore.pl/img/grasdorf/157c322a-fb71-4f73-97c5-d5208aa24c4c/l/nakretka-hd-m18x1-5.jpg,https://static.abstore.pl/img/grasdorf/0668c84d-cdc2-48b6-9bb4-6f29f4d1083a/l/nakretka-hd-m18x1-5.jpg,https://static.abstore.pl/img/grasdorf/da67b7ce-f24d-4df5-9482-6242ca48523a/l/nakretka-hd-m18x1-5.jpg;;;;;;;;;;;02-1949;HD+1815;
2257;208;;MD+1615;Nakrętka MD+ M16x1,5;;;105.00;105.00;129.15;129.15;23;23.00;PLN;Łączniki kół bliźniaczych;Starco;;218.0000;;https://static.abstore.pl/img/grasdorf/b68aefe3-e86b-4625-82c2-50111fa02d02/l/nakretka-md-m16x1-5.jpg,https://static.abstore.pl/img/grasdorf/6fd88387-7a56-4ac1-b0ed-980cffb51afc/l/nakretka-md-m16x1-5.jpg,https://static.abstore.pl/img/grasdorf/b924fcdb-76b3-45b9-8e19-19775e6da016/l/nakretka-md-m16x1-5.jpg;;;;;;;;;;;02-1990;MD+1615;
2763;4181;8903635014508;2007016G;Opona 200/70R16 Galaxy Garden Pro;94A8/94B TL;;590.00;590.00;725.70;725.70;23;23.00;PLN;Opony/Opony rolnicze i przemysłowe/Pozostałe;Galaxy;;3.0000;;https://static.abstore.pl/img/grasdorf/9aa553d8-0357-4834-a17d-b22695eb44f9/l/opona-200%252F70r16-galaxy-garden-pro.jpg;nowa;Garden Pro;Radialna;Bezdętkowa (TL);94A8/94B (670 kg przy 40 km/h);;Opona przemysłowa/komunalna;200/70;;16;2007016G;2007016G;
2646;3935;6419440453378;4408028No;Opona 440/80R28 Nokian TRI 2 156A8/151D;TL;;5360.00;5360.00;6592.80;6592.80;23;23.00;PLN;Opony/Opony rolnicze i przemysłowe/Pozostałe;Nokian;;2.0000;;https://static.abstore.pl/img/grasdorf/1ef7f0e5-dfbe-4e2b-b141-6818385c3776/l/opona-440%252F80r28-nokian-tri-2-156a8%252F151d.jpg;nowa;TRI 2 TL;Radialna;Bezdętkowa (TL);156A8/151D (4000 kg przy 40 km/h);;Opona przemysłowa/komunalna;440/80;;28;16928Nk;4408028No;
3402;5023;3528701711126;d4007020;Dętka Kleber 20" 400/70 TR218A (12.5-20,;14.5-20, 380/85R20, 14.9R20, 340/80R20, 340/75R20, 375/75R20, 360/70R20, 380/75R20, 400/70R20, 405/70R20, 16.0/70R20, 420/65R20, 440/65R20) 171112;;171.00;171.00;210.33;210.33;23;23.00;PLN;Dętki;Kleber;;3.0000;;https://static.abstore.pl/img/grasdorf/7eb0097e-0ed7-41a5-a317-2acf3be991be/l/detka-kleber-20-400%252F70-tr218a-12-5-20-.png,https://static.abstore.pl/img/grasdorf/56802ffe-3faa-40d7-b813-766abe0d8a7d/l/detka-kleber-20-400%252F70-tr218a-12-5-20-.jpg,https://static.abstore.pl/img/grasdorf/52698e59-1c55-497b-bd08-dd30648b3515/l/detka-kleber-20-400%252F70-tr218a-12-5-20-.png;nowa;;;;;;;;;;d1607020;d4007020;
2703;212;;szD;Szybkosprzęg DUOFIXX;;;290.00;290.00;356.70;356.70;23;23.00;PLN;Łączniki kół bliźniaczych;NDI;;4.0000;;https://static.abstore.pl/img/grasdorf/ee297d73-d50b-4346-adc1-9fe040781f7e/l/szybkosprzeg-duofixx.jpg,https://static.abstore.pl/img/grasdorf/b48d3e78-cce0-4598-a34c-cdbb080581b6/l/szybkosprzeg-duofixx.jpg;;;;;;;;;;;02-1993;szD;
2265;443;;szMD;Szybkosprzęg MD/MD+;;;190.00;190.00;233.70;233.70;23;23.00;PLN;Łączniki kół bliźniaczych;Starco;;195.0000;;https://static.abstore.pl/img/grasdorf/dd80c66b-dad9-4587-a4ff-317f68a44d7f/l/szybkosprzeg-md%252Fmd-.jpg,https://static.abstore.pl/img/grasdorf/635e4f9b-996b-40aa-ab42-9d3f9f3532e5/l/szybkosprzeg-md%252Fmd-.jpg,https://static.abstore.pl/img/grasdorf/71570093-6c3a-4346-b776-4ea52ad90b31/l/szybkosprzeg-md%252Fmd-.jpg,https://static.abstore.pl/img/grasdorf/6f84f0e3-3af5-4716-b140-b7d06eb15d3f/l/szybkosprzeg-md%252Fmd-.jpg;;;;;;;;;;;02-1946;szMD;
2942;4345;8903094017744;15195BKTTR3156;Opona 15-19.5 BKT Skid Power HD 14PR;TL;;1320.00;1320.00;1623.60;1623.60;23;23.00;PLN;Opony/Opony rolnicze i przemysłowe/Opony BKT;BKT;;16.0000;;https://static.abstore.pl/img/grasdorf/fd338f58-cb73-4ad1-8476-98499fa46e6c/l/opona-15-19-5-bkt-skid-power-hd-14pr.jpg;nowa;Skid Power HD;Diagonalna;Bezdętkowa (TL);;14 PR;Opona przemysłowa/komunalna;15;;19.5;;15195BKTTR3156;
2453;3496;;4408034BKT;Opona 440/80R34 BKT Ridemax IT696;159A8/155D TL (16.9R34);;4140.00;4140.00;5092.20;5092.20;23;23.00;PLN;Opony/Opony rolnicze i przemysłowe/Opony BKT;BKT;;6.0000;;https://static.abstore.pl/img/grasdorf/c3c7caba-dbe0-40b1-b0de-95d5510dbbc9/l/opona-440%252F80r34-bkt-ridemax-it696.jpg;nowa;Ridemax IT696;Radialna;Bezdętkowa (TL);159A8/155D (4375 kg przy 40 km/h);;Opona przemysłowa/komunalna;16.9 (420/85, 420/80, 440/80);;34;16934BKT;4408034BKT;
2705;3541;8903094010547;1008012BKT;Opona 10.0/80-12 BKT AW 909 10PR TL;;;250.00;250.00;307.50;307.50;23;23.00;PLN;Opony/Opony rolnicze i przemysłowe/Opony BKT;BKT;;6.0000;;https://static.abstore.pl/img/grasdorf/b539b2fb-a8a4-4d62-bd21-68440035940c/l/opona-10-0%252F80-12-bkt-aw-909-10pr-tl.jpg;nowa;AW 909;Diagonalna;Bezdętkowa (TL);;10 PR;Opona rolnicza;10.0/80;;12;108012BKT;1008012BKT;
3211;4640;3528701038247;56060225Mt;Opona VF560/60R22.5 Michelin TRAILXBIB;166D TL;;5820.00;5250.00;7158.60;6457.50;23;23.00;PLN;Opony/Opony rolnicze i przemysłowe/Opony Michelin;Michelin;;5.0000;;https://static.abstore.pl/img/grasdorf/4afec2c1-d6ff-4211-b2fb-35a3dcb49185/l/opona-vf560%252F60r22-5-michelin-trailxbib.jpg;nowa;Trailxbib;Radialna;Bezdętkowa (TL);166D (5300 kg przy 65 km/h);;Opona rolnicza;560/60;;22,5;;56060225Mt;
3777;3377;;4406524MTdemo;Opona 440/65R24 Mitas AC 65 demo;128D/131A8 TL;;2000.00;1820.00;2460.00;2238.60;23;23.00;PLN;Opony/Opony rolnicze i przemysłowe/Opony Mitas;Mitas;;2.0000;;https://static.abstore.pl/img/grasdorf/5b282467-666d-4d0c-944f-9bb1a1f6ac56/l/opona-440%252F65r24-mitas-ac-65-demo.jpg,https://static.abstore.pl/img/grasdorf/90c64c1c-c395-4399-aaa1-597ec6fa769e/l/opona-440%252F65r24-mitas-ac-65-demo.jpg,https://static.abstore.pl/img/grasdorf/a1138ee8-936b-4a14-9de1-65c4d433bfbb/l/opona-440%252F65r24-mitas-ac-65-demo.jpg,https://static.abstore.pl/img/grasdorf/0fd8e9ce-2af4-4a13-8611-04bf374b7f61/l/opona-440%252F65r24-mitas-ac-65-demo.jpg,https://static.abstore.pl/img/grasdorf/3af7a438-775e-4fe5-b47a-e29f38a6a033/l/opona-440%252F65r24-mitas-ac-65-demo.jpg,https://static.abstore.pl/img/grasdorf/71073a24-4664-407d-a011-19f501089b23/l/opona-440%252F65r24-mitas-ac-65-demo.jpg,https://static.abstore.pl/img/grasdorf/2b4826fa-0370-400d-b562-2cbb0e8e12a2/l/opona-440%252F65r24-mitas-ac-65-demo.jpg,https://static.abstore.pl/img/grasdorf/20a0b3ee-3798-4a25-9079-ffc010c139da/l/opona-440%252F65r24-mitas-ac-65-demo.jpg,https://static.abstore.pl/img/grasdorf/d254a5ef-b71f-4aeb-8ea3-83513bc2bf45/l/opona-440%252F65r24-mitas-ac-65-demo.jpg,https://static.abstore.pl/img/grasdorf/0fece4b0-7b91-49f8-bfd6-54de3a5be1ac/l/opona-440%252F65r24-mitas-ac-65-demo.jpg,https://static.abstore.pl/img/grasdorf/fa0fef4f-e652-4a07-8488-f1e28ba1e859/l/opona-440%252F65r24-mitas-ac-65-demo.jpg,https://static.abstore.pl/img/grasdorf/2945ce8f-dc93-43f4-9b5c-47299b8ebaa8/l/opona-440%252F65r24-mitas-ac-65-demo.jpg,https://static.abstore.pl/img/grasdorf/b63f46c2-99f3-498f-8a9d-7e358aa24b66/l/opona-440%252F65r24-mitas-ac-65-demo.jpg,https://static.abstore.pl/img/grasdorf/30955af7-1f9a-4694-9fef-18fda207a65b/l/opona-440%252F65r24-mitas-ac-65-demo.jpg,https://static.abstore.pl/img/grasdorf/e50a0c63-073a-42d1-bf41-a29a9e373cea/l/opona-440%252F65r24-mitas-ac-65-demo.jpg,https://static.abstore.pl/img/grasdorf/d0caf4c0-2954-4e1e-b12d-53dbc3dc162b/l/opona-440%252F65r24-mitas-ac-65-demo.jpg,https://static.abstore.pl/img/grasdorf/e8fc8c85-e5b8-4621-a087-bcc0ead1c086/l/opona-440%252F65r24-mitas-ac-65-demo.jpg,https://static.abstore.pl/img/grasdorf/a8f52860-d65c-4edc-a9ef-84960c8c0b0a/l/opona-440%252F65r24-mitas-ac-65-demo.jpg,https://static.abstore.pl/img/grasdorf/d18d40d4-5d23-4ae0-bd94-9062d22e56b5/l/opona-440%252F65r24-mitas-ac-65-demo.jpg,https://static.abstore.pl/img/grasdorf/ed833c8d-74d9-4de1-993b-6a291ce7680b/l/opona-440%252F65r24-mitas-ac-65-demo.jpg,https://static.abstore.pl/img/grasdorf/5c4533dd-c254-48dd-80eb-df9b4babe461/l/opona-440%252F65r24-mitas-ac-65-demo.jpg;pokazowa;AC 65;Radialna;Bezdętkowa (TL);128D/131A8 (1950 kg przy 40 km/h);;Opona rolnicza;440/65;;24;2543;4406524MTdemo;
3639;5508;;6507538conti;Opona 650/75R38 Continental;TractorMaster 169D/172A8 TL;;12230.00;6590.00;15042.90;8105.70;23;23.00;PLN;Opony/Opony rolnicze i przemysłowe/Pozostałe;Continental;;2.0000;;https://static.abstore.pl/img/grasdorf/698ae98c-1f06-485c-b744-718262423d63/l/opona-650%252F75r38-continental.png;nowa (DOT 2025);TractorMaster;Radialna;Bezdętkowa (TL);169D/172A8 (6300 kg przy 40 km/h);;Opona rolnicza;650/75;;38;6507538conti;6507538conti;
2848;3733;8903094022397;26120012BKTtr;Opona 26x12.00-12 BKT TR 315 12PR TL;;;450.00;450.00;553.50;553.50;23;23.00;PLN;Opony/Opony rolnicze i przemysłowe/Opony BKT;BKT;;6.0000;;https://static.abstore.pl/img/grasdorf/aca11624-e885-4093-b9ed-285481f4fc4b/l/opona-26x12-00-12-bkt-tr-315-12pr-tl.jpg;nowa;TR 315;Diagonalna;Bezdętkowa (TL);;12 PR;Opona rolnicza;26x12.00;;12;261212BKTtr;26120012BKTtr;
3327;4924;8903635028550;3808528Aaii;Opona 380/85R28 Alliance AGRISTAR II 85;133D TL (14.9R28);;1590.00;1590.00;1955.70;1955.70;23;23.00;PLN;Opony/Opony rolnicze i przemysłowe/Opony Alliance;Alliance;;2.0000;;https://static.abstore.pl/img/grasdorf/e3f3d3aa-b312-48ac-9548-dcc0014f461d/l/opona-380%252F85r28-alliance-agristar-ii-85.jpg;nowa;AGRISTAR II 85;Radialna;Bezdętkowa (TL);133D (2060 kg przy 65 km/h);;Opona rolnicza;14.9 (380/85, 380/90, 400/80);;28;14928Aaii;3808528Aaii;
2260;631;;S1615;Nakrętka STOCKS M16x1,5;;;130.00;130.00;159.90;159.90;23;23.00;PLN;Łączniki kół bliźniaczych;Stocks AG;;99.0000;;https://static.abstore.pl/img/grasdorf/0ed501f2-0e55-442a-b30c-c9f6f49d2f3f/l/nakretka-stocks-m16x1-5.jpg;;;;;;;;;;;SR-7892;S1615;
3173;4602;3528701019062;6506534Ma2;Opona VF650/65R34 Michelin AXIOBIB 2;170D/167E TL;;13530.00;12020.00;16641.90;14784.60;23;23.00;PLN;Opony/Opony rolnicze i przemysłowe/Opony Michelin;Michelin;;2.0000;;https://static.abstore.pl/img/grasdorf/47a49fbd-e3ba-45bd-8c8c-b1d5df975c41/l/opona-vf650%252F65r34-michelin-axiobib-2.jpg;nowa;Axiobib 2;Radialna;Bezdętkowa (TL);170D/167E (6000 kg przy 65 km/h);;Opona rolnicza;650/65;;34;6506534Ma2;6506534Ma2;
3273;4755;8903635028123;4207024Aaii;Opona 420/70R24 Alliance AGRISTAR II 70;130D TL;;1570.00;1570.00;1931.10;1931.10;23;23.00;PLN;Opony/Opony rolnicze i przemysłowe/Opony Alliance;Alliance;;2.0000;;https://static.abstore.pl/img/grasdorf/82362cce-21cb-45fc-aa13-651ec5dac968/l/opona-420%252F70r24-alliance-agristar-ii-70.jpg;nowa;AGRISTAR II 70;Radialna;Bezdętkowa (TL);130D (1900 kg przy 65 km/h);;Opona rolnicza;420/70;;24;2096;4207024Aaii;
2787;4205;8903635015246;12165Gmm2;Opona 12-16.5 Galaxy Mighty Mow 12PR TL;;;780.00;780.00;959.40;959.40;23;23.00;PLN;Opony/Opony rolnicze i przemysłowe/Pozostałe;Galaxy;;2.0000;;https://static.abstore.pl/img/grasdorf/db0b9685-bea5-46c9-a05c-c975ed1e7236/l/opona-12-16-5-galaxy-mighty-mow-12pr-tl.png;nowa;RC 95;Diagonalna;Bezdętkowa (TL);;12 PR;Opona przemysłowa/komunalna;;;16.5;12165Gmm2;12165Gmm2;
3175;4605;3528706559495;6508538Ma2;Opona VF650/85R38 Michelin AXIOBIB 2;182D/179E TL;;20810.00;19370.00;25596.30;23825.10;23;23.00;PLN;Opony/Opony rolnicze i przemysłowe/Opony Michelin;Michelin;;2.0000;;https://static.abstore.pl/img/grasdorf/2f483803-9009-4040-b19c-293749f038ed/l/opona-vf650%252F85r38-michelin-axiobib-2.jpg;nowa;Axiobib 2;Radialna;Bezdętkowa (TL);182D/179E (8500 kg przy 65 km/h);;Opona rolnicza;650/85;;38;2029;6508538Ma2;
3116;4519;8903094004706;716BKTTR1448;Opona 7-16 BKT TR 144 4PR TT;;;270.00;270.00;332.10;332.10;23;23.00;PLN;Opony/Opony rolnicze i przemysłowe/Opony BKT;BKT;;4.0000;;https://static.abstore.pl/img/grasdorf/7336f498-57c3-4dcc-a3de-e119bccc778b/l/opona-7-16-bkt-tr-144-4pr-tt.jpg;nowa;TR 144;Diagonalna;Dętkowa (TT);;4 PR;Opona rolnicza;7;;16;;716BKTTR1448;
3463;5098;8903635015840;75060305A885;Opona 750/60R30.5 Alliance 885 181D TL;;;4930.00;4930.00;6063.90;6063.90;23;23.00;PLN;Opony/Opony rolnicze i przemysłowe/Opony Alliance;Alliance;;2.0000;;https://static.abstore.pl/img/grasdorf/76567d82-ee5f-4b6c-ad85-c9d994d7bd1e/l/opona-750%252F60r30-5-alliance-885-181d-tl.jpg;nowa;A-885;Radialna;Bezdętkowa (TL);181D (8250 kg przy 65 km/h);;Opona rolnicza;750/60;;30.5;2257;75060305A885;
3188;4617;3528701354255;8006532Mm2;Opona 800/65R32 Michelin MEGAXBIB 2;178A8/178B TL (30.5R32);;16810.00;14990.00;20676.30;18437.70;23;23.00;PLN;Opony/Opony rolnicze i przemysłowe/Opony Michelin;Michelin;;4.0000;;https://static.abstore.pl/img/grasdorf/8fc44470-60c5-4fa3-a0fa-d5ba3aba881d/l/opona-800%252F65r32-michelin-megaxbib-2.jpg;nowa;Megaxbib 2;Radialna;Bezdętkowa (TL);178A8/178B (7500 kg przy 40 km/h);;Opona rolnicza;30.5 (800/65);;32;;8006532Mm2;
3189;4618;3528701668963;9006032Mm2;Opona 900/60R32 Michelin MEGAXBIB 2;181A8/181B TL (35.5R32);;22360.00;20900.00;27502.80;25707.00;23;23.00;PLN;Opony/Opony rolnicze i przemysłowe/Opony Michelin;Michelin;;2.0000;;https://static.abstore.pl/img/grasdorf/ab83ebd6-f6cc-4a7f-9425-86bb38afb21f/l/opona-900%252F60r32-michelin-megaxbib-2.jpg;nowa;Megaxbib 2;Radialna;Bezdętkowa (TL);181A8/181B (8250 kg przy 40 km/h);;Opona rolnicza;900/60;;32;;9006032Mm2;
3426;5047;3528701701509;d18434;Dętka Kleber 34" 18.4 460/85 TR218A;(18.4R34, 460/85R34, 520/70R34, 600/60R34, 600/65R34, 650/60R34, 650/65R34) 170150;;491.00;491.00;603.93;603.93;23;23.00;PLN;Dętki;Kleber;;4.0000;;https://static.abstore.pl/img/grasdorf/3243b1b0-7dcf-4998-9fdb-90924c501c4a/l/detka-kleber-34-18-4-460%252F85-tr218a.png,https://static.abstore.pl/img/grasdorf/c4b277ae-4c17-4dbc-9d3a-2d70401402be/l/detka-kleber-34-18-4-460%252F85-tr218a.jpg,https://static.abstore.pl/img/grasdorf/850702c9-d0ab-4fbf-acbd-039326955799/l/detka-kleber-34-18-4-460%252F85-tr218a.png;nowa;;;;;;;;;;d4608534;d18434;
3309;4906;8903635028154;6007030Aaii;Opona 600/70R30 Alliance AGRISTAR II 70;152D TL;;3440.00;3440.00;4231.20;4231.20;23;23.00;PLN;Opony/Opony rolnicze i przemysłowe/Opony Alliance;Alliance;;2.0000;;https://static.abstore.pl/img/grasdorf/53b63049-300d-4742-b60e-a97e778ba3b0/l/opona-600%252F70r30-alliance-agristar-ii-70.jpg;nowa;AGRISTAR II 70;Radialna;Bezdętkowa (TL);152D (3550 kg przy 65 km/h);;Opona rolnicza;600/70;;30;;6007030Aaii;
3762;5915;8903094063888;1904517BKTaw22;Opona 19.0/45-17 BKT AW 708 22PR TL;(480/45-17);;960.00;960.00;1180.80;1180.80;23;23.00;PLN;Opony/Opony rolnicze i przemysłowe/Opony BKT;BKT;;1.0000;;https://static.abstore.pl/img/grasdorf/143e5c9d-7bf1-4d74-983a-22abb5117292/l/opona-19-0%252F45-17-bkt-aw-708-22pr-tl.jpg;nowa;AW 708;Diagonalna;Bezdętkowa (TL);;22 PR;Opona rolnicza;19.0/45;;17;4804517BKTaw22;1904517BKTaw22;
3747;5359;5901765100088;75016Kab;Opona 7.50-16 Kabat SRF-02 8PR TT;;;300.00;300.00;369.00;369.00;23;23.00;PLN;Opony/Opony rolnicze i przemysłowe/Pozostałe;Kabat;;5.0000;;https://static.abstore.pl/img/grasdorf/773ae7bc-8673-4218-b652-e4f88e67d64e/l/opona-7-50-16-kabat-srf-02-8pr-tt.jpg;nowa;SRF-02;Diagonalna;Dętkowa (TT);103A8;8 PR;Opona rolnicza;7.50;;16;7516Kab;75016Kab;
3628;5497;;6506034conti;Opona VF650/60R34 Continental;TractorMaster DOT24 168D/165E TL;;9670.00;5690.00;11894.10;6998.70;23;23.00;PLN;Opony/Opony rolnicze i przemysłowe/Pozostałe;Continental;;4.0000;;https://static.abstore.pl/img/grasdorf/6520ee50-97d4-4a5e-bc77-987c4b7fdb13/l/opona-vf650%252F60r34-continental.png;nowa (DOT 2024);VF TractorMaster;Radialna;Bezdętkowa (TL);168D/165E (5600 kg przy 65 km/h);;Opona rolnicza;650/60;;34;6506034conti;6506034conti;
3340;4943;8680830005974;2607016PET;Opona 260/70R16 Petlas TA-110 109A8 TL;;;570.00;570.00;701.10;701.10;23;23.00;PLN;Opony/Opony rolnicze i przemysłowe/Pozostałe;Petlas;;1.0000;;https://static.abstore.pl/img/grasdorf/1bccbe72-4fae-4956-ad21-ae7233a84800/l/opona-260%252F70r16-petlas-ta-110-109a8-tl.jpg;nowa;TA-110;Radialna;Bezdętkowa (TL);109A8 (1030 kg przy 40 km/h);;Opona rolnicza;260/70;;16;2176;2607016PET;
2866;4085;8903094042104;31155015BKTlg;Opona 31x15.50-15 BKT LG 306 4PR TL;;;700.00;700.00;861.00;861.00;23;23.00;PLN;Opony/Opony rolnicze i przemysłowe/Opony BKT;BKT;;4.0000;;https://static.abstore.pl/img/grasdorf/3055c573-9a50-4aee-a2ac-24ff157cbe06/l/opona-31x15-50-15-bkt-lg-306-4pr-tl.jpg;nowa;LG 306;Diagonalna;Bezdętkowa (TL);;4 PR;Opona rolnicza;31x15.50;;15;315515BKTlg;31155015BKTlg;
3541;5330;8903094056057;31155015BKTsphd;Opona 31x15.50-15 BKT Skid Power HD;10PR TL;;720.00;720.00;885.60;885.60;23;23.00;PLN;Opony/Opony rolnicze i przemysłowe/Opony BKT;BKT;;8.0000;;https://static.abstore.pl/img/grasdorf/3434694b-0d8b-49b9-a941-1e5397d91413/l/opona-31x15-50-15-bkt-skid-power-hd.jpg;nowa;Skid Power HD;Diagonalna;Bezdętkowa (TL);;10 PR;Opona przemysłowa/komunalna;31x15.50;;15;3115515BKTsphd;31155015BKTsphd;
3174;4603;3528707576095;7106034Ma2;Opona VF710/60R34 Michelin AXIOBIB 2;173D/169E TL;;14370.00;13790.00;17675.10;16961.70;23;23.00;PLN;Opony/Opony rolnicze i przemysłowe/Opony Michelin;Michelin;;2.0000;;https://static.abstore.pl/img/grasdorf/d652ebff-6950-4a8d-a83a-62cc51d98520/l/opona-vf710%252F60r34-michelin-axiobib-2.jpg;nowa;Axiobib 2;Radialna;Bezdętkowa (TL);173D/169E (6500 kg przy 65 km/h);;Opona rolnicza;710/60;;34;2027;7106034Ma2;
3465;5145;3528706860287;6006528KTOPK;Opona IF600/65R28 Kleber TOPKER;160D/156E TL;;7000.00;6690.00;8610.00;8228.70;23;23.00;PLN;Opony/Opony rolnicze i przemysłowe/Opony Kleber;Kleber;;2.0000;;https://static.abstore.pl/img/grasdorf/60363bcf-864f-405f-8242-a172c30b7300/l/opona-if600%252F65r28-kleber-topker.jpg;nowa;TOPKER;Radialna;Bezdętkowa (TL);160D/156E (4500 kg przy 65 km/h);;Opona rolnicza;600/65;;28;;6006528KTOPK;
2340;3445;3528706592959;2709536KL;Opona 270/95R36 Kleber CROPKER;139D/142A8 TL (11.2R36);;2180.00;2180.00;2681.40;2681.40;23;23.00;PLN;Opony/Opony rolnicze i przemysłowe/Opony Kleber;Kleber;;4.0000;;https://static.abstore.pl/img/grasdorf/762f1683-4d11-40dc-8601-0cd886aa5d53/l/opona-270%252F95r36-kleber-cropker.jpg;nowa;Cropker;Radialna;Bezdętkowa (TL);139D/142A8 (2650 kg przy 40 km/h);;Opona rolnicza;11.2 (270/95, 280/85);;36;11236KL;2709536KL;
3771;5777;;5406534TRdemo;Opona 540/65R34 Trelleborg TM 800 demo;145D TL;;4830.00;3960.00;5940.90;4870.80;23;23.00;PLN;Opony/Opony rolnicze i przemysłowe/Opony Trelleborg;Trelleborg;;1.0000;;https://static.abstore.pl/img/grasdorf/b1276fee-f381-4d73-93d4-ed82b739d788/l/opona-540%252F65r34-trelleborg-tm-800-demo.jpg,https://static.abstore.pl/img/grasdorf/6f475885-8af1-4cd9-9fb2-9e1a042da3b7/l/opona-540%252F65r34-trelleborg-tm-800-demo.jpg,https://static.abstore.pl/img/grasdorf/058837a1-4ff9-4c47-8f2a-8c50882dd9a7/l/opona-540%252F65r34-trelleborg-tm-800-demo.jpg,https://static.abstore.pl/img/grasdorf/6030857d-6506-443d-9461-368896f79baf/l/opona-540%252F65r34-trelleborg-tm-800-demo.jpg,https://static.abstore.pl/img/grasdorf/ed09e581-4f84-44df-9533-77e755b9492a/l/opona-540%252F65r34-trelleborg-tm-800-demo.jpg,https://static.abstore.pl/img/grasdorf/81513df7-dad0-44f1-bf19-e6879f42ee9a/l/opona-540%252F65r34-trelleborg-tm-800-demo.jpg,https://static.abstore.pl/img/grasdorf/6f727114-e066-4596-b13a-cfc06f148611/l/opona-540%252F65r34-trelleborg-tm-800-demo.jpg,https://static.abstore.pl/img/grasdorf/7ba392d7-9bdd-42b9-b9c2-cc6f533459fe/l/opona-540%252F65r34-trelleborg-tm-800-demo.jpg,https://static.abstore.pl/img/grasdorf/8c9e427b-6680-4fcb-a982-7e4618086771/l/opona-540%252F65r34-trelleborg-tm-800-demo.jpg,https://static.abstore.pl/img/grasdorf/f944beb1-213d-4cb6-ae77-76718ad60e25/l/opona-540%252F65r34-trelleborg-tm-800-demo.jpg,https://static.abstore.pl/img/grasdorf/89e6a2f7-da64-4d55-aa8f-7b17bd86ffcf/l/opona-540%252F65r34-trelleborg-tm-800-demo.jpg,https://static.abstore.pl/img/grasdorf/694a5eea-1b3a-490d-9595-b6011453c0f0/l/opona-540%252F65r34-trelleborg-tm-800-demo.jpg,https://static.abstore.pl/img/grasdorf/ae823ca3-96f6-492b-9941-2f1266cada70/l/opona-540%252F65r34-trelleborg-tm-800-demo.jpg,https://static.abstore.pl/img/grasdorf/afa49853-3543-400c-a21f-bda3e8ada02b/l/opona-540%252F65r34-trelleborg-tm-800-demo.jpg;pokazowa;TM 800;Radialna;Bezdętkowa (TL);145D (2900 kg przy 65 km/h);;Opona rolnicza;540/65;;34;2539;5406534TRdemo;
3733;5443;8903094057993;5208550BKT;Opona 520/85R50 BKT Agrimax RT 855;165A8/165B TL (20.8R50);;7030.00;7030.00;8646.90;8646.90;23;23.00;PLN;Opony/Opony rolnicze i przemysłowe/Opony BKT;BKT;;2.0000;;https://static.abstore.pl/img/grasdorf/8bef6550-913c-4ac2-ab47-f26d90cf71f2/l/opona-520%252F85r50-bkt-agrimax-rt-855.jpg;nowa;RT 855;Radialna;Bezdętkowa (TL);165A8/165B (5150 kg przy 40 km/h);;Opona rolnicza;20.8 (520/85);;50;20850BKT;5208550BKT;
3452;3478;8903635011668;56045225A885;Opona 560/45R22.5 Alliance 885 152D TL;;;1720.00;1720.00;2115.60;2115.60;23;23.00;PLN;Opony/Opony rolnicze i przemysłowe/Opony Alliance;Alliance;;2.0000;;https://static.abstore.pl/img/grasdorf/534a2bd5-00bf-47d1-93c3-07f4b940c7ed/l/opona-560%252F45r22-5-alliance-885-152d-tl.jpg;nowa;A-885;Radialna;Bezdętkowa (TL);152D (3550 kg przy 65 km/h);;Opona rolnicza;560/45;;22.5;;56045225A885;
2719;4056;8903094040636;3008542BKT;Opona 300/85R42 BKT Agrimax RT 955;144A8/141B TL;;1970.00;1970.00;2423.10;2423.10;23;23.00;PLN;Opony/Opony rolnicze i przemysłowe/Opony BKT;BKT;;2.0000;;https://static.abstore.pl/img/grasdorf/2c2fc263-6e86-42bf-ab0d-c7162a09693a/l/opona-300%252F85r42-bkt-agrimax-rt-955.jpg;nowa;Agrimax RT 955;Radialna;Bezdętkowa (TL);144A8/141B (2800 kg przy 40 km/h);;Opona rolnicza;300/85;;42;11242BKT;3008542BKT;8903094040636
3286;4871;8903635028130;7107038Aaii;Opona 710/70R38 Alliance AGRISTAR II 70;172D TL;;5750.00;5750.00;7072.50;7072.50;23;23.00;PLN;Opony/Opony rolnicze i przemysłowe/Opony Alliance;Alliance;;2.0000;;https://static.abstore.pl/img/grasdorf/d6661a94-6a27-4e8c-9b55-bb390f5e1766/l/opona-710%252F70r38-alliance-agristar-ii-70.jpg;nowa;AGRISTAR II 70;Radialna;Bezdętkowa (TL);172D (6300 kg przy 65 km/h);;Opona rolnicza;710/70;;38;2167;7107038Aaii;
3434;1515;;airbooster;Airbooster Plus;zestaw do szybkiej regulacji ciśnienia;;1190.00;1190.00;1463.70;1463.70;23;23.00;PLN;Łączniki kół bliźniaczych;;;2.0000;;https://static.abstore.pl/img/grasdorf/aef122a5-cce1-4cea-9713-3875114a80f9/l/airbooster-plus.jpg;;;;;;;;;;;SR-1331;airbooster;
3471;5152;3528706225178;7107042KTOPK;Opona IF710/70R42 Kleber TOPKER;179D/176E TL;;15350.00;15350.00;18880.50;18880.50;23;23.00;PLN;Opony/Opony rolnicze i przemysłowe/Opony Kleber;Kleber;;2.0000;;https://static.abstore.pl/img/grasdorf/01fe741f-0a2b-40c2-8669-cfc6eeeb69a0/l/opona-if710%252F70r42-kleber-topker.jpg;nowa;TOPKER;Radialna;Bezdętkowa (TL);179D/176E (7750 kg przy 65 km/h);;Opona rolnicza;710/70;;42;;7107042KTOPK;
3822;5988;3528703586395;4209550MsprayCFO;Opona VF420/95R50 Michelin SPRAYBIB CFO;179D/175E TL;;12210.00;12210.00;15018.30;15018.30;23;23.00;PLN;Opony/Opony rolnicze i przemysłowe/Opony Michelin;Michelin;;1.0000;;https://static.abstore.pl/img/grasdorf/ff7b230d-f2e0-4750-9d03-46bd78db365e/l/opona-vf420%252F95r50-michelin-spraybib-cfo.jpg;nowa;Spraybib CFO;Radialna;Bezdętkowa (TL);179D/175E (6900 kg przy 70 km/h);;Opona rolnicza;420/95;;50;2698;4209550MsprayCFO;
3474;5154;3528703510970;3208538MAGRI;Opona IF320/85R38 Michelin AGRIBIB RC;151A8/151B TL;;5050.00;5050.00;6211.50;6211.50;23;23.00;PLN;Opony/Opony rolnicze i przemysłowe/Opony Michelin;Michelin;;2.0000;;https://static.abstore.pl/img/grasdorf/b5ac9b1f-0987-4fd7-9457-f2ba252993bd/l/opona-if320%252F85r38-michelin-agribib-rc.jpg;nowa;AGRIBIB RC;Radialna;Bezdętkowa (TL);151A8/151B (3450 kg przy 40 km/h);;Opona rolnicza;12.4 (320/85, 300/95, 320/90);;38;12438mif;3208538MAGRI;
2773;4191;8903635034636;3607024G;Opona 360/70R24 Galaxy Garden Pro;122A8/122B TL;;1990.00;1990.00;2447.70;2447.70;23;23.00;PLN;Opony/Opony rolnicze i przemysłowe/Pozostałe;Galaxy;;1.0000;;https://static.abstore.pl/img/grasdorf/31afa467-c8b6-4505-aad2-3b3db082b481/l/opona-360%252F70r24-galaxy-garden-pro.jpg;nowa;Garden Pro;Radialna;Bezdętkowa (TL);122A8/122B (1500 kg przy 40 km/h);;Opona przemysłowa/komunalna;360/70;;24;3607024G;3607024G;
3226;4668;8903094056019;26120012BKTSPHD12;Opona 26x12.00-12 BKT Skid Power HD;12PR TL;;440.00;440.00;541.20;541.20;23;23.00;PLN;Opony/Opony rolnicze i przemysłowe/Opony BKT;BKT;;3.0000;;https://static.abstore.pl/img/grasdorf/e7cecd4a-294b-44e1-ade9-c43388d9d5cd/l/opona-26x12-00-12-bkt-skid-power-hd.jpg;nowa;Skid Power HD;Diagonalna;Bezdętkowa (TL);;12 PR;Opona przemysłowa/komunalna;26x12.00;;12;261212BKTSPHD12;26120012BKTSPHD12;Opona 26x12.00-12 BKT Skid Power HD
3066;4469;8903094020614;65016BKTTF81818;Opona 6.50-16 BKT TF 8181 6PR TT;;;210.00;210.00;258.30;258.30;23;23.00;PLN;Opony/Opony rolnicze i przemysłowe/Opony BKT;BKT;;5.0000;;https://static.abstore.pl/img/grasdorf/ee61db05-4731-4c34-9cec-3b525f577e15/l/opona-6-50-16-bkt-tf-8181-6pr-tt.jpg;nowa;TF 8181;Diagonalna;Dętkowa (TT);;6 PR;Opona rolnicza;6.50;;16;;65016BKTTF81818;
3537;5340;8903094040865;9006032BKT185a8;Opona 900/60R32 BKT Agrimax Teris;185A8/182B TL;;10560.00;10300.00;12988.80;12669.00;23;23.00;PLN;Opony/Opony rolnicze i przemysłowe/Opony BKT;BKT;;1.0000;;https://static.abstore.pl/img/grasdorf/ba9a1119-ebe5-4998-9997-39b8ead29d6c/l/opona-900%252F60r32-bkt-agrimax-teris.jpg;nowa;Agrimax Teris;Radialna;Bezdętkowa (TL);185A8/182B (9250 kg przy 40 km/h);;Opona rolnicza;900/60;;32;35532BKT185a8;9006032BKT185a8;
2312;95;;S2225;Nakrętka STOCKS M22x2,5;;;130.00;130.00;159.90;159.90;23;23.00;PLN;Łączniki kół bliźniaczych;Stocks AG;;39.0000;;https://static.abstore.pl/img/grasdorf/265df969-1a66-46f2-baac-cc505172f5cc/l/nakretka-stocks-m22x2-5.jpg;;;;;;;;;;;03-0519;S2225;
2827;3586;8903094006366;55045225bkt;Opona 550/45-22.5 BKT FLOT 648 16PR TL;;;1510.00;1510.00;1857.30;1857.30;23;23.00;PLN;Opony/Opony rolnicze i przemysłowe/Opony BKT;BKT;;1.0000;;https://static.abstore.pl/img/grasdorf/d34e6323-1d5c-448c-9a7a-55f4bdf143f5/l/opona-550%252F45-22-5-bkt-flot-648-16pr-tl.jpg;nowa;FLOT 648;Diagonalna;Bezdętkowa (TL);;16 PR;Opona rolnicza;550/45;;22,5;55045225bkt;55045225bkt;
3033;4436;8903094006267;50045225BKT55812;Opona 500/45-22.5 BKT Flot 558 12PR TL;;;1340.00;1340.00;1648.20;1648.20;23;23.00;PLN;Opony/Opony rolnicze i przemysłowe/Opony BKT;BKT;;1.0000;;https://static.abstore.pl/img/grasdorf/0b5e8a06-b407-4953-ab95-a3946335b4d8/l/opona-500%252F45-22-5-bkt-flot-558-12pr-tl.png;nowa;Flot 558;Diagonalna;Bezdętkowa (TL);;12 PR;Opona rolnicza;500/45;;22,5;;50045225BKT55812;
3725;5659;8903094006403;60050225BKTflot64816;Opona 600/50-22.5 BKT FLOT 648 16PR TL;;;2290.00;2290.00;2816.70;2816.70;23;23.00;PLN;Opony/Opony rolnicze i przemysłowe/Opony BKT;BKT;;1.0000;;https://static.abstore.pl/img/grasdorf/9cd569a9-6203-45ff-bf71-68a20da71316/l/opona-600%252F50-22-5-bkt-flot-648-16pr-tl.jpg;nowa;Flot 648;Diagonalna;Bezdętkowa (TL);;16 PR;Opona rolnicza;600/50;;22,5;2468;60050225BKTflot64816;
3315;4912;8903635028628;2808524Aaii;Opona 280/85R24 Alliance AGRISTAR II 85;115D TL (11.2R24);;880.00;880.00;1082.40;1082.40;23;23.00;PLN;Opony/Opony rolnicze i przemysłowe/Opony Alliance;Alliance;;2.0000;;https://static.abstore.pl/img/grasdorf/f3737759-f068-4082-acda-f6517e058a56/l/opona-280%252F85r24-alliance-agristar-ii-85.jpg;nowa;AGRISTAR II 85;Radialna;Bezdętkowa (TL);115D (1215 kg przy 65 km/h);;Opona rolnicza;11.2 (270/95, 280/85);;24;11224aaii;2808524Aaii;
2264;3318;;śrMD+d;Śruba MD+ 805 mm;;;135.00;135.00;166.05;166.05;23;23.00;PLN;Łączniki kół bliźniaczych;Starco;;137.0000;;https://static.abstore.pl/img/grasdorf/9a7d5f09-954a-4db9-b6ca-59819402b118/l/sruba-md-805-mm.jpg;;;;;;;;;;;70;śrMD+d;
3728;5676;8903094025640;1307516BKTaw;Opona 13.0/75-16 BKT AW 702 10PR TL;(13/75-16);;580.00;580.00;713.40;713.40;23;23.00;PLN;Opony/Opony rolnicze i przemysłowe/Opony BKT;BKT;;2.0000;;https://static.abstore.pl/img/grasdorf/0c5e53ee-b309-4f43-80b1-2e3841296046/l/opona-13-0%252F75-16-bkt-aw-702-10pr-tl.jpg;nowa;AW 702;Diagonalna;Bezdętkowa (TL);;10 PR;Opona rolnicza;13.0/75 (340/75);;16;137516BKT;1307516BKTaw;
3422;5043;3528709833257;d11232;Dętka Kleber 32" 11.2 270/95 TR218A;(11.2R32, 270/95R32) 983325;;261.00;261.00;321.03;321.03;23;23.00;PLN;Dętki;Kleber;;1.0000;;https://static.abstore.pl/img/grasdorf/60cc263d-b1d7-447f-9236-91e2db7db328/l/detka-kleber-32-11-2-270%252F95-tr218a.png,https://static.abstore.pl/img/grasdorf/170dcb33-3585-4109-bfee-5925cabf3d8f/l/detka-kleber-32-11-2-270%252F95-tr218a.jpg,https://static.abstore.pl/img/grasdorf/9e04629e-a8fd-491d-90c3-f69507d68453/l/detka-kleber-32-11-2-270%252F95-tr218a.png;nowa;;;;;;;;;;d2709532;d11232;
2348;3435;8590341071149;6506538MT;Opona 650/65R38 Mitas AC 65 157D/160A8;TL;;5690.00;5690.00;6998.70;6998.70;23;23.00;PLN;Opony/Opony rolnicze i przemysłowe/Opony Mitas;Mitas;;2.0000;;https://static.abstore.pl/img/grasdorf/baedb933-7645-4fda-87ab-221a8b84a3b0/l/opona-650%252F65r38-mitas-ac-65-157d%252F160a8.jpg;nowa;AC 65;Radialna;Bezdętkowa (TL);157D/160A8 (4500 kg przy 40 km/h);;Opona rolnicza;650/65;;38;1589;6506538MT;
2830;2992;8903094020546;50015BKTtf;Opona 5.00-15 BKT TF 8181 6PR TT;;;130.00;130.00;159.90;159.90;23;23.00;PLN;Opony/Opony rolnicze i przemysłowe/Opony BKT;BKT;;6.0000;;https://static.abstore.pl/img/grasdorf/dd36914c-ad0b-4d89-bd6f-ecf1f4c4983a/l/opona-5-00-15-bkt-tf-8181-6pr-tt.jpg;nowa;TF 8181;Diagonalna;Dętkowa (TT);;6 PR;Opona rolnicza;5.00;;15;515BKTtf;50015BKTtf;
3744;5808;8903094010998;20060145BKT14;Opona 200/60-14.5 BKT RIB 774 14PR TL;(24x8.00-14.5);;280.00;280.00;344.40;344.40;23;23.00;PLN;Opony/Opony rolnicze i przemysłowe/Opony BKT;BKT;;9.0000;;https://static.abstore.pl/img/grasdorf/99fa9345-86e8-4190-a514-f1702a6f461e/l/opona-200%252F60-14-5-bkt-rib-774-14pr-tl.jpg;nowa;RIB 774;Diagonalna;Bezdętkowa (TL);;14 PR;Opona rolnicza;200/60;;14.5;24800145BKT14;20060145BKT14;
2869;4101;8903094020577;55016BKT;Opona 5.50-16 BKT TF 8181 6PR TT;;;150.00;150.00;184.50;184.50;23;23.00;PLN;Opony/Opony rolnicze i przemysłowe/Opony BKT;BKT;;4.0000;;https://static.abstore.pl/img/grasdorf/00abd8c9-74d7-4867-92bd-7c39e986726a/l/opona-5-50-16-bkt-tf-8181-6pr-tt.jpg;nowa;TF 8181;Diagonalna;Dętkowa (TT);;6 PR;Opona rolnicza;5.50;;16;5516BKT;55016BKT;
2492;304;8059971018752;20060145TR;Opona 200/60-14.5 Trelleborg T448 10PR;TT (24x8.00-14.5);;390.00;390.00;479.70;479.70;23;23.00;PLN;Opony/Opony rolnicze i przemysłowe/Opony Trelleborg;Trelleborg;;5.0000;;https://static.abstore.pl/img/grasdorf/e306cd62-6df4-4776-b280-9cba3d78d967/l/opona-200%252F60-14-5-trelleborg-t448-10pr.jpg;nowa;T448;Diagonalna;Dętkowa (TT);;10 PR;Opona rolnicza;200/60;;14.5;24800145TR;20060145TR;
3217;4646;3528704783021;4007020Kl;Opona 400/70R20 Kleber LUGKER 149A8/149B;TL (16.0/70R20, 405/70R20);;2120.00;2120.00;2607.60;2607.60;23;23.00;PLN;Opony/Opony rolnicze i przemysłowe/Opony Kleber;Kleber;;5.0000;;https://static.abstore.pl/img/grasdorf/e581dae3-4121-4227-928f-73465eda4290/l/opona-400%252F70r20-kleber-lugker-149a8%252F149b.jpg;nowa;Lugker;Radialna;Bezdętkowa (TL);149A8/149B (3250 kg przy 40 km/h);;Opona przemysłowa/komunalna;400/70;;20;;4007020Kl;
3218;4647;3528702654613;5007024Kl;Opona 500/70R24 Kleber LUGKER 164A8/164B;TL (19.5R24);;3100.00;3100.00;3813.00;3813.00;23;23.00;PLN;Opony/Opony rolnicze i przemysłowe/Opony Kleber;Kleber;;6.0000;;https://static.abstore.pl/img/grasdorf/c63b7f0f-6e70-47a5-9aa0-0397ad97f91c/l/opona-500%252F70r24-kleber-lugker-164a8%252F164b.jpg;nowa;Lugker;Radialna;Bezdętkowa (TL);164A8/164B (5000 kg przy 40 km/h);;Opona przemysłowa/komunalna;500/70;;24;;5007024Kl;
2311;1606;8903094037520;2508528bkt;Opona 250/85R28 BKT Agrimax RT 855 112A8;TL (9.5R28);;850.00;850.00;1045.50;1045.50;23;23.00;PLN;Opony/Opony rolnicze i przemysłowe/Opony BKT;BKT;;1.0000;;https://static.abstore.pl/img/grasdorf/1a1ea9d2-7f93-4d7d-8475-470ee08ef005/l/opona-250%252F85r28-bkt-agrimax-rt-855-112a8.jpg;nowa;Agrimax RT 855;Radialna;Bezdętkowa (TL);112A8 (1120 kg przy 40 km/h);;Opona rolnicza;9.5 (250/85, 230/95);;28;9528bkt;2508528bkt;8903094037520
3466;5146;3528707749369;6007028KTOPK;Opona IF600/70R28 Kleber TOPKER DOT22;164D/160E TL;;7090.00;7090.00;8720.70;8720.70;23;23.00;PLN;Opony/Opony rolnicze i przemysłowe/Opony Kleber;Kleber;;2.0000;;https://static.abstore.pl/img/grasdorf/0899905b-a6a3-464e-80f5-06b269b10fd2/l/opona-if600%252F70r28-kleber-topker-dot22.jpg;nowa (DOT 2022);TOPKER;Radialna;Bezdętkowa (TL);164D/160E (5000 kg przy 65 km/h);;Opona rolnicza;600/70;;28;;6007028KTOPK;
2702;311;;D1615;Nakrętka Duofixx M16x1,5;;;130.00;130.00;159.90;159.90;23;23.00;PLN;Łączniki kół bliźniaczych;NDI;;1.0000;;https://static.abstore.pl/img/grasdorf/130bbe4f-fe90-4b72-baa6-45af2a0fb007/l/nakretka-duofixx-m16x1-5.jpg;;;;;;;;;;;SR-0555;D1615;
2724;4061;3528702788929;6007030Kif;Opona IF600/70R30 Kleber TOPKER;165D/162E TL;;7850.00;7390.00;9655.50;9089.70;23;23.00;PLN;Opony/Opony rolnicze i przemysłowe/Opony Kleber;Kleber;;2.0000;;https://static.abstore.pl/img/grasdorf/87ba72a7-0009-4109-a7d4-70fffd147cb9/l/opona-if600%252F70r30-kleber-topker.jpg;nowa;Topker;Radialna;Bezdętkowa (TL);165D/162E (5150 kg przy 65 km/h);;Opona rolnicza;600/70;;30;1864;6007030Kif;Opona IF 600/70R30 Kleber TOPKER
2908;4311;;11580153BKTAW90910;Opona 11.5/80-15.3 BKT AW 909 16PR TL;;;380.00;380.00;467.40;467.40;23;23.00;PLN;Opony/Opony rolnicze i przemysłowe/Opony BKT;BKT;;1.0000;;https://static.abstore.pl/img/grasdorf/e13de108-bdc4-446d-a651-6eb899ced1ff/l/opona-11-5%252F80-15-3-bkt-aw-909-16pr-tl.jpg;nowa;AW 909;Diagonalna;Bezdętkowa (TL);;16 PR;Opona rolnicza;11.5/80;;15.3;;11580153BKTAW90910;
2266;213;;szHD;Szybkosprzęg HD/HD+;;;290.00;290.00;356.70;356.70;23;23.00;PLN;Łączniki kół bliźniaczych;Starco;;60.0000;;https://static.abstore.pl/img/grasdorf/e443da9a-3d51-4b28-a4ff-cd0d7914e4a7/l/szybkosprzeg-hd%252Fhd-.jpg,https://static.abstore.pl/img/grasdorf/c1443184-c2d0-451b-a1b7-3c1e504b5858/l/szybkosprzeg-hd%252Fhd-.jpg;;;;;;;;;;;02-1992;szHD;
2836;3255;8903094004539;714BKT;Opona 7-14 BKT TR 126 4PR TT (180/95-14);;;210.00;210.00;258.30;258.30;23;23.00;PLN;Opony/Opony rolnicze i przemysłowe/Opony BKT;BKT;;6.0000;;https://static.abstore.pl/img/grasdorf/b676e0bf-8aeb-434d-848e-fac5ea9230e9/l/opona-7-14-bkt-tr-126-4pr-tt-180%252F95-14-.png;nowa;TR 126;Diagonalna;Dętkowa (TT);;4 PR;Opona rolnicza;7;;14;1497;714BKT;
2991;4394;8903094042111;2485014BKTLG3064;Opona 24x8.50-14 BKT LG 306 4PR TL;(215/60-14);;260.00;260.00;319.80;319.80;23;23.00;PLN;Opony/Opony rolnicze i przemysłowe/Opony BKT;BKT;;4.0000;;https://static.abstore.pl/img/grasdorf/d7218698-10fd-4e01-96b2-7b0a25462a13/l/opona-24x8-50-14-bkt-lg-306-4pr-tl.jpg;nowa;LG 306;Diagonalna;Bezdętkowa (TL);;4 PR;Opona rolnicza;24x8.50;;14;2156014bkt248514;2485014BKTLG3064;
2986;4389;8903094012626;2385012BKTLG3064;Opona 23x8.50-12 BKT LG 306 8PR TL;;;220.00;220.00;270.60;270.60;23;23.00;PLN;Opony/Opony rolnicze i przemysłowe/Opony BKT;BKT;;4.0000;;https://static.abstore.pl/img/grasdorf/f5fd8e52-091d-44d9-a8bf-c2f572cd407d/l/opona-23x8-50-12-bkt-lg-306-8pr-tl.jpg;nowa;LG 306;Diagonalna;Bezdętkowa (TL);;8 PR;Opona rolnicza;23x8.50;;12;;2385012BKTLG3064;
3059;4462;8903094020591;60016BKTTF81818;Opona 6.00-16 BKT TF 8181 8PR TT;;;220.00;220.00;270.60;270.60;23;23.00;PLN;Opony/Opony rolnicze i przemysłowe/Opony BKT;BKT;;4.0000;;https://static.abstore.pl/img/grasdorf/21be6101-bbe2-4dd2-b486-2e9cde47b5bc/l/opona-6-00-16-bkt-tf-8181-8pr-tt.jpg;nowa;TF 8181;Diagonalna;Dętkowa (TT);;8 PR;Opona rolnicza;6;;16;;60016BKTTF81818;
3297;4894;8903635028277;3607024Aaii;Opona 360/70R24 Alliance AGRISTAR II 70;122D TL;;1230.00;1230.00;1512.90;1512.90;23;23.00;PLN;Opony/Opony rolnicze i przemysłowe/Opony Alliance;Alliance;;2.0000;;https://static.abstore.pl/img/grasdorf/fae2c729-9eb8-4653-bd29-0f4ed3c626a5/l/opona-360%252F70r24-alliance-agristar-ii-70.jpg;nowa;AGRISTAR II 70;Radialna;Bezdętkowa (TL);122D (1500 kg przy 65 km/h);;Opona rolnicza;360/70;;24;;3607024Aaii;
3172;4601;3528702021859;6506034Ma2;Opona VF650/60R34 Michelin AXIOBIB 2;168D/165E TL;;13180.00;12090.00;16211.40;14870.70;23;23.00;PLN;Opony/Opony rolnicze i przemysłowe/Opony Michelin;Michelin;;2.0000;;https://static.abstore.pl/img/grasdorf/0e19be8a-9e56-4829-9973-915c41e19103/l/opona-vf650%252F60r34-michelin-axiobib-2.jpg;nowa;Axiobib 2;Radialna;Bezdętkowa (TL);168D/165E (5600 kg przy 65 km/h);;Opona rolnicza;650/60;;34;6506034Ma2;6506034Ma2;
2272;3321;;pV;Podkładka wklęsło-wypukła "V" kpl.;;;49.00;49.00;60.27;60.27;23;23.00;PLN;Łączniki kół bliźniaczych;;;11.0000;;https://static.abstore.pl/img/grasdorf/ca141a31-c0a3-472b-8c41-05e0f6ca1b09/l/podkladka-wkleslo-wypukla-v-kpl-.jpg,https://static.abstore.pl/img/grasdorf/21db4381-fa49-4deb-aaf0-ecfa178d55d8/l/podkladka-wkleslo-wypukla-v-kpl-.jpg,https://static.abstore.pl/img/grasdorf/a3d0a412-c152-4bf3-945a-eaf0cf9299df/l/podkladka-wkleslo-wypukla-v-kpl-.jpg;;;;;;;;;;;73;pV;
2307;3358;;HD1815;Nakrętka HD M18x1,5;;;130.00;130.00;159.90;159.90;23;23.00;PLN;Łączniki kół bliźniaczych;Starco;;16.0000;;https://static.abstore.pl/img/grasdorf/36380045-b8a0-4c6d-8588-aaa6e7bce6c0/l/nakretka-hd-m18x1-5.jpg;;;;;;;;;;;74;HD1815;
2309;3279;;HD1615;Nakrętka HD M16x1,5;;;130.00;130.00;159.90;159.90;23;23.00;PLN;Łączniki kół bliźniaczych;Starco;;33.0000;;https://static.abstore.pl/img/grasdorf/4926e227-c4e3-42a1-ab38-03e5560c8057/l/nakretka-hd-m16x1-5.jpg,https://static.abstore.pl/img/grasdorf/bcd8a829-f8f8-43e4-bcec-d1bb92e7799a/l/nakretka-hd-m16x1-5.jpg;;;;;;;;;;;59;HD1615;
2346;3451;8059971013726;7107542TREL;Opona 710/75R42 Trelleborg TM 900 HP;175D/172E TL;;18100.00;16950.00;22263.00;20848.50;23;23.00;PLN;Opony/Opony rolnicze i przemysłowe/Opony Trelleborg;Trelleborg;;1.0000;;https://static.abstore.pl/img/grasdorf/2004efd3-7b44-40a7-8cd4-dee23de3d2c6/l/opona-710%252F75r42-trelleborg-tm-900-hp.jpg;nowa;TM 900 HP;Radialna;Bezdętkowa (TL);175D/172E (6900 kg przy 65 km/h);;Opona rolnicza;710/75;;42;1599;7107542TREL;
3618;5487;4019238041736;4209030conti;Opona 420/90R30 Continental Tractor 85;DOT22 147A8/147B TL;;3680.00;3020.00;4526.40;3714.60;23;23.00;PLN;Opony/Opony rolnicze i przemysłowe/Pozostałe;Continental;;2.0000;;https://static.abstore.pl/img/grasdorf/c18fb6aa-1d42-4c7f-aa22-dc51ed94150f/l/opona-420%252F90r30-continental-tractor-85.jpg;nowa (DOT 2022);Tractor 85;Radialna;Bezdętkowa (TL);147A8/147B (3075 kg przy 40 km/h);;Opona rolnicza;420/90;;30;4209030conti;4209030conti;
3281;4845;8903635028161;5207038Aaii;Opona 520/70R38 Alliance AGRISTAR II 70;150D TL;;3280.00;3280.00;4034.40;4034.40;23;23.00;PLN;Opony/Opony rolnicze i przemysłowe/Opony Alliance;Alliance;;2.0000;;https://static.abstore.pl/img/grasdorf/8c7888ff-d168-4b02-a6bf-d51c44c21932/l/opona-520%252F70r38-alliance-agristar-ii-70.jpg;nowa;AGRISTAR II 70;Radialna;Bezdętkowa (TL);150D (3350 kg przy 65 km/h);;Opona rolnicza;520/70;;38;2145;5207038Aaii;Opona 520/70R38 Alliance AGRISTAR II 70
2762;4180;8903635021766;2006516G;Opona 200/65R16 Galaxy Garden Pro;94A8/94B TL;;620.00;620.00;762.60;762.60;23;23.00;PLN;Opony/Opony rolnicze i przemysłowe/Pozostałe;Galaxy;;2.0000;;https://static.abstore.pl/img/grasdorf/ea55a59b-aebf-459a-b587-fd2502eab436/l/opona-200%252F65r16-galaxy-garden-pro.jpg;nowa;Garden Pro;Radialna;Bezdętkowa (TL);94A8/94B (670 kg przy 40 km/h);;Opona przemysłowa/komunalna;200/65;;16;2006516G;2006516G;
3457;5092;8903635015086;60055265A885;Opona 600/55R26.5 Alliance 885 165D TL;;;2810.00;2810.00;3456.30;3456.30;23;23.00;PLN;Opony/Opony rolnicze i przemysłowe/Opony Alliance;Alliance;;4.0000;;https://static.abstore.pl/img/grasdorf/6fc31220-36fe-4c25-835e-a52adb2b8a17/l/opona-600%252F55r26-5-alliance-885-165d-tl.jpg;nowa;A-885;Radialna;Bezdętkowa (TL);165D (5150 kg przy 65 km/h);;Opona rolnicza;600/55;;26.5;2251;60055265A885;
2253;3310;3528701617763;4208530KL;Opona 420/85R30 Kleber TRAKER 140A8/137B;TL (16.9R30);;2460.00;2460.00;3025.80;3025.80;23;23.00;PLN;Opony/Opony rolnicze i przemysłowe/Opony Kleber;Kleber;;2.0000;;https://static.abstore.pl/img/grasdorf/4902a15c-3616-4eab-9392-7e5664f61811/l/opona-420%252F85r30-kleber-traker-140a8%252F137b.png;nowa;Traker;Radialna;Bezdętkowa (TL);140A8/137B (2500 kg przy 40 km/h);;Opona rolnicza;16.9 (420/85, 420/80, 440/80);;30;16930kl;4208530KL;
3277;4820;8903635028802;5208546Aaii;Opona 520/85R46 Alliance AGRISTAR II 85;158D TL (20.8R46);;5150.00;5150.00;6334.50;6334.50;23;23.00;PLN;Opony/Opony rolnicze i przemysłowe/Opony Alliance;Alliance;;4.0000;;https://static.abstore.pl/img/grasdorf/c667d112-6c65-4688-8f1b-9aa9265cd033/l/opona-520%252F85r46-alliance-agristar-ii-85.jpg;nowa;AGRISTAR II 85;Radialna;Bezdętkowa (TL);158D (4250 kg przy 65 km/h);;Opona rolnicza;20.8 (520/85);;46;20846Aaii;5208546Aaii;
3311;4908;8903635028147;7107042Aaii;Opona 710/70R42 Alliance AGRISTAR II 70;173D TL;;6870.00;6870.00;8450.10;8450.10;23;23.00;PLN;Opony/Opony rolnicze i przemysłowe/Opony Alliance;Alliance;;2.0000;;https://static.abstore.pl/img/grasdorf/44b0fe1b-64b3-470c-bb2a-0df26934a040/l/opona-710%252F70r42-alliance-agristar-ii-70.jpg;nowa;AGRISTAR II 70;Radialna;Bezdętkowa (TL);173D (6500 kg przy 65 km/h);;Opona rolnicza;710/70;;42;;7107042Aaii;
3325;4922;8903635028598;3808038Aaii;Opona 380/80R38 Alliance AGRISTAR II 85;142D TL;;2160.00;2160.00;2656.80;2656.80;23;23.00;PLN;Opony/Opony rolnicze i przemysłowe/Opony Alliance;Alliance;;2.0000;;https://static.abstore.pl/img/grasdorf/ad4e117a-9536-4413-acb2-1aef9838a692/l/opona-380%252F80r38-alliance-agristar-ii-85.jpg;nowa;AGRISTAR II 85;Radialna;Bezdętkowa (TL);142D (2650 kg przy 65 km/h);;Opona rolnicza;380/80;;38;;3808038Aaii;
2344;3448;3528706252990;2309544KL;Opona 230/95R44 Kleber CROPKER;134D/137A8 TL (9.5R44);;2120.00;2120.00;2607.60;2607.60;23;23.00;PLN;Opony/Opony rolnicze i przemysłowe/Opony Kleber;Kleber;;14.0000;;https://static.abstore.pl/img/grasdorf/2df51d64-ecd4-4b14-afee-f58c4eaac9af/l/opona-230%252F95r44-kleber-cropker.jpg;nowa;Cropker;Radialna;Bezdętkowa (TL);134D/137A8 (2300 kg przy 40 km/h);;Opona rolnicza;9.5 (250/85, 230/95);;44;1597;2309544KL;
2244;3275;3528708976344;4807028KL;Opona 480/70R28 Kleber FITKER 145A8/145B;TL;;2720.00;2720.00;3345.60;3345.60;23;23.00;PLN;Opony/Opony rolnicze i przemysłowe/Opony Kleber;Kleber;;4.0000;;https://static.abstore.pl/img/grasdorf/aa1de356-3301-4a68-9604-6b92dc19dd44/l/opona-480%252F70r28-kleber-fitker-145a8%252F145b.jpg;nowa;Fitker;Radialna;Bezdętkowa (TL);145A8/145B (2900 kg przy 40 km/h);;Opona rolnicza;480/70;;28;4807028KL;4807028KL;
3213;4642;3528708820555;2607016Kf;Opona 260/70R16 Kleber FITKER 109A8/106B;TL;;1190.00;1190.00;1463.70;1463.70;23;23.00;PLN;Opony/Opony rolnicze i przemysłowe/Opony Kleber;Kleber;;4.0000;;https://static.abstore.pl/img/grasdorf/d577329f-57f3-4e18-a0fb-05423436a411/l/opona-260%252F70r16-kleber-fitker-109a8%252F106b.jpg;nowa;Fitker;Radialna;Bezdętkowa (TL);109A8/106B (1030 kg przy 40 km/h);;Opona rolnicza;260/70;;16;;2607016Kf;
2240;3237;3528701617770;4208534K;Opona 420/85R34 Kleber TRAKER 142A8/139B;TL (16.9R34);;3060.00;3060.00;3763.80;3763.80;23;23.00;PLN;Opony/Opony rolnicze i przemysłowe/Opony Kleber;Kleber;;4.0000;;https://static.abstore.pl/img/grasdorf/78407a11-f96a-41ac-ad9e-8dd94082b935/l/opona-420%252F85r34-kleber-traker-142a8%252F139b.png;nowa;Traker;Radialna;Bezdętkowa (TL);142A8/139B (2650 kg przy 40 km/h);;Opona rolnicza;16.9 (420/85, 420/80, 440/80);;34;16934k;4208534K;
3378;302;3528701700885;d6507538;Dętka Kleber 38" 650/75 710/70 TR218A;(650/75R38, 650/85R38, 680/75R38, 710/70R38, 800/70R38) 170088;;738.00;738.00;907.74;907.74;23;23.00;PLN;Dętki;Kleber;;2.0000;;https://static.abstore.pl/img/grasdorf/6b69bb10-57b4-4673-9cfb-56b06018b758/l/detka-kleber-38-650%252F75-710%252F70-tr218a.png,https://static.abstore.pl/img/grasdorf/5200656c-8c64-4baf-ac19-3d9c657ad9eb/l/detka-kleber-38-650%252F75-710%252F70-tr218a.jpg,https://static.abstore.pl/img/grasdorf/b009550d-2a62-4b85-934c-89c6eaa5a5b3/l/detka-kleber-38-650%252F75-710%252F70-tr218a.png;nowa;;;;;;;;;;d7107038;d6507538;
2433;3621;3528704267194;6007030Ma;Opona VF600/70R30 Michelin AXIOBIB 2;168D TL;;10940.00;9240.00;13456.20;11365.20;23;23.00;PLN;Opony/Opony rolnicze i przemysłowe/Opony Michelin;Michelin;;2.0000;;https://static.abstore.pl/img/grasdorf/49182ccd-53e5-4d34-a6e9-4fe0310a595b/l/opona-vf600%252F70r30-michelin-axiobib-2.jpg;nowa;Axiobib 2;Radialna;Bezdętkowa (TL);168D (5600 kg przy 65 km/h);;Opona rolnicza;600/70;;30;1690;6007030Ma;
3383;5004;3528701700847;d4808042;Dętka Kleber 42" 480/80-42 TR218A;(480/80R42, 18.4R42, 460/85R42) 170084;;561.00;445.00;690.03;547.35;23;23.00;PLN;Dętki;Kleber;;2.0000;;https://static.abstore.pl/img/grasdorf/9e4d5c72-9aa5-4c80-9a0a-2ea960c7180f/l/detka-kleber-42-480%252F80-42-tr218a.png,https://static.abstore.pl/img/grasdorf/ad39b76e-35c0-494c-bd2c-12db22390a56/l/detka-kleber-42-480%252F80-42-tr218a.jpg,https://static.abstore.pl/img/grasdorf/2de9b7ab-38d3-4051-ae21-f4fbffbd86cf/l/detka-kleber-42-480%252F80-42-tr218a.png;nowa;;;;;;;;;;d4608542;d4808042;
3416;5037;3528701701486;d14928;Dętka Kleber 28" 14.9 380/85 TR218A;(14.9R28, 380/85R28, 420/70R28, 440/65R28, 480/60R28) 170148;;268.00;268.00;329.64;329.64;23;23.00;PLN;Dętki;Kleber;;1.0000;;https://static.abstore.pl/img/grasdorf/a19c08bf-d198-42ce-8f3f-10fcc1151a8c/l/detka-kleber-28-14-9-380%252F85-tr218a.png,https://static.abstore.pl/img/grasdorf/594f0d07-44c3-4444-90e4-4ebe8988eb3e/l/detka-kleber-28-14-9-380%252F85-tr218a.jpg,https://static.abstore.pl/img/grasdorf/31f9a6c4-3d94-42b0-bc20-8e08afb299f7/l/detka-kleber-28-14-9-380%252F85-tr218a.png;nowa;;;;;;;;;;d3808528;d14928;
3375;269;3528704679621;d5208546;Dętka Kleber 46" 520/85 480/80 TR218A;(480/80R46, 520/85R46, 18.4R46, 20.8R46) 467962;;592.00;592.00;728.16;728.16;23;23.00;PLN;Dętki;Kleber;;2.0000;;https://static.abstore.pl/img/grasdorf/9bb18c63-bf7f-4770-a59f-a26fe83a1e69/l/detka-kleber-46-520%252F85-480%252F80-tr218a.png,https://static.abstore.pl/img/grasdorf/5e537d6c-212e-4dbc-9acf-a47077ea461b/l/detka-kleber-46-520%252F85-480%252F80-tr218a.jpg,https://static.abstore.pl/img/grasdorf/4d74c0f2-59da-453d-85c1-a53e9cc97169/l/detka-kleber-46-520%252F85-480%252F80-tr218a.png;nowa;;;;;;;;;;d4808046;d5208546;
3433;5054;3528701701516;d18438;Dętka Kleber 38" 18.4 460/85 TR218A;(18.4R38, 460/85R38, 520/70R38, 540/65R38, 600/60R38) 170151;;467.00;467.00;574.41;574.41;23;23.00;PLN;Dętki;Kleber;;4.0000;;https://static.abstore.pl/img/grasdorf/61f2ca3a-31e6-40c9-b582-a7f290611b72/l/detka-kleber-38-18-4-460%252F85-tr218a.png,https://static.abstore.pl/img/grasdorf/4c92f607-8ab1-4494-815c-a8ca466b7c78/l/detka-kleber-38-18-4-460%252F85-tr218a.jpg,https://static.abstore.pl/img/grasdorf/3fed4724-f11a-4101-baf2-bdcfc89719f4/l/detka-kleber-38-18-4-460%252F85-tr218a.png;nowa;;;;;;;;;;d5207038;d18438;
3379;310;3528701700076;d3009552;Dętka Kleber 50"/52"/54" TR218A;(320/90R50, 300/95R52, 270/95R54, 320/90R54) 170007;;359.00;359.00;441.57;441.57;23;23.00;PLN;Dętki;Kleber;;2.0000;;https://static.abstore.pl/img/grasdorf/3cb4a076-6bdd-4ba8-a8f4-efb4f8a917c2/l/detka-kleber-50-%252F52-%252F54-tr218a.png,https://static.abstore.pl/img/grasdorf/c01dd4b6-3953-4644-a673-e91a9c580752/l/detka-kleber-50-%252F52-%252F54-tr218a.jpg,https://static.abstore.pl/img/grasdorf/26aa703f-cdd6-4b46-9e99-24c63ce67714/l/detka-kleber-50-%252F52-%252F54-tr218a.png;nowa;;;;;;;;;;d3209054;d3009552;
3377;296;3528701700069;d7107042;Dętka Kleber 42" 710/70 520/85 TR218A;(520/85R42, 20.8R42, 580/70R42, 620/70R42, 650/65R42, 650/85R42, 710/60R42, 710/70R42, 710/75R42) 170006;;697.00;697.00;857.31;857.31;23;23.00;PLN;Dętki;Kleber;;4.0000;;https://static.abstore.pl/img/grasdorf/23231e04-7a03-4b38-889a-8bde75e83fe8/l/detka-kleber-42-710%252F70-520%252F85-tr218a.png,https://static.abstore.pl/img/grasdorf/81ded9e0-a567-4502-b4a4-fcd6bda9bb94/l/detka-kleber-42-710%252F70-520%252F85-tr218a.jpg,https://static.abstore.pl/img/grasdorf/6e010245-3e03-412d-9923-943ce5ce25b1/l/detka-kleber-42-710%252F70-520%252F85-tr218a.png;nowa;;;;;;;;;;d5208542;d7107042;
3183;4612;3528705665579;6007030Mm2;Opona 600/70R30 Michelin Machxbib 158D;TL;;9790.00;8680.00;12041.70;10676.40;23;23.00;PLN;Opony/Opony rolnicze i przemysłowe/Opony Michelin;Michelin;;7.0000;;https://static.abstore.pl/img/grasdorf/258c46ba-269d-4e12-8144-e2abeac65303/l/opona-600%252F70r30-michelin-machxbib-158d.jpg;nowa;Machxbib;Radialna;Bezdętkowa (TL);158D (4250 kg przy 65 km/h);;Opona rolnicza;600/70;;30;;6007030Mm2;
3470;5151;3528708733367;8007038KTOPK;Opona IF800/70R38 Kleber TOPKER;179D/175E TL;;17920.00;17190.00;22041.60;21143.70;23;23.00;PLN;Opony/Opony rolnicze i przemysłowe/Opony Kleber;Kleber;;2.0000;;https://static.abstore.pl/img/grasdorf/f1e767e8-4736-4937-b99e-cadf06f0ca1b/l/opona-if800%252F70r38-kleber-topker.jpg;nowa;TOPKER;Radialna;Bezdętkowa (TL);179D/175E (7750 kg przy 65 km/h);;Opona rolnicza;800/70;;38;;8007038KTOPK;
2436;3620;3528703719687;6006030Ma;Opona VF600/60R30 Michelin AXIOBIB 2;162D/159E TL;;8910.00;8390.00;10959.30;10319.70;23;23.00;PLN;Opony/Opony rolnicze i przemysłowe/Opony Michelin;Michelin;;4.0000;;https://static.abstore.pl/img/grasdorf/b72071d0-ea21-4af8-ba04-90a9470b5e99/l/opona-vf600%252F60r30-michelin-axiobib-2.jpg;nowa;Axiobib 2;Radialna;Bezdętkowa (TL);162D/159E (4750 kg przy 65 km/h);;Opona rolnicza;600/60;;30;1689;6006030Ma;
2713;4044;;7107042Mdemo;Opona 710/70R42 Michelin Machxbib demo;173D TL;;19660.00;17380.00;24181.80;21377.40;23;23.00;PLN;Opony/Opony rolnicze i przemysłowe/Opony Michelin;Michelin;;2.0000;;https://static.abstore.pl/img/grasdorf/a2352e44-4cfe-4f7e-80e0-6df0eb5d79e6/l/opona-710%252F70r42-michelin-machxbib-demo.jpg,https://static.abstore.pl/img/grasdorf/44a28f4c-ab73-4c64-b0a9-e5b1109ef1bd/l/opona-710%252F70r42-michelin-machxbib-demo.jpg,https://static.abstore.pl/img/grasdorf/1e301dd7-77f0-451f-b4b3-67f938fef603/l/opona-710%252F70r42-michelin-machxbib-demo.jpg,https://static.abstore.pl/img/grasdorf/f6cdf12a-8ffb-48ee-841e-603bd238372a/l/opona-710%252F70r42-michelin-machxbib-demo.jpg,https://static.abstore.pl/img/grasdorf/d4187197-f432-4452-bdba-340640f70711/l/opona-710%252F70r42-michelin-machxbib-demo.jpg,https://static.abstore.pl/img/grasdorf/00769f5b-2437-4ee0-86db-8e1d8f0f06b0/l/opona-710%252F70r42-michelin-machxbib-demo.jpg,https://static.abstore.pl/img/grasdorf/fe6b9b47-69cc-497c-9126-8734dbface5d/l/opona-710%252F70r42-michelin-machxbib-demo.jpg;pokazowa;Machxbib;Radialna;Bezdętkowa (TL);173D (6500 kg przy 65 km/h);;Opona rolnicza;710/70;;42;7107042Mdemo;7107042Mdemo;
3476;5156;3528701204628;3809046MAGRI;Opona IF380/90R46 Michelin AGRIBIB RC;165A8/165B TL;;8230.00;7640.00;10122.90;9397.20;23;23.00;PLN;Opony/Opony rolnicze i przemysłowe/Opony Michelin;Michelin;;2.0000;;https://static.abstore.pl/img/grasdorf/62b6cbdf-da0a-467f-b00b-adc1872fc5ee/l/opona-if380%252F90r46-michelin-agribib-rc.jpg;nowa;AGRIBIB RC;Radialna;Bezdętkowa (TL);165A8/165B (5150 kg przy 40 km/h);;Opona rolnicza;14.9 (380/85, 380/90, 400/80);;46;14946mif;3809046MAGRI;
2814;4260;3528709687225;4607024k;Opona 460/70R24 Kleber LUGKER 159A8/159B;TL (17.5R24);;2460.00;2460.00;3025.80;3025.80;23;23.00;PLN;Opony/Opony rolnicze i przemysłowe/Opony Kleber;Kleber;;22.0000;;https://static.abstore.pl/img/grasdorf/cc08b4cc-bc2f-4d80-baa8-4d6273206f8c/l/opona-460%252F70r24-kleber-lugker-159a8%252F159b.jpg;nowa;Lugker;Radialna;Bezdętkowa (TL);159A8/159B (4375 kg przy 40 km/h);;Opona przemysłowa/komunalna;17.5 (460/70);;24;17524k;4607024k;Opona 460/70R24 Kleber LUGKER
2336;3419;3528708823587;5208538M2;Opona 520/85R38 Michelin AGRIBIB 2;160A8/160B TL (20.8R38);;8040.00;6620.00;9889.20;8142.60;23;23.00;PLN;Opony/Opony rolnicze i przemysłowe/Opony Michelin;Michelin;;2.0000;;https://static.abstore.pl/img/grasdorf/0bd984ac-039f-4fb9-a4db-d968ae15d888/l/opona-520%252F85r38-michelin-agribib-2.png;nowa;Agribib 2;Radialna;Bezdętkowa (TL);160A8/160B (4500 kg przy 40 km/h);;Opona rolnicza;20.8 (520/85);;38;1586;5208538M2;
2386;2253;8903094055937;1885010BKT;Opona 18x8.50-10 BKT Skid Power HD 8PR;TL;;200.00;200.00;246.00;246.00;23;23.00;PLN;Opony/Opony rolnicze i przemysłowe/Opony BKT;BKT;;4.0000;;https://static.abstore.pl/img/grasdorf/2af771e4-66bc-4b7d-9b14-0a1ecb7c14ff/l/opona-18x8-50-10-bkt-skid-power-hd-8pr.jpg;nowa;SP-HD;Diagonalna;Bezdętkowa (TL);;8 PR;Opona przemysłowa/komunalna;18x8.50;;10;188510BKT;1885010BKT;
6996;7525;6973033769630;22110010joup3286;Opona 22x11.00-10 Journey P328 6PR TL;;;170.00;170.00;209.10;209.10;23;23.00;PLN;Opony/Opony rolnicze i przemysłowe/Pozostałe;Journey;;4.0000;;https://static.abstore.pl/img/grasdorf/97a1655b-fef9-45a4-8fe5-fcb4bf6b0195/l/opona-22x11-00-10-journey-p328-6pr-tl.png;nowa;;Diagonalna;Bezdętkowa (TL);;6 PR;Opona rolnicza;;;10;221110joup3286;22110010joup3286;
7464;10392;3286342804217;75070R44BRVT186D183E;Opona VF750/70R44 Bridgestone VT-TRACTOR;186D/183E TL;;12430.00;12430.00;15288.90;15288.90;23;23.00;PLN;Opony/Opony rolnicze i przemysłowe/Opony Bridgestone;Bridgestone;;2.0000;;https://static.abstore.pl/img/grasdorf/fb2a1237-edbb-4699-a3c9-f3f769897eb8/l/opona-vf750%252F70r44-bridgestone-vt-tractor.png;nowa;;Radialna;Bezdętkowa (TL);186D/183E (9500 kg przy 65 km/h);;Opona rolnicza;750/70;;44;;75070R44BRVT186D183E;
6715;9387;;1042e165;Felga 10x42 8/275/221/ET-119 NDI E165;Steyr;;3280.00;3280.00;4034.40;4034.40;23;23.00;PLN;Felgi;NDI;;2.0000;;https://static.abstore.pl/img/grasdorf/772c0633-d036-4cae-af31-9de965a2f4dd/l/felga-10x42-8%252F275%252F221%252Fet-119-ndi-e165.jpg,https://static.abstore.pl/img/grasdorf/9713219f-9df5-468c-b0ac-d0f5d58d25a1/l/felga-10x42-8%252F275%252F221%252Fet-119-ndi-e165.jpg,https://static.abstore.pl/img/grasdorf/447b5754-5ae5-476c-af38-7833ca93c101/l/felga-10x42-8%252F275%252F221%252Fet-119-ndi-e165.jpg;nowa;;;;;;;;;42;4210;1042e165;
7368;10082;;818BKTTR1714PRTT;Opona 8-18 BKT TR 171 4PR TT;;;430.00;430.00;528.90;528.90;23;23.00;PLN;Opony/Opony rolnicze i przemysłowe/Opony BKT;BKT;;2.0000;;https://static.abstore.pl/img/grasdorf/ab00265c-6bbd-4842-a71f-fd1b78860b46/l/opona-8-18-bkt-tr-171-4pr-tt.jpg;nowa;;Diagonalna;Dętkowa (TT);;4 PR;Opona rolnicza;8;;18;;818BKTTR1714PRTT;
7042;9868;;1046e930;Felga 10x46 8/275/221/ET-68 E930 JD;;;4140.00;4140.00;5092.20;5092.20;23;23.00;PLN;Felgi;LP;;2.0000;;;nowa;;;;;;;;;46;4610;1046e930;
6568;7278;;L001049;ŁĄCZNIK W10x38/28/38x750;;;1770.74;1770.74;2178.01;2178.01;23;23.00;PLN;;;;2.0000;;;;;;;;;;;;;1124;L001049;
7041;9867;;1032e928;Felga 10x32 8/275/221/ET-60 E928 JD;;;2990.00;2990.00;3677.70;3677.70;23;23.00;PLN;Felgi;LP;;2.0000;;;nowa;;;;;;;;;32;3210;1032e928;
6896;9657;;3809054mada;Opona 380/90R54 Michelin AGRIBIB 2 DA;152A8/152B TL (14.9R54) (DA - wada wizualna);;10510.00;3960.00;12927.30;4870.80;23;23.00;PLN;Opony/Opony rolnicze i przemysłowe/Opony Michelin;Michelin;;2.0000;;https://static.abstore.pl/img/grasdorf/c5ebdbd7-40d6-48b6-b0b1-d253830c27a2/l/opona-380%252F90r54-michelin-agribib-2-da.png,https://static.abstore.pl/img/grasdorf/8a99a0ab-4077-4180-a4d8-cf4ac333f2dc/l/opona-380%252F90r54-michelin-agribib-2-da.jpg,https://static.abstore.pl/img/grasdorf/0bcb2806-3fd5-4775-9a51-ed843130d419/l/opona-380%252F90r54-michelin-agribib-2-da.jpg,https://static.abstore.pl/img/grasdorf/b12df9a9-e917-4ef5-a088-232bee9f095b/l/opona-380%252F90r54-michelin-agribib-2-da.jpg,https://static.abstore.pl/img/grasdorf/60ec0356-2daf-4953-b87e-2b90b6bbbf51/l/opona-380%252F90r54-michelin-agribib-2-da.jpg,https://static.abstore.pl/img/grasdorf/666e9c90-b57a-48ae-8b91-36f54bdb8cd0/l/opona-380%252F90r54-michelin-agribib-2-da.jpg;nowa (DA - wada wizualna);;Radialna;Bezdętkowa (TL);152A8/152B (3550 kg przy 40 km/h);;Opona rolnicza;14.9 (380/85, 380/90, 400/80);;54;14954mada;3809054mada;
6690;9344;;1638e140;Felga 16x38 8/205/161/ET-80 E140 NDI DF;;;2820.00;2820.00;3468.60;3468.60;23;23.00;PLN;Felgi;NDI;;1.0000;;https://static.abstore.pl/img/grasdorf/8920392a-cf38-4aca-bb96-44b2de0064a5/l/felga-16x38-8%252F205%252F161%252Fet-80-e140-ndi-df.jpg,https://static.abstore.pl/img/grasdorf/a721764d-5dc2-450b-8419-c050e95d865e/l/felga-16x38-8%252F205%252F161%252Fet-80-e140-ndi-df.jpg,https://static.abstore.pl/img/grasdorf/1f98ae31-132e-4bd5-b9e4-15ae71b56005/l/felga-16x38-8%252F205%252F161%252Fet-80-e140-ndi-df.jpg;nowa;;;;;;;;;38;3816;1638e140;
7119;10160;8903635058069;32090R46A350148D151A;Opona 320/90R46 Alliance 350 148D/151A8;TL;;2310.00;1790.00;2841.30;2201.70;23;23.00;PLN;Opony/Opony rolnicze i przemysłowe/Opony Alliance;Alliance;;5.0000;;https://static.abstore.pl/img/grasdorf/bca471c9-bd90-4775-ade6-1dc4ecc53c81/l/opona-320%252F90r46-alliance-350-148d%252F151a8.png;nowa;;Radialna;Bezdętkowa (TL);148D/151A8 (3150 kg przy 65 km/h);;Opona rolnicza;12.4 (320/85, 300/95, 320/90);;46;12446a;32090R46A350148D151A;
7087;9941;;1657018fqh63818;Opona 16.5/70-18 Forerunner QH638 18PR;TTF + dętka i ochraniacz;;1090.00;1090.00;1340.70;1340.70;23;23.00;PLN;Opony/Opony rolnicze i przemysłowe/Pozostałe;Forerunner;;2.0000;;https://static.abstore.pl/img/grasdorf/599272e9-8ad3-48af-b2af-ef0baed9f16b/l/opona-16-5%252F70-18-forerunner-qh638-18pr.jpg;nowa;;Diagonalna;Dętkowa (TT);;18 PR;Opona rolnicza;;;18;003812;1657018fqh63818;
7097;9961;;1642e538;Felga 16x42 8/275/221/ET+10 E538;;;3040.00;3040.00;3739.20;3739.20;23;23.00;PLN;Felgi;LP;;2.0000;;;nowa;;;;;;;;;42;4216;1642e538;
7631;10508;;1248e576;Felga 12x48 10/335/281/ET+69 E576 JD;;;3100.00;3100.00;3813.00;3813.00;23;23.00;PLN;Felgi;;;2.0000;;https://static.abstore.pl/img/grasdorf/b6403fa4-e86e-4bb8-8670-60c6d1b0f8e4/l/felga-12x48-10%252F335%252F281%252Fet-69-e576-jd.jpg,https://static.abstore.pl/img/grasdorf/477832bf-5498-467e-951f-63469366089b/l/felga-12x48-10%252F335%252F281%252Fet-69-e576-jd.jpg,https://static.abstore.pl/img/grasdorf/224fcedf-5ca9-470f-9a53-89716fd89397/l/felga-12x48-10%252F335%252F281%252Fet-69-e576-jd.jpg;nowa;;;;;;;;;48;4812;1248e576;
7063;7422;;4608534ma2demo;Opona 460/85R34 Michelin AGRIBIB 2;152A8/152B demo TL (18.4R34);;5710.00;4210.00;7023.30;5178.30;23;23.00;PLN;Opony/Opony rolnicze i przemysłowe/Opony Michelin;Michelin;;2.0000;;https://static.abstore.pl/img/grasdorf/b9da9219-c311-49f2-a554-eb457ba4a722/l/opona-460%252F85r34-michelin-agribib-2.jpg,https://static.abstore.pl/img/grasdorf/c01bead2-70a4-4ca1-9261-4bd6e06082d8/l/opona-460%252F85r34-michelin-agribib-2.jpg,https://static.abstore.pl/img/grasdorf/58c8d2cb-2785-4477-9e75-713d4664c028/l/opona-460%252F85r34-michelin-agribib-2.jpg,https://static.abstore.pl/img/grasdorf/30818cb6-d6f8-4c4e-a2a7-4c6c42b8c7ec/l/opona-460%252F85r34-michelin-agribib-2.jpg,https://static.abstore.pl/img/grasdorf/73aae44e-56a8-4df4-9b64-1cca68a68d20/l/opona-460%252F85r34-michelin-agribib-2.jpg,https://static.abstore.pl/img/grasdorf/b8a6563b-e990-4d31-8800-7472c1d05eda/l/opona-460%252F85r34-michelin-agribib-2.jpg,https://static.abstore.pl/img/grasdorf/a8406550-b548-4e1a-b713-462171250098/l/opona-460%252F85r34-michelin-agribib-2.jpg,https://static.abstore.pl/img/grasdorf/f1f7ae20-629f-4062-9dd7-a100a9dbe95e/l/opona-460%252F85r34-michelin-agribib-2.jpg;pokazowa;;Radialna;Bezdętkowa (TL);152A8/152B (3550 kg przy 40 km/h);;Opona rolnicza;18.4 (460/85, 480/80);;34;18434ma2demo;4608534ma2demo;
6517;7654;8714692350603;4208534VTraxion85II1;Opona 420/85R34 Vredestein Traxion85 II;142A8/B TL (16.9R34);;2380.00;2270.00;2927.40;2792.10;23;23.00;PLN;Opony/Opony rolnicze i przemysłowe/Opony Vredestein;Vredestein;;1.0000;;https://static.abstore.pl/img/grasdorf/372b1b45-efba-458d-a7e7-18df76dcafef/l/opona-420%252F85r34-vredestein-traxion85-ii.png;nowa;;Radialna;Bezdętkowa (TL);142A8 (2650 kg przy 40 km/h);;Opona rolnicza;;;34;16934v;4208534VTraxion85II1;
6820;9552;;1054e285;Felga 10x54 10/335/281/ET+190 Grasdorf;E285 JD;;4950.00;4950.00;6088.50;6088.50;23;23.00;PLN;Felgi;Grasdorf;;2.0000;;https://static.abstore.pl/img/grasdorf/d9c0635c-5511-4fa8-8d20-6a180c1d304c/l/felga-10x54-10%252F335%252F281%252Fet-190-grasdorf.jpg,https://static.abstore.pl/img/grasdorf/a78b2e66-21b6-49b9-9306-0dc050088ace/l/felga-10x54-10%252F335%252F281%252Fet-190-grasdorf.jpg,https://static.abstore.pl/img/grasdorf/23da0098-0071-4a66-9c65-f63ad48b6160/l/felga-10x54-10%252F335%252F281%252Fet-190-grasdorf.jpg;nowa;;;;;;;;;54;5410;1054e285;
6601;3242;;5208538PETdemo;Opona 520/85R38 Petlas TA110 demo DOT17;155A8 TL (20.8R38);;3470.00;2250.00;4268.10;2767.50;23;23.00;PLN;Opony/Opony rolnicze i przemysłowe/Pozostałe;Petlas;;2.0000;;https://static.abstore.pl/img/grasdorf/1bd310b9-5b80-4277-83c9-95d80e727c66/l/opona-520%252F85r38-petlas-ta110-demo-dot17.jpg,https://static.abstore.pl/img/grasdorf/d6f856d7-fb2d-4254-9c8f-85a4caed2561/l/opona-520%252F85r38-petlas-ta110-demo-dot17.jpg,https://static.abstore.pl/img/grasdorf/ffcf56cb-8e44-4f84-ba07-bec9351b03f4/l/opona-520%252F85r38-petlas-ta110-demo-dot17.jpg,https://static.abstore.pl/img/grasdorf/d6dd66b1-935b-44d2-8ab6-00564ca81677/l/opona-520%252F85r38-petlas-ta110-demo-dot17.jpg,https://static.abstore.pl/img/grasdorf/27daed64-1286-4594-b58c-41e1864726d8/l/opona-520%252F85r38-petlas-ta110-demo-dot17.jpg;pokazowa (DOT 2017);;Radialna;Bezdętkowa (TL);155A8;;Opona rolnicza;20.8 (520/85);;38;20838PETdemo;5208538PETdemo;
7466;10396;3286342804910;90065R46BRVT190D187E;Opona VF900/65R46 Bridgestone VT-TRACTOR;193D/190E TL;;13790.00;13790.00;16961.70;16961.70;23;23.00;PLN;Opony/Opony rolnicze i przemysłowe/Opony Bridgestone;Bridgestone;;2.0000;;https://static.abstore.pl/img/grasdorf/30622423-0d1a-4f6c-b3fc-91fd1975e0f3/l/opona-vf900%252F65r46-bridgestone-vt-tractor.png;nowa;;Radialna;Bezdętkowa (TL);190D/187E (10600 kg przy 65 km/h);;Opona rolnicza;900/65;;46;;90065R46BRVT190D187E;
7362;10282;;71050R265AA+389T176D;Opona VF710/50R26.5 Alliance AGRIFLEX+;389 XT 176D TL;;4430.00;4430.00;5448.90;5448.90;23;23.00;PLN;Opony/Opony rolnicze i przemysłowe/Opony Alliance;Alliance;;1.0000;;https://static.abstore.pl/img/grasdorf/3028f73f-ae06-42c2-a8b7-accd76a70bf8/l/opona-vf710%252F50r26-5-alliance-agriflex-.jpg;nowa;;Radialna;Bezdętkowa (TL);176D (7100 kg przy 65 km/h);;Opona rolnicza;710/50;;26,5;;71050R265AA+389T176D;
7136;10239;;50060265A33116PR;Opona 500/60-26.5 Alliance 331;165A8/161B 16PR TL;;4280.00;4280.00;5264.40;5264.40;23;23.00;PLN;Opony/Opony rolnicze i przemysłowe/Opony Alliance;Alliance;;2.0000;;https://static.abstore.pl/img/grasdorf/1b20ba38-82e8-417c-a89d-b0328645ce27/l/opona-500%252F60-26-5-alliance-331.png;nowa;;Diagonalna;Bezdętkowa (TL);165A8/161B (5150 kg przy 40 km/h);16 PR;Opona rolnicza;500/60;;26,5;;50060265A33116PR;
7034;3531;6975222070046;2010008j93324;Opona 20x10.00-8 Journey P332 4PR 87A3;TL;;130.00;130.00;159.90;159.90;23;23.00;PLN;Opony/Opony rolnicze i przemysłowe/Pozostałe;Journey;;4.0000;;https://static.abstore.pl/img/grasdorf/558815e5-42f8-413f-8361-489cc9d683a4/l/opona-20x10-00-8-journey-p332-4pr-87a3.png;nowa;;Diagonalna;Bezdętkowa (TL);87A3;4 PR;Opona rolnicza;20x10.00;;8;20108jp3324;2010008j93324;
6701;9365;;2109532Ademo;Opona 210/95R32 Alliance 350 demo;116D/116A8 TL (8.3R32);;980.00;770.00;1205.40;947.10;23;23.00;PLN;Opony/Opony rolnicze i przemysłowe/Opony Alliance;Alliance;;2.0000;;https://static.abstore.pl/img/grasdorf/d8c1c1ea-e7ef-491c-95e1-557ecce2da34/l/opona-210%252F95r32-alliance-350-demo.jpg,https://static.abstore.pl/img/grasdorf/26fd7cd9-e62f-4db6-99fd-2e70d613c137/l/opona-210%252F95r32-alliance-350-demo.jpg,https://static.abstore.pl/img/grasdorf/2ad78748-3121-4f9a-a66b-683b09cc6549/l/opona-210%252F95r32-alliance-350-demo.jpg,https://static.abstore.pl/img/grasdorf/6ab6c72c-82f8-4b27-a40f-41e99847b8b1/l/opona-210%252F95r32-alliance-350-demo.jpg,https://static.abstore.pl/img/grasdorf/96f2404b-adb5-463e-9bd9-753490c77e0f/l/opona-210%252F95r32-alliance-350-demo.jpg,https://static.abstore.pl/img/grasdorf/6abaa292-04d4-4c71-8ecc-684909509e98/l/opona-210%252F95r32-alliance-350-demo.jpg,https://static.abstore.pl/img/grasdorf/4b8da11f-9353-4ab2-a3f6-e7f6e009895f/l/opona-210%252F95r32-alliance-350-demo.jpg;pokazowa;;Radialna;Bezdętkowa (TL);116D/116A8 (1250 kg przy 65 km/h);;Opona rolnicza;8.3 (210/95);;32;8332Ademo;2109532Ademo;
7095;9952;;3042e536;Felga 30x42 10/335/281/ET-45 E536 Claas;demo;;4390.00;4390.00;5399.70;5399.70;23;23.00;PLN;Felgi;;;2.0000;;https://static.abstore.pl/img/grasdorf/ac769101-233e-4626-ab52-7a46b39f700d/l/felga-30x42-10%252F335%252F281%252Fet-45-e536-claas.jpg,https://static.abstore.pl/img/grasdorf/4d6b8292-d5f3-4ba0-928b-d86dd6965290/l/felga-30x42-10%252F335%252F281%252Fet-45-e536-claas.jpg,https://static.abstore.pl/img/grasdorf/4785c6a7-b7a4-4cfc-8956-923e7e4036d2/l/felga-30x42-10%252F335%252F281%252Fet-45-e536-claas.jpg;demo;;;;;;;;;42;4230;3042e536;
6786;9503;;1250e245;Felga 12x50 8/203,2/150,5/ET+43 NDI E245;MF;;3970.00;3970.00;4883.10;4883.10;23;23.00;PLN;Felgi;NDI;;2.0000;;https://static.abstore.pl/img/grasdorf/6bd70653-4336-4e40-be2f-083271d39871/l/felga-12x50-8%252F203-2%252F150-5%252Fet-43-ndi-e245.jpg,https://static.abstore.pl/img/grasdorf/b695b639-c3f2-4e84-b2f9-7fe1cacdc592/l/felga-12x50-8%252F203-2%252F150-5%252Fet-43-ndi-e245.jpg,https://static.abstore.pl/img/grasdorf/02bb0ebd-4149-4ffd-95bd-a45c1514d9f1/l/felga-12x50-8%252F203-2%252F150-5%252Fet-43-ndi-e245.jpg;nowa;;;;;;;;;50;5012;1250e245;
6765;9469;;4008024MTti05demo;Opona 400/80-24 Mitas TI 05 demo 162A8;TL;;2540.00;2180.00;3124.20;2681.40;23;23.00;PLN;Opony/Opony rolnicze i przemysłowe/Opony Mitas;Mitas;;4.0000;;https://static.abstore.pl/img/grasdorf/ef7b9604-1a41-4538-93a0-2a1b4e6d7d23/l/opona-400%252F80-24-mitas-ti-05-demo-162a8.jpg,https://static.abstore.pl/img/grasdorf/84740567-b3db-436e-b2de-ce9de341429c/l/opona-400%252F80-24-mitas-ti-05-demo-162a8.jpg,https://static.abstore.pl/img/grasdorf/783cfe08-4b32-474a-8137-6da7ad7df363/l/opona-400%252F80-24-mitas-ti-05-demo-162a8.jpg,https://static.abstore.pl/img/grasdorf/a3e7a065-1751-4322-872a-b33029662ae2/l/opona-400%252F80-24-mitas-ti-05-demo-162a8.jpg,https://static.abstore.pl/img/grasdorf/aaa8997b-e310-43ba-9e9f-0b9f6cb55840/l/opona-400%252F80-24-mitas-ti-05-demo-162a8.jpg,https://static.abstore.pl/img/grasdorf/862e1dcb-0637-4958-adaa-159209424731/l/opona-400%252F80-24-mitas-ti-05-demo-162a8.jpg,https://static.abstore.pl/img/grasdorf/da94b888-148c-45cc-b61d-033522e04a83/l/opona-400%252F80-24-mitas-ti-05-demo-162a8.jpg,https://static.abstore.pl/img/grasdorf/4c8fb885-7570-4a75-8e90-cdd09107f6f8/l/opona-400%252F80-24-mitas-ti-05-demo-162a8.jpg;pokazowa;;Diagonalna;Bezdętkowa (TL);162A8 (4750 kg przy 40 km/h);;Opona przemysłowa/komunalna;15.5/80 (400/80);;24;1558024MTti05demo;4008024MTti05demo;
6823;9554;;1324e287;Felga 13x24 8/275/221/regulowana E287;Claas;;1770.00;1770.00;2177.10;2177.10;23;23.00;PLN;Felgi;;;2.0000;;https://static.abstore.pl/img/grasdorf/7741a81e-0610-4cb7-b8d3-4fa18cf557ae/l/felga-13x24-8%252F275%252F221%252Fregulowana-e287.jpg,https://static.abstore.pl/img/grasdorf/c356d66b-65ed-4bbb-b911-72d5ba74fddb/l/felga-13x24-8%252F275%252F221%252Fregulowana-e287.jpg,https://static.abstore.pl/img/grasdorf/a361a6b2-57e0-48f0-a73d-c796c2df7849/l/felga-13x24-8%252F275%252F221%252Fregulowana-e287.jpg;demo;;;;;;;;;24;2413;1324e287;
7633;10510;;1530e578;Felga 15x30 10/335/281/ET+40 E578 JD;demo;;2100.00;2100.00;2583.00;2583.00;23;23.00;PLN;Felgi;;;2.0000;;https://static.abstore.pl/img/grasdorf/dc57555b-4cc9-4dde-b472-10dca3e17e24/l/felga-15x30-10%252F335%252F281%252Fet-40-e578-jd.jpg,https://static.abstore.pl/img/grasdorf/61b19cf7-e1c4-44b2-9e1e-cb85f7837a12/l/felga-15x30-10%252F335%252F281%252Fet-40-e578-jd.jpg,https://static.abstore.pl/img/grasdorf/bd6fea8c-ec77-4a03-bca6-ce09095cb5ba/l/felga-15x30-10%252F335%252F281%252Fet-40-e578-jd.jpg;demo;;;;;;;;;30;3015;1530e578;
6881;9639;;5407030N99%;Opona 540/70R30 Nokian Tractor King SB;99% 159D TL;;9270.00;7750.00;11402.10;9532.50;23;23.00;PLN;Opony/Opony rolnicze i przemysłowe/Pozostałe;Nokian;;2.0000;;https://static.abstore.pl/img/grasdorf/ead8c3fe-041f-4bf3-87dd-771319b2b8c0/l/opona-540%252F70r30-nokian-tractor-king-sb.jpg,https://static.abstore.pl/img/grasdorf/63d7aca6-02f1-4f39-a5e6-867a579f0087/l/opona-540%252F70r30-nokian-tractor-king-sb.jpg,https://static.abstore.pl/img/grasdorf/32671f51-e50d-4627-b567-c91d4ae752a2/l/opona-540%252F70r30-nokian-tractor-king-sb.jpg,https://static.abstore.pl/img/grasdorf/d4c5e990-8a60-425a-adb1-dc5d42b5beed/l/opona-540%252F70r30-nokian-tractor-king-sb.jpg,https://static.abstore.pl/img/grasdorf/6c2541a1-d76d-4710-a61e-14eaa62344f4/l/opona-540%252F70r30-nokian-tractor-king-sb.jpg,https://static.abstore.pl/img/grasdorf/689e5b52-4c43-44bc-9e91-5860e63a210b/l/opona-540%252F70r30-nokian-tractor-king-sb.jpg,https://static.abstore.pl/img/grasdorf/ea02b8c6-5553-4e12-a05b-8c3b384352d0/l/opona-540%252F70r30-nokian-tractor-king-sb.jpg,https://static.abstore.pl/img/grasdorf/b06740e7-0d98-4fe8-8a46-a54b4e3d7b38/l/opona-540%252F70r30-nokian-tractor-king-sb.jpg;używana (bieżnik 99%);;Radialna;Bezdętkowa (TL);159D (4375 kg przy 65 km/h);;Opona leśna;540/70;;30;3711;5407030N99%;
7418;10130;8903635066637;23095R42AAIIRC133D13;Opona 230/95R42 Alliance AGRISTAR II RC;133D/130E TL;;1530.00;1530.00;1881.90;1881.90;23;23.00;PLN;Opony/Opony rolnicze i przemysłowe/Opony Alliance;Alliance;;2.0000;;https://static.abstore.pl/img/grasdorf/7077699f-6724-47ac-8fbc-e2e5f35d7141/l/opona-230%252F95r42-alliance-agristar-ii-rc.png;nowa;;Radialna;Bezdętkowa (TL);133D/130E (2060 kg przy 65 km/h);;Opona rolnicza;9.5 (250/85, 230/95);;42;9542a;23095R42AAIIRC133D13;
7758;10677;;1315s74229;Felga 13x15 5/140/94/ET0 Starco srebrna;74229 (74230);;650.00;650.00;799.50;799.50;23;23.00;PLN;Felgi;Starco;;10.0000;;https://static.abstore.pl/img/grasdorf/23e396ba-911a-48df-8000-b42f687c9cb7/l/felga-13x15-5%252F140%252F94%252Fet0-starco-srebrna.jpg,https://static.abstore.pl/img/grasdorf/6256705f-78dd-4bdc-83a5-87491d961b3f/l/felga-13x15-5%252F140%252F94%252Fet0-starco-srebrna.jpg,https://static.abstore.pl/img/grasdorf/b06c23c2-e89b-4a07-8522-01f7cbe73d13/l/felga-13x15-5%252F140%252F94%252Fet0-starco-srebrna.jpg;nowa;;;;;;;;;15;1513;1315s74229;
7436;10227;8903635056973;54065R34AAII145D;Opona 540/65R34 Alliance Agristar II;145D TL;;3170.00;3170.00;3899.10;3899.10;23;23.00;PLN;Opony/Opony rolnicze i przemysłowe/Opony Alliance;Alliance;;2.0000;;https://static.abstore.pl/img/grasdorf/b9c64e02-8a63-4784-ab0a-f608001005a8/l/opona-540%252F65r34-alliance-agristar-ii.jpg;nowa;;Radialna;Bezdętkowa (TL);145D (2900 kg przy 65 km/h);;Opona rolnicza;540/65;;34;;54065R34AAII145D;
7222;10148;;3208534AA363+143D;Opona VF320/85R34 Alliance A-363+ 143D;TL;;2740.00;1620.00;3370.20;1992.60;23;23.00;PLN;Opony/Opony rolnicze i przemysłowe/Opony Alliance;Alliance;;2.0000;;https://static.abstore.pl/img/grasdorf/a4ac8601-75cf-4b41-a20e-ad96b4c0aaac/l/opona-vf320%252F85r34-alliance-a-363-143d.png;nowa;;Radialna;Bezdętkowa (TL);143D (2725 kg przy 65 km/h);;Opona rolnicza;12.4 (320/85, 300/95, 320/90);;34;12434a;3208534AA363+143D;
7435;10202;8903635066705;32090R54AAIIRC151D14;Opona 320/90R54 Alliance AGRISTAR II RC;151D/148E TL;;3150.00;3150.00;3874.50;3874.50;23;23.00;PLN;Opony/Opony rolnicze i przemysłowe/Opony Alliance;Alliance;;2.0000;;https://static.abstore.pl/img/grasdorf/09a29c34-1636-4a48-9971-e2e17fd8ab87/l/opona-320%252F90r54-alliance-agristar-ii-rc.png;nowa;;Radialna;Bezdętkowa (TL);151D/148E (3450 kg przy 65 km/h);;Opona rolnicza;12.4 (320/85, 300/95, 320/90);;54;12454a;32090R54AAIIRC151D14;
6680;9218;;848e962;Felga 8x48 8/275/221/ET+50 GKN demo;Hardi E962;;2140.00;2140.00;2632.20;2632.20;23;23.00;PLN;Felgi;GKN;;2.0000;;https://static.abstore.pl/img/grasdorf/2b854cbc-f738-408e-84b7-1df62475ab30/l/felga-8x48-8%252F275%252F221%252Fet-50-gkn-demo.jpg,https://static.abstore.pl/img/grasdorf/d345b16d-6152-499d-acea-adbfd07e4c76/l/felga-8x48-8%252F275%252F221%252Fet-50-gkn-demo.jpg,https://static.abstore.pl/img/grasdorf/11dfadfb-d404-40c6-b728-29cce77022d3/l/felga-8x48-8%252F275%252F221%252Fet-50-gkn-demo.jpg;demo;;;;;;;;;48;488;848e962;
7093;9948;;2542e526;Felga 25x42 10/335/281/ET+40 E526 demo;JD;;3540.00;3540.00;4354.20;4354.20;23;23.00;PLN;Felgi;;;2.0000;;https://static.abstore.pl/img/grasdorf/0a210c1b-718c-4b18-b2dc-f888a174998b/l/felga-25x42-10%252F335%252F281%252Fet-40-e526-demo.jpg,https://static.abstore.pl/img/grasdorf/99b28085-0936-4cb4-b991-f544567ed41f/l/felga-25x42-10%252F335%252F281%252Fet-40-e526-demo.jpg,https://static.abstore.pl/img/grasdorf/c2afb65f-1aac-4f33-b904-7b5c1f45afa9/l/felga-25x42-10%252F335%252F281%252Fet-40-e526-demo.jpg;demo;;;;;;;;;42;4225;2542e526;
7732;10639;;1624a39478;Felga 16x24 10/335/281/ET+40 Accuride;39478;;1190.00;1190.00;1463.70;1463.70;23;23.00;PLN;Felgi;Accuride;;4.0000;;https://static.abstore.pl/img/grasdorf/a997b6b0-728f-4845-b8ea-142cfb3f890c/l/felga-16x24-10%252F335%252F281%252Fet-40-accuride.jpg,https://static.abstore.pl/img/grasdorf/b8a4e566-6486-45a6-92ce-b446272a23f3/l/felga-16x24-10%252F335%252F281%252Fet-40-accuride.jpg,https://static.abstore.pl/img/grasdorf/b67ef894-28ba-4288-ac32-3fc4b56fe1d0/l/felga-16x24-10%252F335%252F281%252Fet-40-accuride.jpg,https://static.abstore.pl/img/grasdorf/c31b99cc-9704-4807-92fe-558f5b744874/l/felga-16x24-10%252F335%252F281%252Fet-40-accuride.jpg,https://static.abstore.pl/img/grasdorf/d4968ef3-825b-4e68-a0ce-e4b0c81e8fd1/l/felga-16x24-10%252F335%252F281%252Fet-40-accuride.jpg,https://static.abstore.pl/img/grasdorf/8ed9b933-9709-4b4b-ad40-5e5ca2d720d3/l/felga-16x24-10%252F335%252F281%252Fet-40-accuride.jpg;nowa;;;;;;;;;24;2416;1624a39478;
7544;9807;;114004kk5004;Opona 11x4.00-4 Kenda K500 SUPERTURF 4PR;TL;;70.00;70.00;86.10;86.10;23;23.00;PLN;Opony/Opony rolnicze i przemysłowe/Pozostałe;Kenda;;1.0000;;https://static.abstore.pl/img/grasdorf/8abdac89-61dc-4aaf-bcb4-62099040065a/l/opona-11x4-00-4-kenda-k500-superturf-4pr.jpg;nowa;;Diagonalna;Bezdętkowa (TL);;4 PR;Opona rolnicza;;;;1144kk5004;114004kk5004;
6556;4136;;L000986;ŁĄCZNIK W10x46/38/46x450;;;2090.46;2090.46;2571.27;2571.27;23;23.00;PLN;;;;6.0000;;;;;;;;;;;;;1061;L000986;
7432;10178;8903635066767;34085R48AAIIRC156D15;Opona 340/85R48 Alliance AGRISTAR II RC;156D/153E TL;;2750.00;2750.00;3382.50;3382.50;23;23.00;PLN;Opony/Opony rolnicze i przemysłowe/Opony Alliance;Alliance;;3.0000;;https://static.abstore.pl/img/grasdorf/9a514b5b-33d3-4e42-9f8e-64b12cba8ffd/l/opona-340%252F85r48-alliance-agristar-ii-rc.png;nowa;;Radialna;Bezdętkowa (TL);156D/153E (4000 kg przy 65 km/h);;Opona rolnicza;13.6 (340/85, 340/90);;48;13648a;34085R48AAIIRC156D15;
6661;9302;;3807028Afpdemo;Opona 380/70R28 Alliance FarmPro demo;127A8/127B TL;;1550.00;1290.00;1906.50;1586.70;23;23.00;PLN;Opony/Opony rolnicze i przemysłowe/Opony Alliance;Alliance;;2.0000;;https://static.abstore.pl/img/grasdorf/759390eb-1eba-46a5-a1b7-dd0aba6dfffe/l/opona-380%252F70r28-alliance-farmpro-demo.jpg,https://static.abstore.pl/img/grasdorf/037a93db-f690-40f3-9f1c-03e804013d59/l/opona-380%252F70r28-alliance-farmpro-demo.jpg,https://static.abstore.pl/img/grasdorf/54abdec4-1547-4747-8626-bd47b9ed64bd/l/opona-380%252F70r28-alliance-farmpro-demo.jpg,https://static.abstore.pl/img/grasdorf/b27bb59b-cf9a-4145-b9ff-db082f93be23/l/opona-380%252F70r28-alliance-farmpro-demo.jpg,https://static.abstore.pl/img/grasdorf/dcb40b53-d450-4edd-bc14-2cca006cc559/l/opona-380%252F70r28-alliance-farmpro-demo.jpg,https://static.abstore.pl/img/grasdorf/d75be12c-0397-4f80-9e78-ed83a706100f/l/opona-380%252F70r28-alliance-farmpro-demo.jpg;pokazowa;;Radialna;Bezdętkowa (TL);127A8/127B (1750 kg przy 40 km/h);;Opona rolnicza;380/70;;28;003611;3807028Afpdemo;
7773;10682;;712s74233;Felga 7x12 6/120/90/ET-8 Starco biała;74233;;490.00;490.00;602.70;602.70;23;23.00;PLN;Felgi;Starco;;12.0000;;https://static.abstore.pl/img/grasdorf/214f166d-7ee1-4e14-9f80-1c448846f83b/l/felga-7x12-6%252F120%252F90%252Fet-8-starco-biala.jpg,https://static.abstore.pl/img/grasdorf/9cb7f7df-b7a4-4178-9ccc-1668756929d0/l/felga-7x12-6%252F120%252F90%252Fet-8-starco-biala.jpg,https://static.abstore.pl/img/grasdorf/7f0c11a8-8956-4abc-bc6d-a2f8cd1f96c1/l/felga-7x12-6%252F120%252F90%252Fet-8-starco-biala.jpg;nowa;;;;;;;;;12;127;712s74233;
6430;9069;6419440486895;7107042NSoilKingSB18;Opona VF710/70R42 Nokian Soil King SB;182D/179E TL;;17450.00;14050.00;21463.50;17281.50;23;23.00;PLN;Opony/Opony rolnicze i przemysłowe/Pozostałe;Nokian;;2.0000;;https://static.abstore.pl/img/grasdorf/1ed53dbe-a690-42e4-a82b-25bd728e3ead/l/opona-vf710%252F70r42-nokian-soil-king-sb.jpg;nowa;;Radialna;Bezdętkowa (TL);182D/185A8 (9250 kg przy 40 km/h);;Opona rolnicza;710/70;;42;;7107042NSoilKingSB18;
7092;9947;;6007028trtm900demo;Opona 600/70R28 Trelleborg TM 900 HP;demo 157D TL;;7460.00;5940.00;9175.80;7306.20;23;23.00;PLN;Opony/Opony rolnicze i przemysłowe/Opony Trelleborg;Trelleborg;;4.0000;;https://static.abstore.pl/img/grasdorf/e38c4d9e-b9f9-4607-84f3-d88bdb8214ee/l/opona-600%252F70r28-trelleborg-tm-900-hp.jpg,https://static.abstore.pl/img/grasdorf/fb70b1bd-b147-4e37-a896-70120ff38ae2/l/opona-600%252F70r28-trelleborg-tm-900-hp.jpg,https://static.abstore.pl/img/grasdorf/1674347f-06f1-47a4-ab3f-edca4bfb0204/l/opona-600%252F70r28-trelleborg-tm-900-hp.jpg,https://static.abstore.pl/img/grasdorf/d61d5f7e-b575-40d2-998c-740bb267c4b4/l/opona-600%252F70r28-trelleborg-tm-900-hp.jpg,https://static.abstore.pl/img/grasdorf/0ef04281-0cd3-4024-9c75-6b6b97a81575/l/opona-600%252F70r28-trelleborg-tm-900-hp.jpg,https://static.abstore.pl/img/grasdorf/2f40334f-9f97-419f-8635-2474f0dd232b/l/opona-600%252F70r28-trelleborg-tm-900-hp.jpg,https://static.abstore.pl/img/grasdorf/cbc7c741-fc64-4bbf-8214-4712c56dd9bd/l/opona-600%252F70r28-trelleborg-tm-900-hp.jpg,https://static.abstore.pl/img/grasdorf/55875487-b2d4-4018-8914-41c73557a111/l/opona-600%252F70r28-trelleborg-tm-900-hp.jpg,https://static.abstore.pl/img/grasdorf/9cb34f70-ca25-4dc8-a585-17e8a047d282/l/opona-600%252F70r28-trelleborg-tm-900-hp.jpg,https://static.abstore.pl/img/grasdorf/e9b48d61-6378-4924-9841-f5b87d655622/l/opona-600%252F70r28-trelleborg-tm-900-hp.jpg,https://static.abstore.pl/img/grasdorf/50994c2d-ee14-4b1f-ba0f-22b565d0ed2e/l/opona-600%252F70r28-trelleborg-tm-900-hp.jpg,https://static.abstore.pl/img/grasdorf/2ce254fc-ef9a-4b63-886e-5c03fd4a8426/l/opona-600%252F70r28-trelleborg-tm-900-hp.jpg,https://static.abstore.pl/img/grasdorf/6cae4a4b-cff9-41ab-944f-4957df85103a/l/opona-600%252F70r28-trelleborg-tm-900-hp.jpg;pokazowa;;Radialna;Bezdętkowa (TL);157D (4125 kg przy 65 km/h);;Opona rolnicza;600/70;;28;3818;6007028trtm900demo;
7728;10635;;1324a36423;Felga 13x24 8/275/221/ET10 Accuride;36423 HD;;1280.00;1280.00;1574.40;1574.40;23;23.00;PLN;Felgi;Accuride;;2.0000;;https://static.abstore.pl/img/grasdorf/bf839be0-8b7f-4f13-b4b5-3d21df882011/l/felga-13x24-8%252F275%252F221%252Fet10-accuride.jpg,https://static.abstore.pl/img/grasdorf/81ebbcfc-17df-4952-9550-ece2697a4da8/l/felga-13x24-8%252F275%252F221%252Fet10-accuride.jpg,https://static.abstore.pl/img/grasdorf/2ec624d1-32d8-477b-bc45-6d8e7de4ff45/l/felga-13x24-8%252F275%252F221%252Fet10-accuride.jpg;nowa;;;;;;;;;24;2413;1324a36423;
7638;10516;;1048e592;Felga 10x48 8/203,2/152,6/regulowana;używana E592;;1290.00;1290.00;1586.70;1586.70;23;23.00;PLN;Felgi;;;2.0000;;https://static.abstore.pl/img/grasdorf/334eb09f-83ba-4fdb-b6bd-7d7fa9117658/l/felga-10x48-8%252F203-2%252F152-6%252Fregulowana.jpg,https://static.abstore.pl/img/grasdorf/082ea976-7813-4352-92c7-e2033f7b2a7b/l/felga-10x48-8%252F203-2%252F152-6%252Fregulowana.jpg,https://static.abstore.pl/img/grasdorf/04469938-666a-4763-87bc-00ef32a79c45/l/felga-10x48-8%252F203-2%252F152-6%252Fregulowana.jpg;używana;;;;;;;;;48;4810;1048e592;
7091;9946;;7107042trtm900demo;Opona 710/70R42 Trelleborg TM 900 HP;demo 173D/170E TL;;16560.00;13110.00;20368.80;16125.30;23;23.00;PLN;Opony/Opony rolnicze i przemysłowe/Opony Trelleborg;Trelleborg;;4.0000;;https://static.abstore.pl/img/grasdorf/eb37ff27-b999-4830-94f3-41d8395ce928/l/opona-710%252F70r42-trelleborg-tm-900-hp.jpg,https://static.abstore.pl/img/grasdorf/d56ad4ca-4766-47e2-9270-c1f4d34565ea/l/opona-710%252F70r42-trelleborg-tm-900-hp.jpg,https://static.abstore.pl/img/grasdorf/e8e1b962-2c7d-4df2-bc5c-4dbdded3d359/l/opona-710%252F70r42-trelleborg-tm-900-hp.jpg,https://static.abstore.pl/img/grasdorf/3ddcb326-9a11-41e6-b7a5-c914bdbd8fad/l/opona-710%252F70r42-trelleborg-tm-900-hp.jpg,https://static.abstore.pl/img/grasdorf/3c1b3698-589f-45a5-9957-c4102c10dab4/l/opona-710%252F70r42-trelleborg-tm-900-hp.jpg,https://static.abstore.pl/img/grasdorf/54272310-e035-4e4e-b7a9-3355b1ca6d82/l/opona-710%252F70r42-trelleborg-tm-900-hp.jpg,https://static.abstore.pl/img/grasdorf/acb4e322-8b7b-4639-b077-cb2a913ee23d/l/opona-710%252F70r42-trelleborg-tm-900-hp.jpg,https://static.abstore.pl/img/grasdorf/43c5b281-ad26-43f7-9724-6c2094fbad74/l/opona-710%252F70r42-trelleborg-tm-900-hp.jpg,https://static.abstore.pl/img/grasdorf/cd70e5e8-0164-49ac-963c-860935e3772a/l/opona-710%252F70r42-trelleborg-tm-900-hp.jpg,https://static.abstore.pl/img/grasdorf/2ff38327-8003-42ea-b9e5-a617298864b9/l/opona-710%252F70r42-trelleborg-tm-900-hp.jpg,https://static.abstore.pl/img/grasdorf/77807ea7-1d4a-40f7-b569-2d0e715de547/l/opona-710%252F70r42-trelleborg-tm-900-hp.jpg,https://static.abstore.pl/img/grasdorf/938b9027-c8e7-4984-ad3e-7d0f1bd4db0b/l/opona-710%252F70r42-trelleborg-tm-900-hp.jpg,https://static.abstore.pl/img/grasdorf/9f5d2a8b-097a-4831-bfa5-caeeed5faa9b/l/opona-710%252F70r42-trelleborg-tm-900-hp.jpg;pokazowa;;Radialna;Bezdętkowa (TL);173D/170E (6500 kg przy 65 km/h);;Opona rolnicza;710/70;;42;3817;7107042trtm900demo;
7070;9911;;1530e512;Felga 15x30 10/335/281/ET-190 Grasdorf;E512 Fendt demo;;2700.00;2700.00;3321.00;3321.00;23;23.00;PLN;Felgi;Grasdorf;;2.0000;;https://static.abstore.pl/img/grasdorf/d2605d31-a27a-4699-968a-b15169cac53e/l/felga-15x30-10%252F335%252F281%252Fet-190-grasdorf.jpg,https://static.abstore.pl/img/grasdorf/acd57ead-01f3-4100-8ebc-342c1690c868/l/felga-15x30-10%252F335%252F281%252Fet-190-grasdorf.jpg,https://static.abstore.pl/img/grasdorf/ea019237-ecb9-44e9-ae4a-3947025e4ef4/l/felga-15x30-10%252F335%252F281%252Fet-190-grasdorf.jpg;demo;;;;;;;;;30;3015;1530e512;
7069;9904;;2342e510;Felga 23x42 10/335/281/ET-180 E510 Fendt;;;5460.00;5460.00;6715.80;6715.80;23;23.00;PLN;Felgi;LP;;2.0000;;;nowa;;;;;;;;;42;4223;2342e510;
7012;9820;;1046e444;Felga 10x46 8/203,2/150,1/ET+90 NDI E444;Valtra;;4140.00;4140.00;5092.20;5092.20;23;23.00;PLN;Felgi;NDI;;2.0000;;https://static.abstore.pl/img/grasdorf/840562ea-3026-4852-99d7-f18af0968e87/l/felga-10x46-8%252F203-2%252F150-1%252Fet-90-ndi-e444.jpg,https://static.abstore.pl/img/grasdorf/9fee70e2-e143-4e1c-b2a9-9e378501d363/l/felga-10x46-8%252F203-2%252F150-1%252Fet-90-ndi-e444.jpg,https://static.abstore.pl/img/grasdorf/b993233b-ad73-43b4-81d3-e896da91644b/l/felga-10x46-8%252F203-2%252F150-1%252Fet-90-ndi-e444.jpg;nowa;;;;;;;;;46;4610;1046e444;
6642;9257;;1028e93;Felga 10x28 8/152,4/110/ET-15 DF NDI E93;;;1870.00;1870.00;2300.10;2300.10;23;23.00;PLN;Felgi;NDI;;2.0000;;https://static.abstore.pl/img/grasdorf/df78f104-067b-47c3-831c-cf6ffad72927/l/felga-10x28-8%252F152-4%252F110%252Fet-15-df-ndi-e93.jpg,https://static.abstore.pl/img/grasdorf/4a9712b0-73c9-458f-a515-1d87309c1e5c/l/felga-10x28-8%252F152-4%252F110%252Fet-15-df-ndi-e93.jpg,https://static.abstore.pl/img/grasdorf/ed3dbe46-cd62-42b4-8209-bbd925924edd/l/felga-10x28-8%252F152-4%252F110%252Fet-15-df-ndi-e93.jpg;nowa;;;;;;;;;28;2810;1028e93;
6712;9381;;14225140282;Felga 14x22.5 10/335/281/ET0 Jantsa;140282;;950.00;950.00;1168.50;1168.50;23;23.00;PLN;Felgi;Jantsa;;1.0000;;;nowa;;;;;;;;;22.5;1400225;14225140282;
7035;9854;6975222070145;188508jp3284;Opona 18x8.50-8 Journey P328 4PR TL;;;140.00;140.00;172.20;172.20;23;23.00;PLN;Opony/Opony rolnicze i przemysłowe/Pozostałe;Journey;;4.0000;;https://static.abstore.pl/img/grasdorf/a19cf59a-3d2b-42bb-b2dd-543aed38caca/l/opona-18x8-50-8-journey-p328-4pr-tl.png;nowa;;Diagonalna;Bezdętkowa (TL);;4 PR;Opona rolnicza;18x8.50;;8;18858jp3284;188508jp3284;
7036;9855;6973033769975;188508jh85018;Opona 18x8.50-8 Journey H8501 8PR TL;;;150.00;150.00;184.50;184.50;23;23.00;PLN;Opony/Opony rolnicze i przemysłowe/Pozostałe;Journey;;4.0000;;https://static.abstore.pl/img/grasdorf/778573a6-4b68-4ff1-adee-0cec1bf6a9b7/l/opona-18x8-50-8-journey-h8501-8pr-tl.jpg;nowa;;Diagonalna;Bezdętkowa (TL);;8 PR;Opona rolnicza;18x8.50;;8;18858jh85018;188508jh85018;
6662;9290;;2338e108;Felga 23x38 12/425/371/ET-67 GKN E108;Fendt;;3250.00;3250.00;3997.50;3997.50;23;23.00;PLN;Felgi;GKN;;1.0000;;https://static.abstore.pl/img/grasdorf/45df7044-5726-4098-9830-e643392bd4df/l/felga-23x38-12%252F425%252F371%252Fet-67-gkn-e108.jpg,https://static.abstore.pl/img/grasdorf/d78fd568-55ce-4526-ada0-cb94b2c64245/l/felga-23x38-12%252F425%252F371%252Fet-67-gkn-e108.jpg,https://static.abstore.pl/img/grasdorf/ae295e79-087f-473a-b02e-4e4c2ff96248/l/felga-23x38-12%252F425%252F371%252Fet-67-gkn-e108.jpg;demo;;;;;;;;;38;3823;2338e108;
6860;9613;;1638f381636;Felga 16x38 8/203,2/152,6/ET-51 Pronar;38.16.36;;2490.00;2490.00;3062.70;3062.70;23;23.00;PLN;Felgi;Pronar;;2.0000;;;nowa;;;;;;;;;38;3816;1638f381636;
7024;9838;;1828e454;Felga 18x28 10/335/281/ET+39 E454 demo;Valtra;;1890.00;1890.00;2324.70;2324.70;23;23.00;PLN;Felgi;;;2.0000;;https://static.abstore.pl/img/grasdorf/970e7522-c6c5-43fc-8fe0-a4c844e61c7c/l/felga-18x28-10%252F335%252F281%252Fet-39-e454-demo.jpg,https://static.abstore.pl/img/grasdorf/a9d83997-d4ea-4906-9d6f-3bb70796c042/l/felga-18x28-10%252F335%252F281%252Fet-39-e454-demo.jpg,https://static.abstore.pl/img/grasdorf/236a6a94-5301-4af6-889c-a8a366362e9a/l/felga-18x28-10%252F335%252F281%252Fet-39-e454-demo.jpg;demo;;;;;;;;;28;2818;1828e454;
6716;9388;;1534e167;Felga 15x34 10/335/281/ET+30 E167 Claas;demo;;2520.00;2520.00;3099.60;3099.60;23;23.00;PLN;Felgi;;;2.0000;;https://static.abstore.pl/img/grasdorf/f6c4ef0f-5810-4661-aba9-90f7cf03bbcb/l/felga-15x34-10%252F335%252F281%252Fet-30-e167-claas.jpg,https://static.abstore.pl/img/grasdorf/d3054615-deef-4c7a-89ac-1c53ff4806ae/l/felga-15x34-10%252F335%252F281%252Fet-30-e167-claas.jpg,https://static.abstore.pl/img/grasdorf/96fade68-e8cc-42e5-864d-71552a231841/l/felga-15x34-10%252F335%252F281%252Fet-30-e167-claas.jpg;demo;;;;;;;;;34;3415;1534e167;
6945;9713;8903094027255;25065145bkt;Opona 250/65-14.5 BKT RIB 774 14PR TL;;;370.00;370.00;455.10;455.10;23;23.00;PLN;Opony/Opony rolnicze i przemysłowe/Opony BKT;BKT;;2.0000;;https://static.abstore.pl/img/grasdorf/9b512304-9a81-4eb3-b3b7-e9cfb8ace8ac/l/opona-250%252F65-14-5-bkt-rib-774-14pr-tl.jpg;nowa;;Diagonalna;Bezdętkowa (TL);;14 PR;Opona rolnicza;;;;3723;25065145bkt;
7408;10106;8903635066750;23095R28AAIIRC110D10;Opona 230/95R28 Alliance AGRISTAR II RC;110D/107E TL;;1160.00;1160.00;1426.80;1426.80;23;23.00;PLN;Opony/Opony rolnicze i przemysłowe/Opony Alliance;Alliance;;2.0000;;https://static.abstore.pl/img/grasdorf/29812046-5cf0-496b-8788-8e60cd4dc69b/l/opona-230%252F95r28-alliance-agristar-ii-rc.png;nowa;;Radialna;Bezdętkowa (TL);110D/107E;;Opona rolnicza;9.5 (250/85, 230/95);;28;9528a;23095R28AAIIRC110D10;
6849;9588;;1248e315;Felga 12x48 8/203,2/150,1/ET+90 E315 MF;po naprawie;;1770.00;1770.00;2177.10;2177.10;23;23.00;PLN;Felgi;;;2.0000;;https://static.abstore.pl/img/grasdorf/d890a81a-28f2-4939-89cb-3e3e1f60ff1f/l/felga-12x48-8%252F203-2%252F150-1%252Fet-90-e315-mf.jpg,https://static.abstore.pl/img/grasdorf/23a54a92-f148-4bef-bcbb-e43f30cbe969/l/felga-12x48-8%252F203-2%252F150-1%252Fet-90-e315-mf.jpg,https://static.abstore.pl/img/grasdorf/47190b1d-eb0a-4b8e-b094-8920711a9ebb/l/felga-12x48-8%252F203-2%252F150-1%252Fet-90-e315-mf.jpg;używana;;;;;;;;;48;4812;1248e315;
7704;10596;;1330e636;Felga 13x30 8/203,2/140/regulowana E636;demo DF;;1910.00;1910.00;2349.30;2349.30;23;23.00;PLN;Felgi;;;2.0000;;https://static.abstore.pl/img/grasdorf/592ca8fc-6fca-4fbf-8e75-eeb9d92ccf04/l/felga-13x30-8%252F203-2%252F140%252Fregulowana-e636.jpg,https://static.abstore.pl/img/grasdorf/2c8acc34-17c2-48cf-b76a-63161238710a/l/felga-13x30-8%252F203-2%252F140%252Fregulowana-e636.jpg,https://static.abstore.pl/img/grasdorf/2c2e4a8d-fad5-4460-8ef6-015588f8057a/l/felga-13x30-8%252F203-2%252F140%252Fregulowana-e636.jpg;demo;;;;;;;;;30;3013;1330e636;
7774;10721;;1248e685;Felga 12x48 8/275/221/ET-75 MF E685;;;3100.00;3100.00;3813.00;3813.00;23;23.00;PLN;Felgi;;;2.0000;;https://static.abstore.pl/img/grasdorf/cbb5562d-8945-4dfd-ad64-6044ae225045/l/felga-12x48-8%252F275%252F221%252Fet-75-mf-e685.jpg,https://static.abstore.pl/img/grasdorf/96b674a5-8a3e-4f67-a560-cd197e4fc000/l/felga-12x48-8%252F275%252F221%252Fet-75-mf-e685.jpg,https://static.abstore.pl/img/grasdorf/3b7fcdd1-5882-4a5e-b37d-d2cd838a109b/l/felga-12x48-8%252F275%252F221%252Fet-75-mf-e685.jpg;używana;;;;;;;;;48;4812;1248e685;
7027;9841;3286342803814;7106042BR;Opona VF710/60R42 Bridgestone VT-Tractor;176D/173E TL;;9540.00;9540.00;11734.20;11734.20;23;23.00;PLN;Opony/Opony rolnicze i przemysłowe/Opony Bridgestone;Bridgestone;;4.0000;;https://static.abstore.pl/img/grasdorf/38de3014-c539-4a5a-b0b2-504a4c76f618/l/opona-vf710%252F60r42-bridgestone-vt-tractor.png;nowa;;Radialna;Bezdętkowa (TL);176D/173E (7100 kg przy 65 km/h);;Opona rolnicza;710/60;;42;;7106042BR;
6693;9351;;828e142;Felga 8x28 6/285/250/ET+20 Grasdorf E142;;;2200.00;2200.00;2706.00;2706.00;23;23.00;PLN;Felgi;Grasdorf;;2.0000;;;nowa;;;;;;;;;28;288;828e142;
6830;9564;;918e297;Felga 9x18 5/179/108/ET-20 NDI E297;;;1260.00;1260.00;1549.80;1549.80;23;23.00;PLN;Felgi;NDI;;2.0000;;https://static.abstore.pl/img/grasdorf/e0c5a704-11f7-4a18-92cb-0d66355fec22/l/felga-9x18-5%252F179%252F108%252Fet-20-ndi-e297.jpg,https://static.abstore.pl/img/grasdorf/2a5d45fc-080f-4452-be94-c4df675fe379/l/felga-9x18-5%252F179%252F108%252Fet-20-ndi-e297.jpg;nowa;;;;;;;;;18;189;918e297;
7645;10523;;1038e598;Felga 10x38 8/275/221/ET-200 Grasdorf;E598 Claas;;3480.00;3480.00;4280.40;4280.40;23;23.00;PLN;Felgi;Grasdorf;;2.0000;;https://static.abstore.pl/img/grasdorf/00bb1cd2-3c8c-448d-b1d8-d0f4d00c3b69/l/felga-10x38-8%252F275%252F221%252Fet-200-grasdorf.jpg,https://static.abstore.pl/img/grasdorf/eb2cc3d3-9ea3-4a58-813e-30551c4a3d79/l/felga-10x38-8%252F275%252F221%252Fet-200-grasdorf.jpg,https://static.abstore.pl/img/grasdorf/27796334-7467-43f6-9a2b-15e3c381e682/l/felga-10x38-8%252F275%252F221%252Fet-200-grasdorf.jpg;nowa;;;;;;;;;38;3810;1038e598;
6589;9173;8903635000969;31155015a3328;Opona 31X15.50-15 Alliance A-332 8PR TL;;;710.00;600.00;873.30;738.00;23;23.00;PLN;Opony/Opony rolnicze i przemysłowe/Opony Alliance;Alliance;;3.0000;;https://static.abstore.pl/img/grasdorf/92d30383-07fe-4113-8064-bbc03b7fc41b/l/opona-31x15-50-15-alliance-a-332-8pr-tl.jpg;nowa;;Diagonalna;Bezdętkowa (TL);;8 PR;Opona rolnicza;31x15.50;;15;3115515a3328;31155015a3328;
6699;9363;;1230e148;Felga 12x30 8/330/290,5/ET-75 E148 Case;NDI;;1970.00;1970.00;2423.10;2423.10;23;23.00;PLN;Felgi;NDI;;2.0000;;https://static.abstore.pl/img/grasdorf/fd530003-be5d-49ba-9c51-6661f9f2ff70/l/felga-12x30-8%252F330%252F290-5%252Fet-75-e148-case.jpg,https://static.abstore.pl/img/grasdorf/494409eb-d2d4-431d-8ef5-942375f608af/l/felga-12x30-8%252F330%252F290-5%252Fet-75-e148-case.jpg,https://static.abstore.pl/img/grasdorf/1f35b6e4-3b49-4dfe-b420-7be8c981b84f/l/felga-12x30-8%252F330%252F290-5%252Fet-75-e148-case.jpg;demo;;;;;;;;;30;3012e148;1230e148;
7104;9971;;9153j91628;Felga 9x15.3 5/112/66,5/ET+10 Jantsa;91628;;340.00;340.00;418.20;418.20;23;23.00;PLN;Felgi;Jantsa;;2.0000;;https://static.abstore.pl/img/grasdorf/a580cdf4-f05a-4a1c-8186-c20f417549c5/l/felga-9x15-3-5%252F112%252F66-5%252Fet-10-jantsa.jpg,https://static.abstore.pl/img/grasdorf/0873fce6-9b7f-46e1-8ebc-2795eed775a3/l/felga-9x15-3-5%252F112%252F66-5%252Fet-10-jantsa.jpg,https://static.abstore.pl/img/grasdorf/f9b748dc-6b58-406f-a7e5-7a5da548ab5e/l/felga-9x15-3-5%252F112%252F66-5%252Fet-10-jantsa.jpg;nowa;;;;;;;;;15.3;900153;9153j91628;
7037;9857;;4007018m83;Opona 400/70R18 Michelin BIBLOAD 83%;DOT18 147A8/147B TL;;3180.00;1290.00;3911.40;1586.70;23;23.00;PLN;Opony/Opony rolnicze i przemysłowe/Opony Michelin;Michelin;;2.0000;;https://static.abstore.pl/img/grasdorf/762454df-6ac5-42d4-bb3c-399233db2d1a/l/opona-400%252F70r18-michelin-bibload-83-.jpg,https://static.abstore.pl/img/grasdorf/e86a7ddb-c378-4b94-a1d9-fb36fcb57d47/l/opona-400%252F70r18-michelin-bibload-83-.jpg,https://static.abstore.pl/img/grasdorf/c408630c-adbd-40a9-9469-b17b1d8f3910/l/opona-400%252F70r18-michelin-bibload-83-.jpg,https://static.abstore.pl/img/grasdorf/12a822d6-71ab-4e02-803c-cc083e3c170d/l/opona-400%252F70r18-michelin-bibload-83-.jpg,https://static.abstore.pl/img/grasdorf/3f2235f9-c63a-4346-b827-0c75b34a2eed/l/opona-400%252F70r18-michelin-bibload-83-.jpg,https://static.abstore.pl/img/grasdorf/79c0ae69-7b05-4fcd-ab03-e32bd3051009/l/opona-400%252F70r18-michelin-bibload-83-.jpg,https://static.abstore.pl/img/grasdorf/dc0e7d00-79a5-4ad0-bbe6-6d0e33aeccf8/l/opona-400%252F70r18-michelin-bibload-83-.jpg;używana (bieżnik 83%);;Radialna;Bezdętkowa (TL);147A8/147B (3075 kg przy 40 km/h);;Opona przemysłowa/komunalna;400/70;;18;1557018m;4007018m83;
6858;9607;;4208534TRdemo;Opona 420/85R34 Trelleborg TM 600 demo;142A8/139B TL (16.9R34);;3420.00;2550.00;4206.60;3136.50;23;23.00;PLN;Opony/Opony rolnicze i przemysłowe/Opony Trelleborg;Trelleborg;;2.0000;;https://static.abstore.pl/img/grasdorf/633e60fc-f1c0-4fb6-b7cf-053c58d7bbc6/l/opona-420%252F85r34-trelleborg-tm-600-demo.jpg,https://static.abstore.pl/img/grasdorf/6979322c-3ee4-48c7-9ae8-2556b9cbcaa8/l/opona-420%252F85r34-trelleborg-tm-600-demo.jpg,https://static.abstore.pl/img/grasdorf/060b8a1d-0285-4289-baee-49a4b13ddf94/l/opona-420%252F85r34-trelleborg-tm-600-demo.jpg,https://static.abstore.pl/img/grasdorf/c37ef51e-bfb9-4604-a8fb-5da5a8408d52/l/opona-420%252F85r34-trelleborg-tm-600-demo.jpg,https://static.abstore.pl/img/grasdorf/407df2b9-7bf3-421b-b50e-1dd1ebbe4e0e/l/opona-420%252F85r34-trelleborg-tm-600-demo.jpg,https://static.abstore.pl/img/grasdorf/cce9f71a-cad0-4c61-887d-ac7054f2f9f9/l/opona-420%252F85r34-trelleborg-tm-600-demo.jpg,https://static.abstore.pl/img/grasdorf/f53ec6c3-c799-4a38-8471-f8ab54118672/l/opona-420%252F85r34-trelleborg-tm-600-demo.jpg;pokazowa;;Radialna;Bezdętkowa (TL);142A8/139B (2650 kg przy 40 km/h);;Opona rolnicza;16.9 (420/85, 420/80, 440/80);;34;16934TRdemo;4208534TRdemo;
6987;9772;;1032e426;Felga 10x32 8/275/221/ET+190 E426 Claas;demo;;2700.00;2700.00;3321.00;3321.00;23;23.00;PLN;Felgi;;;2.0000;;;demo;;;;;;;;;32;3210;1032e426;
7706;10585;;918s74222;Felga 9x18 6/150/110/ET-5 Starco 74222;biała;;890.00;890.00;1094.70;1094.70;23;23.00;PLN;Felgi;Starco;;10.0000;;https://static.abstore.pl/img/grasdorf/eddbf716-3fbc-4a85-9d22-33e88a47daab/l/felga-9x18-6%252F150%252F110%252Fet-5-starco-74222.jpg,https://static.abstore.pl/img/grasdorf/9d5243c5-1ab1-480e-900a-1c8c3e8ec49f/l/felga-9x18-6%252F150%252F110%252Fet-5-starco-74222.jpg,https://static.abstore.pl/img/grasdorf/5729f72e-fab4-4180-b297-1ca86f7f26dc/l/felga-9x18-6%252F150%252F110%252Fet-5-starco-74222.jpg;nowa;;;;;;;;;18;189;918s74222;
6863;9618;;3408524TRdemo;Opona 340/85R24 Trelleborg TM 600 demo;125A8/122B TL (13.6R24);;1820.00;1380.00;2238.60;1697.40;23;23.00;PLN;Opony/Opony rolnicze i przemysłowe/Opony Trelleborg;Trelleborg;;2.0000;;https://static.abstore.pl/img/grasdorf/1ead81fe-53f1-4de0-b05c-ae4c418d5496/l/opona-340%252F85r24-trelleborg-tm-600-demo.jpg,https://static.abstore.pl/img/grasdorf/9d0f88be-35af-421c-bd9a-26ce9bac82da/l/opona-340%252F85r24-trelleborg-tm-600-demo.jpg,https://static.abstore.pl/img/grasdorf/0973bca0-f44f-4468-85dd-15ee55cbe085/l/opona-340%252F85r24-trelleborg-tm-600-demo.jpg,https://static.abstore.pl/img/grasdorf/325d423b-0e3e-4a03-a617-563031469644/l/opona-340%252F85r24-trelleborg-tm-600-demo.jpg,https://static.abstore.pl/img/grasdorf/90114f3e-d52a-4174-a08d-7c993be37987/l/opona-340%252F85r24-trelleborg-tm-600-demo.jpg,https://static.abstore.pl/img/grasdorf/3d915e49-a87f-4ed4-a1ab-1f9a004d1ca7/l/opona-340%252F85r24-trelleborg-tm-600-demo.jpg;pokazowa;;Radialna;Bezdętkowa (TL);125A8/122B (1650 kg przy 40 km/h);;Opona rolnicza;13.6 (340/85, 340/90);;24;13624trdemo;3408524TRdemo;
6648;9269;;1136e100;Felga 11x36 8/275/221/ET+145 E100 Fendt;NDI;;2600.00;2600.00;3198.00;3198.00;23;23.00;PLN;Felgi;NDI;;2.0000;;https://static.abstore.pl/img/grasdorf/b4d91ccf-7990-4945-a741-b715a67192c8/l/felga-11x36-8%252F275%252F221%252Fet-145-e100-fendt.jpg,https://static.abstore.pl/img/grasdorf/7fdf85f8-d016-4313-a67c-c543fd40c2a4/l/felga-11x36-8%252F275%252F221%252Fet-145-e100-fendt.jpg,https://static.abstore.pl/img/grasdorf/b8667aca-7064-4cc1-b77f-afcc7e334583/l/felga-11x36-8%252F275%252F221%252Fet-145-e100-fendt.jpg;nowa;;;;;;;;;36;3611;1136e100;
7697;10583;;918s74221;Felga 9x18 5/139,5/108/ET-13 Starco;74221 srebrna;;880.00;880.00;1082.40;1082.40;23;23.00;PLN;Felgi;Starco;;10.0000;;https://static.abstore.pl/img/grasdorf/4a932898-ba90-4b8b-aa58-a7e8bee2cbcf/l/felga-9x18-5%252F139-5%252F108%252Fet-13-starco.jpg,https://static.abstore.pl/img/grasdorf/5f480d8f-4641-4fc5-aae8-fae4a8098197/l/felga-9x18-5%252F139-5%252F108%252Fet-13-starco.jpg;nowa;;;;;;;;;18;189;918s74221;
6649;9270;;1346e102;Felga 13x46 8/275/221/ET+108 NDI E102;Fendt;;3600.00;3600.00;4428.00;4428.00;23;23.00;PLN;Felgi;NDI;;2.0000;;https://static.abstore.pl/img/grasdorf/fb823c2f-459a-4a18-b15e-67dbc4ff7c45/l/felga-13x46-8%252F275%252F221%252Fet-108-ndi-e102.jpg,https://static.abstore.pl/img/grasdorf/da6a5b9f-3c4e-4ce2-a7bf-bcf0a71be94b/l/felga-13x46-8%252F275%252F221%252Fet-108-ndi-e102.jpg,https://static.abstore.pl/img/grasdorf/5d11d63d-6319-453d-8290-865f085f6ac4/l/felga-13x46-8%252F275%252F221%252Fet-108-ndi-e102.jpg;nowa;;;;;;;;;46;4613;1346e102;
7789;10789;;2342e691;Felga 23x42 10/335/281/ET-196 E691 Case;;;3280.00;3280.00;4034.40;4034.40;23;23.00;PLN;Felgi;;;2.0000;;;demo;;;;;;;;;42;4223;2342e691;
6695;9354;6975222074693;114005Jp508a4;Opona 11x4.00-5 Journey P508A 4PR TL;;;35.00;35.00;43.05;43.05;23;23.00;PLN;Opony/Opony rolnicze i przemysłowe/Pozostałe;Journey;;8.0000;;https://static.abstore.pl/img/grasdorf/5f44e127-c0b3-4108-9bb8-e5e807be89d5/l/opona-11x4-00-5-journey-p508a-4pr-tl.jpg;nowa;;Diagonalna;Bezdętkowa (TL);;4 PR;Opona rolnicza;;;;1145Jp508a4;114005Jp508a4;
7640;10518;;1036e596;Felga 10x36 6/325/285/ET+61 używana E596;;;1300.00;1300.00;1599.00;1599.00;23;23.00;PLN;Felgi;;;2.0000;;https://static.abstore.pl/img/grasdorf/588bac31-5afc-4130-b1a5-8b1faa7ed219/l/felga-10x36-6%252F325%252F285%252Fet-61-uzywana-e596.jpg,https://static.abstore.pl/img/grasdorf/62fd551f-dc8b-4355-8f6a-08589514b237/l/felga-10x36-6%252F325%252F285%252Fet-61-uzywana-e596.jpg,https://static.abstore.pl/img/grasdorf/8d2aab6a-1927-4f6c-9e92-07499f991fb8/l/felga-10x36-6%252F325%252F285%252Fet-61-uzywana-e596.jpg;używana;;;;;;;;;36;3610;1036e596;
7707;10604;;d8322k;Dętka 8.3/9.5-22 Kabat TR218;;;140.00;140.00;172.20;172.20;23;23.00;PLN;Dętki;Kabat;;2.0000;;;nowa;;;;;;;;;22;d9522k;d8322k;
6949;9718;;1248e392;Felga 12x48 8/275/221/ET-40 NDI E392 DF;;;3980.00;3980.00;4895.40;4895.40;23;23.00;PLN;Felgi;NDI;;2.0000;;https://static.abstore.pl/img/grasdorf/eba2fc84-3d8b-4434-9bac-092e608b9966/l/felga-12x48-8%252F275%252F221%252Fet-40-ndi-e392-df.jpg,https://static.abstore.pl/img/grasdorf/febdf62b-5bb9-4245-9119-5f3869933788/l/felga-12x48-8%252F275%252F221%252Fet-40-ndi-e392-df.jpg,https://static.abstore.pl/img/grasdorf/579b25db-2a27-4a73-beeb-0e9e9507c9c7/l/felga-12x48-8%252F275%252F221%252Fet-40-ndi-e392-df.jpg;nowa;;;;;;;;;48;4812;1248e392;
7102;9959;3286342018218;4607024brvh;Opona 460/70R24 Bridgestone VH-IND;159A8/159B TL;;4980.00;3530.00;6125.40;4341.90;23;23.00;PLN;Opony/Opony rolnicze i przemysłowe/Opony Bridgestone;Bridgestone;;5.0000;;https://static.abstore.pl/img/grasdorf/9c8e9740-e661-4d6d-8ca4-ac3f2fec0a83/l/opona-460%252F70r24-bridgestone-vh-ind.png;nowa;;Radialna;Bezdętkowa (TL);159A8/156B (4375 kg przy 40 km/h);;Opona rolnicza;17.5 (460/70);;24;17524brvh;4607024brvh;
6951;9720;;1224e396;Felga 12x24 6/285/250/regulowana E396;demo NH;;1720.00;1720.00;2115.60;2115.60;23;23.00;PLN;Felgi;;;2.0000;;https://static.abstore.pl/img/grasdorf/24c9c0b0-4816-4ca5-8bac-e27d3c019e65/l/felga-12x24-6%252F285%252F250%252Fregulowana-e396.jpg,https://static.abstore.pl/img/grasdorf/4906eb69-0d16-4007-a8ec-1ec7bad572a0/l/felga-12x24-6%252F285%252F250%252Fregulowana-e396.jpg,https://static.abstore.pl/img/grasdorf/f1c96e77-fc5d-4044-84b5-59f60879759d/l/felga-12x24-6%252F285%252F250%252Fregulowana-e396.jpg;demo;;;;;;;;;24;2412;1224e396;
6948;9717;;1032e390;Felga 10x32 10/335/281/ET+20 NDI E390 DF;;;2700.00;2700.00;3321.00;3321.00;23;23.00;PLN;Felgi;NDI;;2.0000;;https://static.abstore.pl/img/grasdorf/2294c439-b948-48a5-a43b-61e7bc2e7886/l/felga-10x32-10%252F335%252F281%252Fet-20-ndi-e390-df.jpg,https://static.abstore.pl/img/grasdorf/93bddd28-14a0-4e2b-9744-baa166bbd1e4/l/felga-10x32-10%252F335%252F281%252Fet-20-ndi-e390-df.jpg,https://static.abstore.pl/img/grasdorf/6381b857-864f-42fc-9a78-b84e413a3a07/l/felga-10x32-10%252F335%252F281%252Fet-20-ndi-e390-df.jpg;nowa;;;;;;;;;32;3210;1032e390;
6665;9307;;1634e109;Felga 16x34 10/335/281/ET-45 Grasdorf;E109 nowa Claas;;2500.00;2500.00;3075.00;3075.00;23;23.00;PLN;Felgi;Grasdorf;;1.0000;;https://static.abstore.pl/img/grasdorf/643592dc-04c5-4e66-89e5-51b865c86d14/l/felga-16x34-10%252F335%252F281%252Fet-45-grasdorf.jpg,https://static.abstore.pl/img/grasdorf/561ca93b-1eb3-4b53-9177-fd036faa69fa/l/felga-16x34-10%252F335%252F281%252Fet-45-grasdorf.jpg,https://static.abstore.pl/img/grasdorf/687b45ce-8b16-4c46-8695-98ae146c4369/l/felga-16x34-10%252F335%252F281%252Fet-45-grasdorf.jpg;nowa;;;;;;;;;34;3416;1634e109;
6772;9482;;1238e225;Felga 12x38 8/275/221/ET+5 Grasdorf E225;;;2840.00;2840.00;3493.20;3493.20;23;23.00;PLN;Felgi;Grasdorf;;2.0000;;https://static.abstore.pl/img/grasdorf/4ae49307-9efc-44b2-b6c1-125b83078d60/l/felga-12x38-8%252F275%252F221%252Fet-5-grasdorf-e225.jpg,https://static.abstore.pl/img/grasdorf/1e6927f7-8b59-4c0f-a456-ef68f55798b6/l/felga-12x38-8%252F275%252F221%252Fet-5-grasdorf-e225.jpg,https://static.abstore.pl/img/grasdorf/8399c00d-6a47-429a-b96d-b57bca6b2bec/l/felga-12x38-8%252F275%252F221%252Fet-5-grasdorf-e225.jpg;nowa;;;;;;;;;38;3812;1238e225;
6667;9310;;1028e112;Felga 10x28 6/120/80/ET+70 NDI E112;;;1870.00;1870.00;2300.10;2300.10;23;23.00;PLN;Felgi;NDI;;2.0000;;https://static.abstore.pl/img/grasdorf/22208663-c183-4193-a480-2a83d19f18e1/l/felga-10x28-6%252F120%252F80%252Fet-70-ndi-e112.jpg,https://static.abstore.pl/img/grasdorf/cc7e2578-10f2-43cc-b411-a5afc58b5f2f/l/felga-10x28-6%252F120%252F80%252Fet-70-ndi-e112.jpg,https://static.abstore.pl/img/grasdorf/4c81b5da-9f47-47b4-9914-d43841ab82d5/l/felga-10x28-6%252F120%252F80%252Fet-70-ndi-e112.jpg;nowa;;;;;;;;;28;2810;1028e112;
7031;9845;;71050265aif389;Opona VF710/50R26.5 Alliance Agriflex;389+ 173D TL;;4430.00;3580.00;5448.90;4403.40;23;23.00;PLN;Opony/Opony rolnicze i przemysłowe/Opony Alliance;Alliance;;2.0000;;https://static.abstore.pl/img/grasdorf/dc192a71-4ccf-45a0-a8cb-8b2ca6c9cbc0/l/opona-vf710%252F50r26-5-alliance-agriflex.jpg;nowa;;Radialna;Bezdętkowa (TL);173D (6500 kg przy 65 km/h);;Opona rolnicza;710/50;;26,5;003772;71050265aif389;
7779;10728;;3809050msdemo;Opona VF380/90R50 Michelin SPRAYBIB CFO;demo 175D/171E TL (14.9R50);;10610.00;9050.00;13050.30;11131.50;23;23.00;PLN;Opony/Opony rolnicze i przemysłowe/Opony Michelin;Michelin;;2.0000;;https://static.abstore.pl/img/grasdorf/ae2edeab-2f6b-4170-b1b7-b1e474d7ee6e/l/opona-vf380%252F90r50-michelin-spraybib-cfo.jpg,https://static.abstore.pl/img/grasdorf/b8bef5ed-2e49-4690-abbb-494bb09746c4/l/opona-vf380%252F90r50-michelin-spraybib-cfo.jpg,https://static.abstore.pl/img/grasdorf/3f5a4df7-e16b-4dfc-8705-96139cb09a3f/l/opona-vf380%252F90r50-michelin-spraybib-cfo.jpg,https://static.abstore.pl/img/grasdorf/91a3f36f-89f8-4bf7-b348-73be012b3f8b/l/opona-vf380%252F90r50-michelin-spraybib-cfo.jpg,https://static.abstore.pl/img/grasdorf/5b73562c-0f79-4efb-bcc3-108325c5ad0d/l/opona-vf380%252F90r50-michelin-spraybib-cfo.jpg,https://static.abstore.pl/img/grasdorf/bc4d5ad1-1d4a-4782-8a0d-be39c4ff8042/l/opona-vf380%252F90r50-michelin-spraybib-cfo.jpg,https://static.abstore.pl/img/grasdorf/18fb146f-ccf7-4ef8-8971-149e10386bf1/l/opona-vf380%252F90r50-michelin-spraybib-cfo.jpg;pokazowa;;Radialna;Bezdętkowa (TL);175D/171E (6150 kg przy 70 km/h);;Opona rolnicza;14.9 (380/85, 380/90, 400/80);;50;14950msdemo;3809050msdemo;
6724;8242;;1046obr;Obręcz z uchwytami 10x46 C4 używana;;;800.00;800.00;984.00;984.00;23;23.00;PLN;Felgi;;;2.0000;;;używana;;;;;;;;;;4610;1046obr;
7708;10605;;d32519kabat;Dętka 3.25/3.50-19 Kabat V1.09.01;;;75.00;75.00;92.25;92.25;23;23.00;PLN;Dętki;Kabat;;2.0000;;;nowa;;;;;;;;;19;d35019kabat;d32519kabat;
6671;9319;;1042e124;Felga 10x42 8/203,2/152,6/ET+31 Grasdorf;E124 Landini;;3280.00;3280.00;4034.40;4034.40;23;23.00;PLN;Felgi;Grasdorf;;2.0000;;https://static.abstore.pl/img/grasdorf/2e05b378-2566-4cc8-b8ad-62926abd15da/l/felga-10x42-8%252F203-2%252F152-6%252Fet-31-grasdorf.jpg,https://static.abstore.pl/img/grasdorf/8b529f6a-765a-4507-9f76-0270c43b8e15/l/felga-10x42-8%252F203-2%252F152-6%252Fet-31-grasdorf.jpg,https://static.abstore.pl/img/grasdorf/1ee66e10-4973-4a85-8bbf-522ecba2cf8e/l/felga-10x42-8%252F203-2%252F152-6%252Fet-31-grasdorf.jpg;nowa;;;;;;;;;42;4210;1042e124;
7426;10157;8903635066798;32090R46AAIIRC148D14;Opona 320/90R46 Alliance AGRISTAR II RC;148D/145E TL;;2270.00;2270.00;2792.10;2792.10;23;23.00;PLN;Opony/Opony rolnicze i przemysłowe/Opony Alliance;Alliance;;2.0000;;https://static.abstore.pl/img/grasdorf/6448818a-3d82-4df8-b89c-5372a33458e0/l/opona-320%252F90r46-alliance-agristar-ii-rc.png;nowa;;Radialna;Bezdętkowa (TL);148D/145E (3150 kg przy 65 km/h);;Opona rolnicza;12.4 (320/85, 300/95, 320/90);;46;12446a;32090R46AAIIRC148D14;
7670;10549;8059971024531;3208528Maximo;Opona 320/85R28 Maximo Radial 85;124A8/121B TL (12.4R28);;1270.00;1020.00;1562.10;1254.60;23;23.00;PLN;Opony/Opony rolnicze i przemysłowe/Pozostałe;Maximo;;4.0000;;https://static.abstore.pl/img/grasdorf/91be29d8-1804-417a-8cf8-0f65cbcc9e86/l/opona-320%252F85r28-maximo-radial-85.jpg;nowa;;Radialna;Bezdętkowa (TL);124A8/121B (1600 kg przy 40 km/h);;Opona rolnicza;12.4 (320/85, 300/95, 320/90);;28;12428Maximo;3208528Maximo;
6856;9605;;2034e317;Felga 20x34 12/425/371/ET-82 Pronar;34.20.21 MF demo E317;;2870.00;2870.00;3530.10;3530.10;23;23.00;PLN;Felgi;Pronar;;2.0000;;https://static.abstore.pl/img/grasdorf/a2d4bcbc-df9f-4d20-8955-8da1646c0899/l/felga-20x34-12%252F425%252F371%252Fet-82-pronar.jpg,https://static.abstore.pl/img/grasdorf/5d1e4002-86bc-4892-b9cd-c27a223f8c4d/l/felga-20x34-12%252F425%252F371%252Fet-82-pronar.jpg,https://static.abstore.pl/img/grasdorf/5221c203-a374-4653-9bb8-7ecface410c2/l/felga-20x34-12%252F425%252F371%252Fet-82-pronar.jpg;demo;;;;;;;;;34;342021;2034e317;
7152;10492;;2542e552;Felga 25x42 10/335/281/ET+40 E552 demo;JD;;3540.00;3540.00;4354.20;4354.20;23;23.00;PLN;Felgi;;;1.0000;;https://static.abstore.pl/img/grasdorf/9442e1d8-7438-40c8-8feb-111a0200fc76/l/felga-25x42-10%252F335%252F281%252Fet-40-e552-demo.jpg,https://static.abstore.pl/img/grasdorf/4bbc6081-9400-4dcb-a099-b05c36d68199/l/felga-25x42-10%252F335%252F281%252Fet-40-e552-demo.jpg,https://static.abstore.pl/img/grasdorf/a14524b1-9467-4f1f-bdd1-d0a8bb6e8d3d/l/felga-25x42-10%252F335%252F281%252Fet-40-e552-demo.jpg;demo;;;;;;;;;42;4225;2542e552;
7782;10732;;1228e687c360;Felga 12x28 8/220/170/regulowana E687;Ursus C-360;;1150.00;1150.00;1414.50;1414.50;23;23.00;PLN;Felgi;;;2.0000;;https://static.abstore.pl/img/grasdorf/7c6dd3b2-4c6c-4988-9e57-b781bf75fddc/l/felga-12x28-8%252F220%252F170%252Fregulowana-e687.jpg,https://static.abstore.pl/img/grasdorf/e2a05e13-bd64-426d-bd3c-9cda703c5e63/l/felga-12x28-8%252F220%252F170%252Fregulowana-e687.jpg,https://static.abstore.pl/img/grasdorf/a6217c2d-6777-4a3c-a46b-51baedd0cfc2/l/felga-12x28-8%252F220%252F170%252Fregulowana-e687.jpg;nowa;;;;;;;;;28;2812;1228e687c360;
7046;9872;;1046e474;Felga 10x46 8/203,2/150,1/ET-116 MF E474;;;4140.00;4140.00;5092.20;5092.20;23;23.00;PLN;Felgi;LP;;2.0000;;;nowa;;;;;;;;;46;4610;1046e474;
7703;10595;;1120e634;Felga 11x20 6/120/80/regulowana E634;demo DF;;1520.00;1520.00;1869.60;1869.60;23;23.00;PLN;Felgi;;;2.0000;;https://static.abstore.pl/img/grasdorf/65be47d4-757c-4c3f-9d46-01bd2f48c9ce/l/felga-11x20-6%252F120%252F80%252Fregulowana-e634.jpg,https://static.abstore.pl/img/grasdorf/d6de613a-91de-47de-ad72-10133e71e58c/l/felga-11x20-6%252F120%252F80%252Fregulowana-e634.jpg,https://static.abstore.pl/img/grasdorf/7bd4811a-ea41-407a-b4af-1d98db6e0e7e/l/felga-11x20-6%252F120%252F80%252Fregulowana-e634.jpg;demo;;;;;;;;;20;2011;1120e634;
6875;9632;;1046e348;Felga 10x46 8/203,2/150,1/ET+35 E348 MF;;;4140.00;4140.00;5092.20;5092.20;23;23.00;PLN;Felgi;LP;;2.0000;;;nowa;;;;;;;;;46;4610;1046e348;
6744;9419;;1834e183;Felga 18x34 8/275/221/ET-27 E183 demo NH;;;2600.00;2600.00;3198.00;3198.00;23;23.00;PLN;Felgi;;;2.0000;;https://static.abstore.pl/img/grasdorf/06f23137-34a4-4e1e-aa7c-2d8dda348d79/l/felga-18x34-8%252F275%252F221%252Fet-27-e183-demo-nh.jpg,https://static.abstore.pl/img/grasdorf/4b39ebb8-7b4e-4cee-a3a2-07ecabd38ff2/l/felga-18x34-8%252F275%252F221%252Fet-27-e183-demo-nh.jpg,https://static.abstore.pl/img/grasdorf/a54a185d-103d-4df7-8d73-b2250bda3f54/l/felga-18x34-8%252F275%252F221%252Fet-27-e183-demo-nh.jpg;demo;;;;;;;;;34;3418;1834e183;
6640;9255;;828e89;Felga 8x28 8/330/290,5/ET+129 NDI E89;;;2200.00;2200.00;2706.00;2706.00;23;23.00;PLN;Felgi;NDI;;2.0000;;https://static.abstore.pl/img/grasdorf/471891a8-e363-4407-831b-e37c6f4fa8f8/l/felga-8x28-8%252F330%252F290-5%252Fet-129-ndi-e89.jpg,https://static.abstore.pl/img/grasdorf/597b8337-07ac-4f00-b413-75294d74c29b/l/felga-8x28-8%252F330%252F290-5%252Fet-129-ndi-e89.jpg,https://static.abstore.pl/img/grasdorf/1b0eed11-1df8-4a56-b49c-f1fd5e411e80/l/felga-8x28-8%252F330%252F290-5%252Fet-129-ndi-e89.jpg;nowa;;;;;;;;;28;288;828e89;
6666;8035;;F001517;Obręcz z uchwytami W11x36 Zetor Pronar;36.11.45C;;1080.00;1080.00;1328.40;1328.40;23;23.00;PLN;Felgi;Pronar;;2.0000;;https://static.abstore.pl/img/grasdorf/e8eb1187-ab50-4966-a8f4-178a3e186974/l/obrecz-z-uchwytami-w11x36-zetor-pronar.jpg,https://static.abstore.pl/img/grasdorf/67dc46e4-6db2-48c8-a29b-6fb439f40113/l/obrecz-z-uchwytami-w11x36-zetor-pronar.jpg,https://static.abstore.pl/img/grasdorf/cb46bff0-bd0b-4c34-8a0d-630a9aee6539/l/obrecz-z-uchwytami-w11x36-zetor-pronar.jpg,https://static.abstore.pl/img/grasdorf/60bb2106-5009-4244-b25a-74c149869c85/l/obrecz-z-uchwytami-w11x36-zetor-pronar.jpg;nowa;;;;;;;;;36;001564;F001517;
6588;8211;;1320J8221et013220;Felga pierścieniowa 13x20 8/275/221/ET0;Jantsa 13220;;790.00;790.00;971.70;971.70;23;23.00;PLN;Felgi;Jantsa;;5.0000;;https://static.abstore.pl/img/grasdorf/e41f6325-6d5c-405a-aa02-0419aec37ccb/l/felga-pierscieniowa-13x20-8%252F275%252F221%252Fet0.jpg,https://static.abstore.pl/img/grasdorf/1928840e-1479-4a5b-8976-492c121f3820/l/felga-pierscieniowa-13x20-8%252F275%252F221%252Fet0.jpg,https://static.abstore.pl/img/grasdorf/1b8333a6-dfd9-42ed-addd-f3c5dd1df768/l/felga-pierscieniowa-13x20-8%252F275%252F221%252Fet0.jpg;nowa;;;;;;;;;20;130020;1320J8221et013220;
7047;9873;;832e946;Felga 8x32 8/275/221/ET+50 E946 Claas;;;2910.00;2910.00;3579.30;3579.30;23;23.00;PLN;Felgi;LP;;2.0000;;;nowa;;;;;;;;;32;328;832e946;
6975;9752;;828e114;Felga 8x28 8/203,2/152,6/ET+72 Grasdorf;E114 Kubota;;2750.00;2750.00;3382.50;3382.50;23;23.00;PLN;Felgi;Grasdorf;;2.0000;;;nowa;;;;;;;;;28;288;828e114;
6778;9487;;1828e231;Felga 18x28 8/275/221/ET-25 E231 demo MF;;;1890.00;1890.00;2324.70;2324.70;23;23.00;PLN;Felgi;;;2.0000;;;demo;;;;;;;;;28;2818;1828e231;
7017;9826;;24265j240289;Felga 24x26.5 10/335/281/ET-50 Jantsa;240289 demo;;1640.00;1390.00;2017.20;1709.70;23;23.00;PLN;Felgi;Jantsa;;4.0000;;https://static.abstore.pl/img/grasdorf/a2404940-0693-44a1-9dea-eb93d312c679/l/felga-24x26-5-10%252F335%252F281%252Fet-50-jantsa.jpg,https://static.abstore.pl/img/grasdorf/d83df1f7-1ed2-4036-8ce1-9ad564a8c9e2/l/felga-24x26-5-10%252F335%252F281%252Fet-50-jantsa.jpg,https://static.abstore.pl/img/grasdorf/6b85677a-9cd8-492f-86fc-a82c939d64bf/l/felga-24x26-5-10%252F335%252F281%252Fet-50-jantsa.jpg,https://static.abstore.pl/img/grasdorf/81ebcba2-391a-4a3b-a2bf-8f41ca849720/l/felga-24x26-5-10%252F335%252F281%252Fet-50-jantsa.jpg,https://static.abstore.pl/img/grasdorf/15e2d386-be8b-4029-a73f-89966353ffbd/l/felga-24x26-5-10%252F335%252F281%252Fet-50-jantsa.jpg;demo;;;;;;;;;26.5;2400265;24265j240289;
6837;9572;;2026e301;Felga 20x26 10/335/281/ET0 E301 demo;Jantsa 20288M;;1440.00;1440.00;1771.20;1771.20;23;23.00;PLN;Felgi;Jantsa;;2.0000;;https://static.abstore.pl/img/grasdorf/f31344a4-8727-49a1-947a-99b413b43158/l/felga-20x26-10%252F335%252F281%252Fet0-e301-demo.jpg,https://static.abstore.pl/img/grasdorf/d09eb542-a706-47b9-8080-44b629569b0a/l/felga-20x26-10%252F335%252F281%252Fet0-e301-demo.jpg,https://static.abstore.pl/img/grasdorf/3e5b55f0-603e-4907-95ee-0eb6e881ae6d/l/felga-20x26-10%252F335%252F281%252Fet0-e301-demo.jpg;demo;;;;;;;;;26;2620;2026e301;
6840;9575;;1054e303;Felga 10x54 8/275/221/ET+70 Grasdorf;E303 MF;;4210.00;4210.00;5178.30;5178.30;23;23.00;PLN;Felgi;Grasdorf;;2.0000;;https://static.abstore.pl/img/grasdorf/de5a7338-49be-4a18-8c9a-b67959b6b9d6/l/felga-10x54-8%252F275%252F221%252Fet-70-grasdorf.jpg,https://static.abstore.pl/img/grasdorf/714801a7-3e70-4045-b5c9-6ebe1f3d7afe/l/felga-10x54-8%252F275%252F221%252Fet-70-grasdorf.jpg,https://static.abstore.pl/img/grasdorf/fa71edda-b6e6-4f14-9bf3-4f51b91db817/l/felga-10x54-8%252F275%252F221%252Fet-70-grasdorf.jpg;nowa;;;;;;;;;54;5410;1054e303;
6682;9331;;1046e132;Felga 10x46 8/275/221/regulowana E132;używana NH;;2490.00;2490.00;3062.70;3062.70;23;23.00;PLN;Felgi;;;2.0000;;https://static.abstore.pl/img/grasdorf/95b8b910-e20b-46fc-8b86-07175caccf19/l/felga-10x46-8%252F275%252F221%252Fregulowana-e132.jpg,https://static.abstore.pl/img/grasdorf/c4908fa4-67a2-4e5a-8349-39d42a5da0f4/l/felga-10x46-8%252F275%252F221%252Fregulowana-e132.jpg,https://static.abstore.pl/img/grasdorf/0ee1b336-abd1-46f2-9e95-5472619574ad/l/felga-10x46-8%252F275%252F221%252Fregulowana-e132.jpg;używana;;;;;;;;;46;4610;1046e132;
7054;9880;;1038e490;Felga 10x38 10/335/281/ET-10 E490 JD;;;3480.00;3480.00;4280.40;4280.40;23;23.00;PLN;Felgi;LP;;2.0000;;;nowa;;;;;;;;;38;3810;1038e490;
7057;9883;;1046e496;Felga 10x46 8/203,2/152,6/ET+26 E496 JD;;;4140.00;4140.00;5092.20;5092.20;23;23.00;PLN;Felgi;LP;;2.0000;;;nowa;;;;;;;;;46;4610;1046e496;
7819;10759;;1175225fs887;Felga 11.75x22.5 8/275/221/A2/ET0;Forlong S887;;470.00;470.00;578.10;578.10;23;23.00;PLN;Felgi;Forlong;;5.0000;;https://static.abstore.pl/img/grasdorf/13120418-48f1-49d1-bd96-1852a15f766c/l/felga-11-75x22-5-8%252F275%252F221%252Fa2%252Fet0.jpg,https://static.abstore.pl/img/grasdorf/0ada280c-5db0-4c30-9938-c96d6c3bd073/l/felga-11-75x22-5-8%252F275%252F221%252Fa2%252Fet0.jpg,https://static.abstore.pl/img/grasdorf/22a543e3-048f-4ee3-bc6d-a5ae594709c3/l/felga-11-75x22-5-8%252F275%252F221%252Fa2%252Fet0.jpg,https://static.abstore.pl/img/grasdorf/395bf01e-919a-4104-ac89-503423bda85a/l/felga-11-75x22-5-8%252F275%252F221%252Fa2%252Fet0.jpg,https://static.abstore.pl/img/grasdorf/a910cc57-afdc-4ff3-8280-060024ce8059/l/felga-11-75x22-5-8%252F275%252F221%252Fa2%252Fet0.jpg,https://static.abstore.pl/img/grasdorf/26638070-c10b-47ee-9276-7911a7432649/l/felga-11-75x22-5-8%252F275%252F221%252Fa2%252Fet0.jpg,https://static.abstore.pl/img/grasdorf/6c6d4925-4f8d-4a46-a545-1122795ad93b/l/felga-11-75x22-5-8%252F275%252F221%252Fa2%252Fet0.jpg;nowa;;;;;;;;;22.5;2251175;1175225fs887;
6956;9726;;28265gkn1126539318;Felga 28x26.5 10/335/281/ET-50 GKN;1126539318;;1550.00;1550.00;1906.50;1906.50;23;23.00;PLN;Felgi;GKN;;1.0000;;;nowa;;;;;;;;;26.5;2800265gkn;28265gkn1126539318;
6703;9367;;1028e152;Felga 10x28 8/275/221/ET+215 NDI E152;demo Kubota;;2660.00;2660.00;3271.80;3271.80;23;23.00;PLN;Felgi;NDI;;2.0000;;https://static.abstore.pl/img/grasdorf/8fe1cda1-d661-4c83-80b2-4730696dd582/l/felga-10x28-8%252F275%252F221%252Fet-215-ndi-e152.jpg,https://static.abstore.pl/img/grasdorf/dc7d7dbe-9b31-4e39-8335-93ab6110ab8a/l/felga-10x28-8%252F275%252F221%252Fet-215-ndi-e152.jpg,https://static.abstore.pl/img/grasdorf/848b3b32-df87-4376-a899-b66656b3ba0f/l/felga-10x28-8%252F275%252F221%252Fet-215-ndi-e152.jpg;demo;;;;;;;;;28;2810;1028e152;
7712;10610;;2400225gkn1022515318;Felga 24x22.5 10/335/281/ET-50 GKN;1022515318;;1250.00;1250.00;1537.50;1537.50;23;23.00;PLN;Felgi;GKN;;2.0000;;;nowa;;;;;;;;;22.5;24225;2400225gkn1022515318;
7412;10117;8903635066651;23095R36AAIIRC130D12;Opona 230/95R36 Alliance AGRISTAR II RC;130D/127E TL;;1260.00;1260.00;1549.80;1549.80;23;23.00;PLN;Opony/Opony rolnicze i przemysłowe/Opony Alliance;Alliance;;4.0000;;https://static.abstore.pl/img/grasdorf/282e1f2d-fbfb-46f9-8c76-f54e5aba2b8e/l/opona-230%252F95r36-alliance-agristar-ii-rc.png;nowa;;Radialna;Bezdętkowa (TL);130D/127E;;Opona rolnicza;9.5 (250/85, 230/95);;36;9536a;23095R36AAIIRC130D12;
6704;9368;;1046e154;Felga 10x46 8/275/221/ET+105 E154 NDI;demo Kubota;;3320.00;3320.00;4083.60;4083.60;23;23.00;PLN;Felgi;NDI;;2.0000;;https://static.abstore.pl/img/grasdorf/c4dbcfd8-3cd3-410c-a3d2-673fd4c443f2/l/felga-10x46-8%252F275%252F221%252Fet-105-e154-ndi.jpg,https://static.abstore.pl/img/grasdorf/1d8298c7-0587-4490-9576-50179b07c5f8/l/felga-10x46-8%252F275%252F221%252Fet-105-e154-ndi.jpg,https://static.abstore.pl/img/grasdorf/60908824-dbb4-4e5e-b8ea-d74d51d873ae/l/felga-10x46-8%252F275%252F221%252Fet-105-e154-ndi.jpg;demo;;;;;;;;;46;4610;1046e154;
6859;9612;;900153s885;Felga 9x15.3 6/275/221/ET0 używana S885;;;240.00;240.00;295.20;295.20;23;23.00;PLN;Felgi;;;2.0000;;https://static.abstore.pl/img/grasdorf/b4d66ff8-7a25-4927-8770-8432543959a8/l/felga-9x15-3-6%252F275%252F221%252Fet0-uzywana-s885.jpg,https://static.abstore.pl/img/grasdorf/0607f169-00f9-4e3a-bf74-8b69d6246b54/l/felga-9x15-3-6%252F275%252F221%252Fet0-uzywana-s885.jpg,https://static.abstore.pl/img/grasdorf/fb494ef4-d148-462f-8ae4-00217502f49d/l/felga-9x15-3-6%252F275%252F221%252Fet0-uzywana-s885.jpg;używana;;;;;;;;;15.3;9153;900153s885;
7413;10120;8903635066712;27095R32AAIIRC136D13;Opona 270/95R32 Alliance AGRISTAR II RC;136D/133E TL;;1280.00;1280.00;1574.40;1574.40;23;23.00;PLN;Opony/Opony rolnicze i przemysłowe/Opony Alliance;Alliance;;4.0000;;https://static.abstore.pl/img/grasdorf/143e6993-07c7-46d4-a693-f57b3fadd803/l/opona-270%252F95r32-alliance-agristar-ii-rc.png;nowa;;Radialna;Bezdętkowa (TL);136D/133E (2240 kg przy 65 km/h);;Opona rolnicza;11.2 (270/95, 280/85);;32;11232a;27095R32AAIIRC136D13;
6755;9435;;1330e197;Felga 13x30 8/203,2/150,5/regulowana;E197 demo NH;;1910.00;1910.00;2349.30;2349.30;23;23.00;PLN;Felgi;;;2.0000;;https://static.abstore.pl/img/grasdorf/8b43b5cd-99f0-40eb-bb40-a70137084d61/l/felga-13x30-8%252F203-2%252F150-5%252Fregulowana.jpg,https://static.abstore.pl/img/grasdorf/04465613-9bb9-43c8-875c-e679d0000ce4/l/felga-13x30-8%252F203-2%252F150-5%252Fregulowana.jpg,https://static.abstore.pl/img/grasdorf/021f3db2-cac6-4333-a4a2-3d014fc95a5b/l/felga-13x30-8%252F203-2%252F150-5%252Fregulowana.jpg,https://static.abstore.pl/img/grasdorf/d784b126-8ed9-4e80-8c54-030b9813ec24/l/felga-13x30-8%252F203-2%252F150-5%252Fregulowana.jpg,https://static.abstore.pl/img/grasdorf/1039808b-ddc4-408e-9cd7-71d275fcd0a9/l/felga-13x30-8%252F203-2%252F150-5%252Fregulowana.jpg;demo;;;;;;;;;30;3013;1330e197;
6487;9019;8059971033663;5208546TRTM150173D;Opona VF520/85R46 Trelleborg TM150 173D;TL;;9880.00;9880.00;12152.40;12152.40;23;23.00;PLN;Opony/Opony rolnicze i przemysłowe/Opony Trelleborg;Trelleborg;;2.0000;;https://static.abstore.pl/img/grasdorf/edc129ed-171d-46e1-a3c4-cad6cf80b55a/l/opona-vf520%252F85r46-trelleborg-tm150-173d.jpg;nowa;;Radialna;Bezdętkowa (TL);173D (6500 kg przy 65 km/h);;Opona rolnicza;20.8 (520/85);;46;20846tr;5208546TRTM150173D;
6717;8236;;11326;Obręcz z uchwytami W11x32 6 uchwytów;C566;;850.00;850.00;1045.50;1045.50;23;23.00;PLN;Felgi;;;1.0000;;;nowa;;;;;;;;;32;3211;11326;
6562;5770;;L001026;ŁĄCZNIK W10x46/38/46x750;;;2890.21;2890.21;3554.96;3554.96;23;23.00;PLN;;;;4.0000;;;;;;;;;;;;;1101;L001026;
6992;9510;6975222073498;166508joup508a10;Opona 16x6.50-8 Journey P508A 10PR TL;;;80.00;80.00;98.40;98.40;23;23.00;PLN;Opony/Opony rolnicze i przemysłowe/Pozostałe;Journey;;6.0000;;https://static.abstore.pl/img/grasdorf/e9f05771-5912-4d95-8408-99c59161776d/l/opona-16x6-50-8-journey-p508a-10pr-tl.jpg;nowa;;Diagonalna;Bezdętkowa (TL);;10 PR;Opona rolnicza;;;8;16658joup508a10;166508joup508a10;
6705;9370;;1842e156;Felga 18x42 8/275/221/ET-78 NDI E156 JD;;;3240.00;3240.00;3985.20;3985.20;23;23.00;PLN;Felgi;NDI;;1.0000;;https://static.abstore.pl/img/grasdorf/1f6bef18-a5f4-4301-820b-0d67c8cb818b/l/felga-18x42-8%252F275%252F221%252Fet-78-ndi-e156-jd.jpg,https://static.abstore.pl/img/grasdorf/d15a69a8-8997-469e-963f-398394014305/l/felga-18x42-8%252F275%252F221%252Fet-78-ndi-e156-jd.jpg,https://static.abstore.pl/img/grasdorf/d0d777af-c203-4ebc-abec-ba3f7956d6a6/l/felga-18x42-8%252F275%252F221%252Fet-78-ndi-e156-jd.jpg;nowa;;;;;;;;;42;4218;1842e156;
6862;9617;;2534e362;Felga 25x34 12/425/371/ET-154 E362 demo;NDI MF;;2690.00;2690.00;3308.70;3308.70;23;23.00;PLN;Felgi;NDI;;2.0000;;https://static.abstore.pl/img/grasdorf/072f5a89-d52d-469c-9d84-375e1ad79b07/l/felga-25x34-12%252F425%252F371%252Fet-154-e362-demo.jpg,https://static.abstore.pl/img/grasdorf/3d354eb0-0002-42c8-bdfb-dee467d82130/l/felga-25x34-12%252F425%252F371%252Fet-154-e362-demo.jpg,https://static.abstore.pl/img/grasdorf/af5f1ffc-ea09-4623-aa0f-55fef85468d6/l/felga-25x34-12%252F425%252F371%252Fet-154-e362-demo.jpg;demo;;;;;;;;;34;3425;2534e362;
7425;10156;8903635066736;30095R46AAIIRC148D14;Opona 300/95R46 Alliance AGRISTAR II RC;148D/145E TL;;2180.00;2180.00;2681.40;2681.40;23;23.00;PLN;Opony/Opony rolnicze i przemysłowe/Opony Alliance;Alliance;;4.0000;;https://static.abstore.pl/img/grasdorf/313f43a0-9e8c-4d6b-9c27-03fbe6f749a7/l/opona-300%252F95r46-alliance-agristar-ii-rc.png;nowa;;Radialna;Bezdętkowa (TL);148D/145E (3150 kg przy 65 km/h);;Opona rolnicza;12.4 (320/85, 300/95, 320/90);;46;12446a;30095R46AAIIRC148D14;
6958;9733;;832e402;Felga 8x32 8/275/221/ET+95 NDI E402;Claas;;2620.00;2620.00;3222.60;3222.60;23;23.00;PLN;Felgi;NDI;;2.0000;;https://static.abstore.pl/img/grasdorf/481f94b6-89a1-462e-b9e7-6bfca0cda449/l/felga-8x32-8%252F275%252F221%252Fet-95-ndi-e402.jpg,https://static.abstore.pl/img/grasdorf/3b42f518-beeb-454d-86b3-6bc6e5bc4287/l/felga-8x32-8%252F275%252F221%252Fet-95-ndi-e402.jpg,https://static.abstore.pl/img/grasdorf/1f54b2d0-2edc-4295-92c3-295e739f374f/l/felga-8x32-8%252F275%252F221%252Fet-95-ndi-e402.jpg;nowa;;;;;;;;;32;328;832e402;
6714;9386;;1028e163;Felga 10x28 6/285/250/ET-108 NDI E163;Steyr;;2130.00;2130.00;2619.90;2619.90;23;23.00;PLN;Felgi;NDI;;2.0000;;https://static.abstore.pl/img/grasdorf/10963fda-6d73-4021-9ccc-6c0e5ddddf87/l/felga-10x28-6%252F285%252F250%252Fet-108-ndi-e163.jpg,https://static.abstore.pl/img/grasdorf/bec3b414-1a21-41aa-be6d-fe91d39f9253/l/felga-10x28-6%252F285%252F250%252Fet-108-ndi-e163.jpg,https://static.abstore.pl/img/grasdorf/76f76753-8cc9-4541-a47e-afae3eca6fbb/l/felga-10x28-6%252F285%252F250%252Fet-108-ndi-e163.jpg;nowa;;;;;;;;;28;2810;1028e163;
7428;10168;8903635066514;30095R52AAIIRC149D14;Opona 300/95R52 Alliance AGRISTAR II RC;149D/146E TL;;2570.00;2570.00;3161.10;3161.10;23;23.00;PLN;Opony/Opony rolnicze i przemysłowe/Opony Alliance;Alliance;;4.0000;;https://static.abstore.pl/img/grasdorf/fdd3b331-4d14-4f3a-873b-7282d70bbc3a/l/opona-300%252F95r52-alliance-agristar-ii-rc.png;nowa;;Radialna;Bezdętkowa (TL);149D/146E (3250 kg przy 65 km/h);;Opona rolnicza;12.4 (320/85, 300/95, 320/90);;52;12452a;30095R52AAIIRC149D14;
6783;9498;;1138e239;Felga 11x38 10/335/281/ET+35 Grasdorf;E239 Fendt;;3480.00;3480.00;4280.40;4280.40;23;23.00;PLN;Felgi;Grasdorf;;2.0000;;;nowa;;;;;;;;;38;3811;1138e239;
6801;9523;;1324e259;Felga 13x24 8/275/221/ET+28 NDI E259;Fendt;;1770.00;1770.00;2177.10;2177.10;23;23.00;PLN;Felgi;NDI;;2.0000;;https://static.abstore.pl/img/grasdorf/34e7b828-093f-4abe-a8c4-971c0cb6a975/l/felga-13x24-8%252F275%252F221%252Fet-28-ndi-e259.jpg,https://static.abstore.pl/img/grasdorf/0af11bc1-0a2a-4dc0-a98c-ce88187ab982/l/felga-13x24-8%252F275%252F221%252Fet-28-ndi-e259.jpg,https://static.abstore.pl/img/grasdorf/03f1bfe6-4011-44d5-adc4-d3faa2fd5f3c/l/felga-13x24-8%252F275%252F221%252Fet-28-ndi-e259.jpg;nowa;;;;;;;;;24;2413;1324e259;
6761;9461;;1834e212;Felga 18x34 8/275/221/ET-42 E212 demo;Fendt;;2200.00;2200.00;2706.00;2706.00;23;23.00;PLN;Felgi;;;2.0000;;https://static.abstore.pl/img/grasdorf/92e5da9c-63ca-4929-8fa2-43bceef0fbfb/l/felga-18x34-8%252F275%252F221%252Fet-42-e212-demo.jpg,https://static.abstore.pl/img/grasdorf/00c63bec-1283-4423-af20-b28d8a91e858/l/felga-18x34-8%252F275%252F221%252Fet-42-e212-demo.jpg,https://static.abstore.pl/img/grasdorf/2c7b5767-f045-49e5-8e61-b6ea2623950b/l/felga-18x34-8%252F275%252F221%252Fet-42-e212-demo.jpg;demo;;;;;;;;;34;4318;1834e212;
6865;9622;;832e338;Felga 8x32 8/275/221/ET-80 E338 JD;;;2910.00;2910.00;3579.30;3579.30;23;23.00;PLN;Felgi;LP;;2.0000;;;nowa;;;;;;;;;32;328;832e338;
6798;9520;;1530e255;Felga 15x30 10/335/281/ET-235 NDI E255;JD;;1650.00;1650.00;2029.50;2029.50;23;23.00;PLN;Felgi;NDI;;1.0000;;https://static.abstore.pl/img/grasdorf/31c61701-a4c5-4fdd-b1aa-a8c89183e15f/l/felga-15x30-10%252F335%252F281%252Fet-235-ndi-e255.jpg,https://static.abstore.pl/img/grasdorf/6353cea6-d887-4f6a-9699-8e6018eea274/l/felga-15x30-10%252F335%252F281%252Fet-235-ndi-e255.jpg,https://static.abstore.pl/img/grasdorf/1cb8f567-9c1d-480f-b340-d33cf24ad2ad/l/felga-15x30-10%252F335%252F281%252Fet-235-ndi-e255.jpg;używana;;;;;;;;;30;3015;1530e255;
6869;9626;;1032e360;Felga 10x32 8/330/290,5/ET+45 E360 NH;;;2990.00;2990.00;3677.70;3677.70;23;23.00;PLN;Felgi;LP;;2.0000;;;nowa;;;;;;;;;32;3210;1032e360;
6599;9183;;844e23;Felga 8x44 8/203,2/152,6/ET-69 Grasdorf;Kubota E23;;3810.00;3810.00;4686.30;4686.30;23;23.00;PLN;Felgi;Grasdorf;;2.0000;;https://static.abstore.pl/img/grasdorf/685a6c34-3e28-4773-82b3-a2f548216fb0/l/felga-8x44-8%252F203-2%252F152-6%252Fet-69-grasdorf.jpg,https://static.abstore.pl/img/grasdorf/c8fe393b-2f9d-4eda-b40e-cc61dd74de90/l/felga-8x44-8%252F203-2%252F152-6%252Fet-69-grasdorf.jpg,https://static.abstore.pl/img/grasdorf/657fc172-0d84-4db8-975e-aa2f438165f9/l/felga-8x44-8%252F203-2%252F152-6%252Fet-69-grasdorf.jpg;nowa;;;;;;;;;44;000933;844e23;
6788;9505;;1042e249;Felga 10x42 8/275/221/ET+82 Grasdorf;E249 NH;;4090.00;4090.00;5030.70;5030.70;23;23.00;PLN;Felgi;Grasdorf;;2.0000;;https://static.abstore.pl/img/grasdorf/d76ee3ad-e915-4503-a085-f880ba9c93ee/l/felga-10x42-8%252F275%252F221%252Fet-82-grasdorf.jpg,https://static.abstore.pl/img/grasdorf/19687dbc-2739-4826-ac2f-1445377942a6/l/felga-10x42-8%252F275%252F221%252Fet-82-grasdorf.jpg,https://static.abstore.pl/img/grasdorf/23e831e0-099d-416e-9781-e078feef10d8/l/felga-10x42-8%252F275%252F221%252Fet-82-grasdorf.jpg;nowa;;;;;;;;;42;4210;1042e249;
6799;9521;;1038e256;Felga 10x38 8/203,2/152,6/ET+35 NDI E256;JD używana;;1400.00;1400.00;1722.00;1722.00;23;23.00;PLN;Felgi;NDI;;1.0000;;https://static.abstore.pl/img/grasdorf/37d2cb46-38de-4c9d-a52f-44b6f3cacc5a/l/felga-10x38-8%252F203-2%252F152-6%252Fet-35-ndi-e256.jpg,https://static.abstore.pl/img/grasdorf/7afbef15-e936-4a5d-980e-85ef9e0f71e5/l/felga-10x38-8%252F203-2%252F152-6%252Fet-35-ndi-e256.jpg,https://static.abstore.pl/img/grasdorf/f5129225-fc31-4847-877b-852d1754e302/l/felga-10x38-8%252F203-2%252F152-6%252Fet-35-ndi-e256.jpg;używana;;;;;;;;;38;3810;1038e256;
6800;9522;;1524e257;Felga 15x24 8/203,2/152,4/ET+50 NDI E257;Kubota;;1830.00;1830.00;2250.90;2250.90;23;23.00;PLN;Felgi;NDI;;2.0000;;https://static.abstore.pl/img/grasdorf/9d1af74d-b5e3-4291-b51a-a72d3afb9065/l/felga-15x24-8%252F203-2%252F152-4%252Fet-50-ndi-e257.jpg,https://static.abstore.pl/img/grasdorf/7cdb4adb-9dec-4b0b-93cb-12b85da5f484/l/felga-15x24-8%252F203-2%252F152-4%252Fet-50-ndi-e257.jpg,https://static.abstore.pl/img/grasdorf/f054bba3-a4ba-4739-a66e-fc228cc123c5/l/felga-15x24-8%252F203-2%252F152-4%252Fet-50-ndi-e257.jpg;demo;;;;;;;;;24;2414;1524e257;
6991;9781;;1617tr;Felga 16x17 6/205/161/ET-35 Trelleborg;demo 11400900;;580.00;580.00;713.40;713.40;23;23.00;PLN;Felgi;Trelleborg;;1.0000;;https://static.abstore.pl/img/grasdorf/ccd10446-b208-4282-8b83-cbf21ba47e3a/l/felga-16x17-6%252F205%252F161%252Fet-35-trelleborg.jpg,https://static.abstore.pl/img/grasdorf/bb964500-587f-4529-aa36-532e6f3b2ce9/l/felga-16x17-6%252F205%252F161%252Fet-35-trelleborg.jpg,https://static.abstore.pl/img/grasdorf/9d3db120-7113-48e5-ba5a-2776d2c91f7e/l/felga-16x17-6%252F205%252F161%252Fet-35-trelleborg.jpg,https://static.abstore.pl/img/grasdorf/d2399791-2c5e-4133-a792-35b7e4237a81/l/felga-16x17-6%252F205%252F161%252Fet-35-trelleborg.jpg;nowa;;;;;;;;;17;160017;1617tr;
6784;9499;;1250e241;Felga 12x50 10/335/281/ET+20 Grasdorf;E241 Fendt;;4960.00;4960.00;6100.80;6100.80;23;23.00;PLN;Felgi;;;2.0000;;https://static.abstore.pl/img/grasdorf/098eace7-c049-48ef-823f-df8e3d1ab7f3/l/felga-12x50-10%252F335%252F281%252Fet-20-grasdorf.jpg,https://static.abstore.pl/img/grasdorf/4dba749c-f38c-4e99-ae34-ad4bd630d845/l/felga-12x50-10%252F335%252F281%252Fet-20-grasdorf.jpg,https://static.abstore.pl/img/grasdorf/5e673798-3327-4c86-b112-0119495a4988/l/felga-12x50-10%252F335%252F281%252Fet-20-grasdorf.jpg;nowa;;;;;;;;;50;5012;1250e241;
7543;4942;8903635000747;12432a8;Opona 12.4-32 Alliance 324 8PR TT;;;990.00;940.00;1217.70;1156.20;23;23.00;PLN;Opony/Opony rolnicze i przemysłowe/Opony Alliance;Alliance;;2.0000;;https://static.abstore.pl/img/grasdorf/b9a23781-6ad2-4be3-b765-7debea34b835/l/opona-12-4-32-alliance-324-8pr-tt.png;nowa;;Diagonalna;Dętkowa (TT);;8 PR;Opona rolnicza;12.4 (320/85, 300/95, 320/90);;32;3208532a8;12432a8;
6966;9742;;1828e410;Felga 18x28 8/275/221/ET-34 E410 demo;Claas;;1620.00;1620.00;1992.60;1992.60;23;23.00;PLN;Felgi;;;2.0000;;https://static.abstore.pl/img/grasdorf/4738284c-2006-435e-aa1b-580918aa7eaa/l/felga-18x28-8%252F275%252F221%252Fet-34-e410-demo.jpg,https://static.abstore.pl/img/grasdorf/9b2249b0-319d-4dea-9acd-133a706a9a2e/l/felga-18x28-8%252F275%252F221%252Fet-34-e410-demo.jpg,https://static.abstore.pl/img/grasdorf/e8f905bd-fa6b-4a22-8353-0101e8a2bc38/l/felga-18x28-8%252F275%252F221%252Fet-34-e410-demo.jpg;demo;;;;;;;;;28;2818;1828e410;
7064;6387;;31560225dd;Opona 315/60R22.5 Delcora TRA-6 demo;155D TL;;1090.00;820.00;1340.70;1008.60;23;23.00;PLN;Opony/Opony rolnicze i przemysłowe/Pozostałe;Delcora;;8.0000;;https://static.abstore.pl/img/grasdorf/7c5ecc01-b116-4e56-a9ef-f1cc029c7ff3/l/opona-315%252F60r22-5-delcora-tra-6-demo.jpg,https://static.abstore.pl/img/grasdorf/a788b1ab-8257-4b36-8181-31adfc14d75d/l/opona-315%252F60r22-5-delcora-tra-6-demo.jpg,https://static.abstore.pl/img/grasdorf/6fa27480-88cb-4ac9-bc80-9fa2a4ef0cc7/l/opona-315%252F60r22-5-delcora-tra-6-demo.jpg,https://static.abstore.pl/img/grasdorf/14d6f8d4-4c8c-4e4e-9c5f-9d1ec6c7129e/l/opona-315%252F60r22-5-delcora-tra-6-demo.jpg,https://static.abstore.pl/img/grasdorf/48fc14d2-0aeb-4724-bfdd-f8e9c7d19e24/l/opona-315%252F60r22-5-delcora-tra-6-demo.jpg;pokazowa;;Radialna;Bezdętkowa (TL);155D;;Opona ciężarowa;;;22.5;002882;31560225dd;
7676;10555;8059971024623;4608538Maximo;Opona 460/85R38 Maximo Radial 85;149A8/146B TL (18.4R38);;3070.00;2580.00;3776.10;3173.40;23;23.00;PLN;Opony/Opony rolnicze i przemysłowe/Pozostałe;Maximo;;2.0000;;https://static.abstore.pl/img/grasdorf/7cca68a3-d6d6-4602-aaff-64d934b90b1b/l/opona-460%252F85r38-maximo-radial-85.jpg;nowa;;Radialna;Bezdętkowa (TL);149A8/146B (3250 kg przy 40 km/h);;Opona rolnicza;18.4 (460/85, 480/80);;38;18438Maximo;4608538Maximo;
6998;9791;;60016p166011;Felga 6x16 8/190/145/ET-12,5 Pronar;16.60.11;;270.00;270.00;332.10;332.10;23;23.00;PLN;Felgi;Pronar;;1.0000;;;nowa;;;;;;;;;16;616p;60016p166011;
6997;9789;;1136e428;Felga 11x36 8/203,2/152,6/ET-219;Grasdorf E428 Kubota używana;;2270.00;2270.00;2792.10;2792.10;23;23.00;PLN;Felgi;Grasdorf;;2.0000;;;używana;;;;;;;;;36;3611;1136e428;
6999;9792;;832e432;Felga 8x32 8/152,4/110/ET-96 NDI E432 DF;;;2330.00;2330.00;2865.90;2865.90;23;23.00;PLN;Felgi;NDI;;2.0000;;https://static.abstore.pl/img/grasdorf/036b2015-59cb-49e8-bf77-b8722de80a4b/l/felga-8x32-8%252F152-4%252F110%252Fet-96-ndi-e432-df.jpg,https://static.abstore.pl/img/grasdorf/9a160018-c323-4f0e-ad58-454357d9a7f9/l/felga-8x32-8%252F152-4%252F110%252Fet-96-ndi-e432-df.jpg,https://static.abstore.pl/img/grasdorf/17430d29-cf6c-4525-a867-a7ad570a1ceb/l/felga-8x32-8%252F152-4%252F110%252Fet-96-ndi-e432-df.jpg;demo;;;;;;;;;32;328;832e432;
6812;9540;;1330e269;Felga 13x30 8/405/362,5/ET+25 E269;używana NH;;1670.00;1670.00;2054.10;2054.10;23;23.00;PLN;Felgi;;;2.0000;;https://static.abstore.pl/img/grasdorf/112b6b50-aae8-4a32-8e68-4ebf19d8544d/l/felga-13x30-8%252F405%252F362-5%252Fet-25-e269.jpg,https://static.abstore.pl/img/grasdorf/e4316543-757f-4147-9fd8-7b3c1f0b7cda/l/felga-13x30-8%252F405%252F362-5%252Fet-25-e269.jpg,https://static.abstore.pl/img/grasdorf/35ff639c-53c2-4a7d-8f0d-bc53e6aa5dbd/l/felga-13x30-8%252F405%252F362-5%252Fet-25-e269.jpg;używana;;;;;;;;;30;1330;1330e269;
6813;9541;;1246e271;Felga 12x46 8/275/221/ET+17 E271 NH;;;2390.00;2390.00;2939.70;2939.70;23;23.00;PLN;Felgi;;;2.0000;;https://static.abstore.pl/img/grasdorf/748e6046-cce8-450f-bf27-10d3344adbac/l/felga-12x46-8%252F275%252F221%252Fet-17-e271-nh.jpg,https://static.abstore.pl/img/grasdorf/751798d2-4a55-4121-ba07-d34c9d1ba9b6/l/felga-12x46-8%252F275%252F221%252Fet-17-e271-nh.jpg,https://static.abstore.pl/img/grasdorf/57aaa38d-8921-4df6-9291-0539c0e4d66b/l/felga-12x46-8%252F275%252F221%252Fet-17-e271-nh.jpg;używana;;;;;;;;;46;4612;1246e271;
6970;9746;;1038e416;Felga 10x38 8/203,2/152,6/ET+106 NDI;E416 demo;;2440.00;2440.00;3001.20;3001.20;23;23.00;PLN;Felgi;NDI;;2.0000;;https://static.abstore.pl/img/grasdorf/12c711da-491b-47e8-8ad8-58dc7c6667bc/l/felga-10x38-8%252F203-2%252F152-6%252Fet-106-ndi.jpg,https://static.abstore.pl/img/grasdorf/5e1aab29-ecdd-4b28-a6b6-ae05c71c4ce2/l/felga-10x38-8%252F203-2%252F152-6%252Fet-106-ndi.jpg,https://static.abstore.pl/img/grasdorf/0faecdf0-213b-4570-aff6-757f9ef35c91/l/felga-10x38-8%252F203-2%252F152-6%252Fet-106-ndi.jpg;demo;;;;;;;;;38;3810;1038e416;
6814;9542;;2732e273;Felga 27x32 8/275/221/ET-33 E273 NH demo;;;2500.00;2500.00;3075.00;3075.00;23;23.00;PLN;Felgi;;;2.0000;;https://static.abstore.pl/img/grasdorf/ea4d152a-f39c-4d5e-b923-295e1e5bc52e/l/felga-27x32-8%252F275%252F221%252Fet-33-e273-nh-demo.jpg,https://static.abstore.pl/img/grasdorf/2a0d8dba-6646-4c8b-a37c-03946e16c172/l/felga-27x32-8%252F275%252F221%252Fet-33-e273-nh-demo.jpg,https://static.abstore.pl/img/grasdorf/e0b68629-ce78-45fe-99f6-788fea72e0ac/l/felga-27x32-8%252F275%252F221%252Fet-33-e273-nh-demo.jpg;demo;;;;;;;;;32;3227;2732e273;
7058;9886;;28305gkn1130062318;Felga 28x30.5 10/335/281/ET-100 GKN;1130062318;;2050.00;2050.00;2521.50;2521.50;23;23.00;PLN;Felgi;GKN;;1.0000;;https://static.abstore.pl/img/grasdorf/d987ee90-4432-4434-8203-99404f442786/l/felga-28x30-5-10%252F335%252F281%252Fet-100-gkn.jpg,https://static.abstore.pl/img/grasdorf/8baf30b9-89f7-47ee-b01e-efb1f00a8d69/l/felga-28x30-5-10%252F335%252F281%252Fet-100-gkn.jpg,https://static.abstore.pl/img/grasdorf/07e1f9ca-cc71-42ed-b469-8d52024a4fda/l/felga-28x30-5-10%252F335%252F281%252Fet-100-gkn.jpg;nowa;;;;;;;;;30.5;2800305;28305gkn1130062318;
6877;9634;;1246e340;Felga 12x46 8/275/221/ET-68 E340 JD;;;4340.00;4340.00;5338.20;5338.20;23;23.00;PLN;Felgi;LP;;2.0000;;;nowa;;;;;;;;;46;4612;1246e340;
7693;10573;;2732f61;Felga 27x32 10/335/281/ET0 GKN F61 demo;;;2500.00;2500.00;3075.00;3075.00;23;23.00;PLN;Felgi;GKN;;2.0000;;https://static.abstore.pl/img/grasdorf/d1073308-4d26-4afc-ad28-a43026e8111a/l/felga-27x32-10%252F335%252F281%252Fet0-gkn-f61-demo.jpg,https://static.abstore.pl/img/grasdorf/5582c5a7-fc1e-4247-a859-886ba1c03ca4/l/felga-27x32-10%252F335%252F281%252Fet0-gkn-f61-demo.jpg,https://static.abstore.pl/img/grasdorf/eacefe49-10c8-437e-8b74-8178d3fe79e6/l/felga-27x32-10%252F335%252F281%252Fet0-gkn-f61-demo.jpg;demo;;;;;;;;;32;3227;2732f61;
6739;8237;;11328;Obręcz z uchwytami W11x32 8 uchwytów MF;;;850.00;850.00;1045.50;1045.50;23;23.00;PLN;Felgi;;;1.0000;;https://static.abstore.pl/img/grasdorf/b17dca9a-26dd-475c-90d0-d35dbd2dbdeb/l/obrecz-z-uchwytami-w11x32-8-uchwytow-mf.jpg,https://static.abstore.pl/img/grasdorf/a1022e69-9787-4f27-a2a2-b87159ee9f18/l/obrecz-z-uchwytami-w11x32-8-uchwytow-mf.jpg;nowa;;;;;;;;;;3211;11328;
6816;9548;;1642e279;Felga 16x42 8/275/221/ET-267 NDI E279;Fendt;;4660.00;4660.00;5731.80;5731.80;23;23.00;PLN;Felgi;NDI;;2.0000;;https://static.abstore.pl/img/grasdorf/ac988800-3fc3-427b-9d78-3e0b30713f61/l/felga-16x42-8%252F275%252F221%252Fet-267-ndi-e279.jpg,https://static.abstore.pl/img/grasdorf/0faec86a-5c1c-42d0-92c7-0cf31e868ebc/l/felga-16x42-8%252F275%252F221%252Fet-267-ndi-e279.jpg,https://static.abstore.pl/img/grasdorf/a57a9fb0-2198-48a1-a89f-648d760147e2/l/felga-16x42-8%252F275%252F221%252Fet-267-ndi-e279.jpg;nowa;;;;;;;;;42;4216;1642e279;
6817;9549;;1428e277;Felga 14x28 8/275/221/ET-202 NDI E277;Fendt;;3270.00;3270.00;4022.10;4022.10;23;23.00;PLN;Felgi;NDI;;2.0000;;https://static.abstore.pl/img/grasdorf/c00eb54d-18aa-4761-a83c-260a60a64aff/l/felga-14x28-8%252F275%252F221%252Fet-202-ndi-e277.jpg,https://static.abstore.pl/img/grasdorf/05fa5b64-285d-487c-82a1-f22c69c9c2fd/l/felga-14x28-8%252F275%252F221%252Fet-202-ndi-e277.jpg,https://static.abstore.pl/img/grasdorf/ba3d216e-6151-4dba-a2fe-965cda73144f/l/felga-14x28-8%252F275%252F221%252Fet-202-ndi-e277.jpg;nowa;;;;;;;;;28;2814;1428e277;
6879;9636;;1248e330;Felga 12x48 8/275/221/ET-15 E330 NH;;;4420.00;4420.00;5436.60;5436.60;23;23.00;PLN;Felgi;LP;;2.0000;;;nowa;;;;;;;;;48;4812;1248e330;
7068;9903;;2042e508;Felga 20x42 10/335/281/ET-180 E508 Fendt;;;4330.00;4330.00;5325.90;5325.90;23;23.00;PLN;Felgi;LP;;2.0000;;;nowa;;;;;;;;;42;4220;2042e508;
6787;9504;;1428e247;Felga 14x28 8/275/221/ET-285 NDI E247 JD;;;3270.00;3270.00;4022.10;4022.10;23;23.00;PLN;Felgi;NDI;;2.0000;;https://static.abstore.pl/img/grasdorf/b397d10a-32a9-4a3f-84d9-4930f9df6b23/l/felga-14x28-8%252F275%252F221%252Fet-285-ndi-e247-jd.jpg,https://static.abstore.pl/img/grasdorf/c172fca7-66d6-44e9-a814-abb193558cf4/l/felga-14x28-8%252F275%252F221%252Fet-285-ndi-e247-jd.jpg,https://static.abstore.pl/img/grasdorf/098c42bc-7fba-4489-87c6-f6d592c259eb/l/felga-14x28-8%252F275%252F221%252Fet-285-ndi-e247-jd.jpg;nowa;;;;;;;;;28;2814;1428e247;
7720;10628;;9153a38642;Felga 9x15.3 5/140/94/ET-20 Accuride;38642;;340.00;340.00;418.20;418.20;23;23.00;PLN;Felgi;Accuride;;4.0000;;https://static.abstore.pl/img/grasdorf/af53955a-ff97-4ebc-af03-1a1fa45522fb/l/felga-9x15-3-5%252F140%252F94%252Fet-20-accuride.jpg,https://static.abstore.pl/img/grasdorf/1998eb39-e7aa-4e3a-ae0f-63422e3c1b0b/l/felga-9x15-3-5%252F140%252F94%252Fet-20-accuride.jpg,https://static.abstore.pl/img/grasdorf/fb8c06b4-7722-4e22-9257-64f15da3fff6/l/felga-9x15-3-5%252F140%252F94%252Fet-20-accuride.jpg;nowa;;;;;;;;;15.3;900153;9153a38642;
7530;10091;;25085R20CeFR85119A81;Opona 250/85R20 Ceat Farmax R85;119A8/116D TL;;630.00;630.00;774.90;774.90;23;23.00;PLN;Opony/Opony rolnicze i przemysłowe/Pozostałe;Ceat;;2.0000;;https://static.abstore.pl/img/grasdorf/1bb446ff-33fb-4348-a9c0-5a6600c6ce71/l/opona-250%252F85r20-ceat-farmax-r85.jpg;nowa;;Radialna;Bezdętkowa (TL);119A8/116D;;Opona rolnicza;9.5 (250/85, 230/95);;20;9520ce;25085R20CeFR85119A81;
7632;10509;;4807030mthcdemo;Opona 480/70R30 Mitas HC 70 demo;141D/144A8 TL;;3290.00;2770.00;4046.70;3407.10;23;23.00;PLN;Opony/Opony rolnicze i przemysłowe/Opony Mitas;Mitas;;2.0000;;https://static.abstore.pl/img/grasdorf/03fb5066-81be-41b3-9073-3500eb48fc95/l/opona-480%252F70r30-mitas-hc-70-demo.jpg,https://static.abstore.pl/img/grasdorf/fa5a9ab3-66a7-42d5-9585-276848da8a2b/l/opona-480%252F70r30-mitas-hc-70-demo.jpg,https://static.abstore.pl/img/grasdorf/ce3a0a8f-3fb5-466f-93c5-e4a0af98208b/l/opona-480%252F70r30-mitas-hc-70-demo.jpg,https://static.abstore.pl/img/grasdorf/b80fb94a-6bdb-4cbd-81ba-10f66df5a944/l/opona-480%252F70r30-mitas-hc-70-demo.jpg,https://static.abstore.pl/img/grasdorf/1eb76a18-13a2-4101-ad64-86d3a2f2d273/l/opona-480%252F70r30-mitas-hc-70-demo.jpg,https://static.abstore.pl/img/grasdorf/b5a7fbf6-9216-4cd1-941f-b4acf7b1c9b0/l/opona-480%252F70r30-mitas-hc-70-demo.jpg;pokazowa;;Radialna;Bezdętkowa (TL);141D/144A8 (2800 kg przy 40 km/h);;Opona rolnicza;480/70;;30;003833;4807030mthcdemo;
7722;10630;;1116a38597;Felga 11x16 6/205/161/ET-30 Accuride;38597;;410.00;410.00;504.30;504.30;23;23.00;PLN;Felgi;Accuride;;4.0000;;https://static.abstore.pl/img/grasdorf/52091ad0-7f98-4f49-bc2e-d3f6869d72ef/l/felga-11x16-6%252F205%252F161%252Fet-30-accuride.jpg,https://static.abstore.pl/img/grasdorf/b680799e-b596-42a2-9474-11b86313b8cf/l/felga-11x16-6%252F205%252F161%252Fet-30-accuride.jpg,https://static.abstore.pl/img/grasdorf/8607d1a6-9109-4aad-a8ac-e356bbac4363/l/felga-11x16-6%252F205%252F161%252Fet-30-accuride.jpg;nowa;;;;;;;;;16;1611;1116a38597;
7721;10629;;715a38454;Felga 7x15 5/140/94/ET15 Accuride 38454;;;340.00;340.00;418.20;418.20;23;23.00;PLN;Felgi;Accuride;;4.0000;;https://static.abstore.pl/img/grasdorf/9bd06374-ed99-4dc7-a200-272aba5abeab/l/felga-7x15-5%252F140%252F94%252Fet15-accuride-38454.jpg,https://static.abstore.pl/img/grasdorf/721b0b62-cde5-4f6c-a217-bec06eb904e8/l/felga-7x15-5%252F140%252F94%252Fet15-accuride-38454.jpg,https://static.abstore.pl/img/grasdorf/3f62c179-b915-48de-b2a7-696f1d03c745/l/felga-7x15-5%252F140%252F94%252Fet15-accuride-38454.jpg;nowa;;;;;;;;;15;70015;715a38454;
7724;10632;;1118a38664;Felga 11x18 8/275/221/ET0 Accuride 38664;;;510.00;510.00;627.30;627.30;23;23.00;PLN;Felgi;Accuride;;4.0000;;https://static.abstore.pl/img/grasdorf/4378aa8b-88f0-44d6-a879-9b43abaa084b/l/felga-11x18-8%252F275%252F221%252Fet0-accuride-38664.jpg,https://static.abstore.pl/img/grasdorf/1ca0b919-0afb-4eba-a358-fbb3ecace8b9/l/felga-11x18-8%252F275%252F221%252Fet0-accuride-38664.jpg,https://static.abstore.pl/img/grasdorf/7cdc44fa-5460-47fa-a6d0-70c89b0950aa/l/felga-11x18-8%252F275%252F221%252Fet0-accuride-38664.jpg;nowa;;;;;;;;;18;1811;1118a38664;
6825;9558;;848e292;Felga 8x48 8/275/221/ET+82 NDI E291 JD;używana;;3800.00;3800.00;4674.00;4674.00;23;23.00;PLN;Felgi;NDI;;2.0000;;https://static.abstore.pl/img/grasdorf/dbaaa900-0840-4492-a9f8-7751e9fade69/l/felga-8x48-8%252F275%252F221%252Fet-82-ndi-e291-jd.jpg,https://static.abstore.pl/img/grasdorf/739974e5-e1df-40d3-882a-c74b64e9651c/l/felga-8x48-8%252F275%252F221%252Fet-82-ndi-e291-jd.jpg,https://static.abstore.pl/img/grasdorf/09eb9085-435e-43ee-a399-fa441bc5dab5/l/felga-8x48-8%252F275%252F221%252Fet-82-ndi-e291-jd.jpg;używana;;;;;;;;;48;488;848e292;
7725;10633;;14195a38885;Felga 14x19.5 8/275/221/ET0 Accuride;38885;;690.00;690.00;848.70;848.70;23;23.00;PLN;Felgi;Accuride;;1.0000;;https://static.abstore.pl/img/grasdorf/fea31ee1-a678-4fcf-b466-75f514e3acdd/l/felga-14x19-5-8%252F275%252F221%252Fet0-accuride.jpg,https://static.abstore.pl/img/grasdorf/49968da3-7f19-433f-92d9-544eaa217054/l/felga-14x19-5-8%252F275%252F221%252Fet0-accuride.jpg,https://static.abstore.pl/img/grasdorf/32dedaa0-c1c3-437d-8e1e-7c97c8fb2047/l/felga-14x19-5-8%252F275%252F221%252Fet0-accuride.jpg;nowa;;;;;;;;;19.5;1400195;14195a38885;
6878;9635;;1248e342;Felga 12x48 8/275/221/ET-68 E342 JD;;;4420.00;4420.00;5436.60;5436.60;23;23.00;PLN;Felgi;LP;;2.0000;;;nowa;;;;;;;;;48;4812;1248e342;
7694;10575;;848e602;Felga 8x48 8/203,2/152,6/ET-70 E602;Kubota;;3800.00;3800.00;4674.00;4674.00;23;23.00;PLN;Felgi;;;2.0000;;https://static.abstore.pl/img/grasdorf/d72ff385-bae9-4c12-b757-111f186efe25/l/felga-8x48-8%252F203-2%252F152-6%252Fet-70-e602.jpg,https://static.abstore.pl/img/grasdorf/72653d5b-2051-430d-ab15-a981e318ed68/l/felga-8x48-8%252F203-2%252F152-6%252Fet-70-e602.jpg,https://static.abstore.pl/img/grasdorf/c8ba5fc0-29e9-494c-9b3f-055c1994c02b/l/felga-8x48-8%252F203-2%252F152-6%252Fet-70-e602.jpg;demo;;;;;;;;;48;488;848e602;
7639;10517;;1048e594;Felga 10x48 8/203,2/152,6/regulowana;używana E594;;1290.00;1290.00;1586.70;1586.70;23;23.00;PLN;Felgi;;;2.0000;;https://static.abstore.pl/img/grasdorf/4f4be194-85ec-49c5-8a28-bc8f37148659/l/felga-10x48-8%252F203-2%252F152-6%252Fregulowana.jpg,https://static.abstore.pl/img/grasdorf/30168411-3313-467b-b039-64a95b83e53d/l/felga-10x48-8%252F203-2%252F152-6%252Fregulowana.jpg,https://static.abstore.pl/img/grasdorf/b09fbb01-7ea3-4920-a684-7f9a155d3a82/l/felga-10x48-8%252F203-2%252F152-6%252Fregulowana.jpg;używana;;;;;;;;;48;4810;1048e594;
7644;10522;;1054e600;Felga 10x54 8/203,2/150,1/ET-208;Grasdorf E600 Claas;;4950.00;4950.00;6088.50;6088.50;23;23.00;PLN;Felgi;Grasdorf;;2.0000;;https://static.abstore.pl/img/grasdorf/28a2a0a5-1f00-4d86-93bb-5e86e99bc8ab/l/felga-10x54-8%252F203-2%252F150-1%252Fet-208.jpg,https://static.abstore.pl/img/grasdorf/2fc05582-28f9-428f-b561-6368d598d12b/l/felga-10x54-8%252F203-2%252F150-1%252Fet-208.jpg,https://static.abstore.pl/img/grasdorf/cf8c1f57-88ee-49ee-9c3d-6151ca6d38a6/l/felga-10x54-8%252F203-2%252F150-1%252Fet-208.jpg;nowa;;;;;;;;;54;5410;1054e600;
7767;10709;;4807024trdemo;Opona 480/70R24 Trelleborg TM700 demo;138A8(138B) TL;;3250.00;2750.00;3997.50;3382.50;23;23.00;PLN;Opony/Opony rolnicze i przemysłowe/Opony Trelleborg;Trelleborg;;2.0000;;https://static.abstore.pl/img/grasdorf/d893c918-bd1a-44bc-96e0-12281309f171/l/opona-480%252F70r24-trelleborg-tm700-demo.jpg,https://static.abstore.pl/img/grasdorf/6dc3d1cc-f528-4994-9f2d-18ad894b87a3/l/opona-480%252F70r24-trelleborg-tm700-demo.jpg,https://static.abstore.pl/img/grasdorf/53e47720-ba43-49b0-8b8e-b7d46166407a/l/opona-480%252F70r24-trelleborg-tm700-demo.jpg,https://static.abstore.pl/img/grasdorf/8ab010b3-b7d3-4b28-a290-d8abb324ec93/l/opona-480%252F70r24-trelleborg-tm700-demo.jpg,https://static.abstore.pl/img/grasdorf/465092bf-a080-49b0-af15-f5a3f17dd344/l/opona-480%252F70r24-trelleborg-tm700-demo.jpg,https://static.abstore.pl/img/grasdorf/6d11a727-aa5e-4a1d-a598-af648c1471f3/l/opona-480%252F70r24-trelleborg-tm700-demo.jpg;pokazowa;;Radialna;Bezdętkowa (TL);138A8 (2360 kg przy 40 km/h);;Opona rolnicza;480/70;;24;003888;4807024trdemo;
7727;10634;;1620a38626;Felga 16x20 8/275/221/ET0 Accuride 38626;;;760.00;760.00;934.80;934.80;23;23.00;PLN;Felgi;Accuride;;2.0000;;https://static.abstore.pl/img/grasdorf/193daf5d-9950-4fee-8fba-7a3858937f78/l/felga-16x20-8%252F275%252F221%252Fet0-accuride-38626.jpg,https://static.abstore.pl/img/grasdorf/f33987de-b2ca-4471-93d0-7365109b9605/l/felga-16x20-8%252F275%252F221%252Fet0-accuride-38626.jpg,https://static.abstore.pl/img/grasdorf/55e14e7d-8ca7-4812-ba79-60722ffcc15f/l/felga-16x20-8%252F275%252F221%252Fet0-accuride-38626.jpg;nowa;;;;;;;;;20;2016;1620a38626;
7695;10579;;824j24822;Felga 8x24 6/205/161/regulowana Jantsa;24822;;840.00;840.00;1033.20;1033.20;23;23.00;PLN;Felgi;Jantsa;;2.0000;;https://static.abstore.pl/img/grasdorf/72778013-7a6f-481f-b5e9-0514aaf06af9/l/felga-8x24-6%252F205%252F161%252Fregulowana-jantsa.jpg,https://static.abstore.pl/img/grasdorf/fe2a05db-aba3-498d-9af1-52c6ba846777/l/felga-8x24-6%252F205%252F161%252Fregulowana-jantsa.jpg,https://static.abstore.pl/img/grasdorf/7caf201c-f0fc-4ede-a9c1-0d7bbf8aba58/l/felga-8x24-6%252F205%252F161%252Fregulowana-jantsa.jpg;nowa;;;;;;;;;24;248;824j24822;
6826;9559;;1224e293;Felga 12x24 8/275/221/ET-10 Grasdorf;E293 JD;;1960.00;1960.00;2410.80;2410.80;23;23.00;PLN;Felgi;Grasdorf;;2.0000;;https://static.abstore.pl/img/grasdorf/c21a38df-2bba-4aad-b430-c812272e4d04/l/felga-12x24-8%252F275%252F221%252Fet-10-grasdorf.jpg,https://static.abstore.pl/img/grasdorf/2b15de31-a1ad-45e9-8d1d-8c68dd1dfde4/l/felga-12x24-8%252F275%252F221%252Fet-10-grasdorf.jpg,https://static.abstore.pl/img/grasdorf/a6d65c75-fcad-440a-9ec6-b897b2e9612a/l/felga-12x24-8%252F275%252F221%252Fet-10-grasdorf.jpg;demo;;;;;;;;;24;2412;1224e293;
7726;9155;;20225a36317;Felga 20x22.5 8/275/221/ET-50 Accuride;36317;;990.00;990.00;1217.70;1217.70;23;23.00;PLN;Felgi;Accuride;;2.0000;;;nowa;;;;;;;;;22.5;2000225;20225a36317;
7729;10636;;1324a39173;Felga 13x24 8/275/221/ET10 Accuride;39173;;1190.00;1190.00;1463.70;1463.70;23;23.00;PLN;Felgi;Accuride;;2.0000;;https://static.abstore.pl/img/grasdorf/543c2b47-6759-4b8d-9464-2c565e296bd8/l/felga-13x24-8%252F275%252F221%252Fet10-accuride.jpg,https://static.abstore.pl/img/grasdorf/99aa1ebd-0008-44b3-bdf2-4332f0c69968/l/felga-13x24-8%252F275%252F221%252Fet10-accuride.jpg,https://static.abstore.pl/img/grasdorf/155d0568-eaac-4049-87c4-60914553e0ee/l/felga-13x24-8%252F275%252F221%252Fet10-accuride.jpg;nowa;;;;;;;;;24;2413;1324a39173;
7007;9806;;2542e440;Felga 25x42 10/335/281/ET-125 Grasdorf;E440 demo Fendt;;3540.00;3540.00;4354.20;4354.20;23;23.00;PLN;Felgi;;;2.0000;;https://static.abstore.pl/img/grasdorf/f05416a9-97e9-460c-85ba-f6d0f85bfb27/l/felga-25x42-10%252F335%252F281%252Fet-125-grasdorf.jpg,https://static.abstore.pl/img/grasdorf/d01627db-5e08-4018-8299-bb2b32ea3aca/l/felga-25x42-10%252F335%252F281%252Fet-125-grasdorf.jpg,https://static.abstore.pl/img/grasdorf/b309a47c-604f-4d06-98e6-bc35ad6e6859/l/felga-25x42-10%252F335%252F281%252Fet-125-grasdorf.jpg;demo;;;;;;;;;42;4225;2542e440;
7723;10631;;1617a38553;Felga 16x17 6/205/161/ET-35 Accuride;38553;;570.00;570.00;701.10;701.10;23;23.00;PLN;Felgi;Accuride;;4.0000;;https://static.abstore.pl/img/grasdorf/6c4855fd-c86f-4e8c-ba78-457cdf58790b/l/felga-16x17-6%252F205%252F161%252Fet-35-accuride.jpg,https://static.abstore.pl/img/grasdorf/12320b10-467f-4b2e-8cd5-5ed88f0f63f3/l/felga-16x17-6%252F205%252F161%252Fet-35-accuride.jpg,https://static.abstore.pl/img/grasdorf/183a9423-7e21-41b0-bb28-f997f2152d55/l/felga-16x17-6%252F205%252F161%252Fet-35-accuride.jpg;nowa;;;;;;;;;17;160017;1617a38553;
6990;9780;;5005017trdemo;Opona 500/50-17 Trelleborg AW 309 demo;149A8 TL;;1470.00;1250.00;1808.10;1537.50;23;23.00;PLN;Opony/Opony rolnicze i przemysłowe/Opony Trelleborg;Trelleborg;;1.0000;;;pokazowa;;Diagonalna;Bezdętkowa (TL);149A8 (3250 kg przy 40 km/h);;Opona rolnicza;500/50;;17;3748;5005017trdemo;
7730;10637;;1424a37479;Felga 14x24 10/335/281/ET+20 Accuride;39479;;1190.00;1190.00;1463.70;1463.70;23;23.00;PLN;Felgi;Accuride;;6.0000;;https://static.abstore.pl/img/grasdorf/9e2b5fa3-ead6-4be9-bf61-7a9f8c8153c9/l/felga-14x24-10%252F335%252F281%252Fet-20-accuride.jpg,https://static.abstore.pl/img/grasdorf/cd35f5c2-8af3-44b4-9595-e2294db612ee/l/felga-14x24-10%252F335%252F281%252Fet-20-accuride.jpg,https://static.abstore.pl/img/grasdorf/c95c2a2e-2bf6-4fde-870c-daeedf07db22/l/felga-14x24-10%252F335%252F281%252Fet-20-accuride.jpg;nowa;;;;;;;;;24;2414;1424a37479;
6981;374;;18225j180232;Felga 18x22.5 10/335/281/ET0 Jantsa;180232;;1280.00;1280.00;1574.40;1574.40;23;23.00;PLN;Felgi;Jantsa;;2.0000;;https://static.abstore.pl/img/grasdorf/21bdd9ae-f9bb-4c05-ac80-a0a81ca7f99a/l/felga-18x22-5-10%252F335%252F281%252Fet0-jantsa.jpg,https://static.abstore.pl/img/grasdorf/2d5f799c-c18e-4455-a635-4e753b89fc24/l/felga-18x22-5-10%252F335%252F281%252Fet0-jantsa.jpg,https://static.abstore.pl/img/grasdorf/b0e06dfd-8f00-42e5-8d7c-d20c30f64bf6/l/felga-18x22-5-10%252F335%252F281%252Fet0-jantsa.jpg;;;;;;;;;;;1800225;18225j180232;
7731;10638;;1424a36527;Felga 14x24 8/275/221/ET+50 Accuride;36527;;1190.00;1190.00;1463.70;1463.70;23;23.00;PLN;Felgi;Accuride;;4.0000;;;nowa;;;;;;;;;24;2414;1424a36527;
6841;9409;6976129252795;60012jouh80398;Opona 6.00-12 Journey H8039 8PR TL;;;230.00;230.00;282.90;282.90;23;23.00;PLN;Opony/Opony rolnicze i przemysłowe/Pozostałe;Journey;;3.0000;;https://static.abstore.pl/img/grasdorf/d969c58e-dc8b-43b7-9bf8-4ae1cc0d9629/l/opona-6-00-12-journey-h8039-8pr-tl.jpg;nowa;;Diagonalna;Bezdętkowa (TL);;8 PR;Opona rolnicza;6;;12;612jouh80398;60012jouh80398;
6654;9277;;1634e98;Felga 16x34 8/203,2/150,1/regulowana E98;demo Case;;2500.00;2500.00;3075.00;3075.00;23;23.00;PLN;Felgi;;;2.0000;;https://static.abstore.pl/img/grasdorf/e7886ea9-9172-4882-82b4-7cb61d5ecb2f/l/felga-16x34-8%252F203-2%252F150-1%252Fregulowana-e98.jpg,https://static.abstore.pl/img/grasdorf/a2598ea1-2216-472d-9970-5454930528d4/l/felga-16x34-8%252F203-2%252F150-1%252Fregulowana-e98.jpg,https://static.abstore.pl/img/grasdorf/470fa216-5710-42bf-99c6-de2165fb2f96/l/felga-16x34-8%252F203-2%252F150-1%252Fregulowana-e98.jpg;demo;;;;;;;;;34;3416;1634e98;
6843;9581;;1600225j162297;Felga 16x22.5 10/335/281/ET-50 Jantsa;162297 wzmocniona;;740.00;740.00;910.20;910.20;23;23.00;PLN;Felgi;Jantsa;;2.0000;;https://static.abstore.pl/img/grasdorf/28948056-4edf-4e01-88d6-1737163750d3/l/felga-16x22-5-10%252F335%252F281%252Fet-50-jantsa.jpg,https://static.abstore.pl/img/grasdorf/3f9a74b5-d2c0-4ad9-9e98-7fc6a667aa43/l/felga-16x22-5-10%252F335%252F281%252Fet-50-jantsa.jpg,https://static.abstore.pl/img/grasdorf/a52f3c3d-ac31-43e6-a11b-4a7857ad9028/l/felga-16x22-5-10%252F335%252F281%252Fet-50-jantsa.jpg,https://static.abstore.pl/img/grasdorf/925f7688-726c-417d-985e-062ab6b712f8/l/felga-16x22-5-10%252F335%252F281%252Fet-50-jantsa.jpg,https://static.abstore.pl/img/grasdorf/14beb793-3560-4ec3-93ae-f299178d74c7/l/felga-16x22-5-10%252F335%252F281%252Fet-50-jantsa.jpg,https://static.abstore.pl/img/grasdorf/746c286c-1211-4ec3-89b6-99d26c474746/l/felga-16x22-5-10%252F335%252F281%252Fet-50-jantsa.jpg,https://static.abstore.pl/img/grasdorf/8dd6518c-829d-4c3f-8148-1c516ee4b1ef/l/felga-16x22-5-10%252F335%252F281%252Fet-50-jantsa.jpg;nowa;;;;;;;;;22.5;16225j162297;1600225j162297;
6952;9721;6973033769876;166508joup508a6;Opona 16x6.50-8 Journey P508A 6PR TL;;;70.00;70.00;86.10;86.10;23;23.00;PLN;Opony/Opony rolnicze i przemysłowe/Pozostałe;Journey;;2.0000;;https://static.abstore.pl/img/grasdorf/7ef107cc-9826-4fde-88cc-3c9034063951/l/opona-16x6-50-8-journey-p508a-6pr-tl.jpg;nowa;;Diagonalna;Bezdętkowa (TL);;6 PR;Opona rolnicza;;;8;16658joup508a6;166508joup508a6;
6889;9650;;1032e368;Felga 10x32 8/330/290,5/ET-14 NDI E368;NH;;2990.00;2990.00;3677.70;3677.70;23;23.00;PLN;Felgi;NDI;;2.0000;;https://static.abstore.pl/img/grasdorf/302ddf7b-51ca-49e6-b774-46485291e549/l/felga-10x32-8%252F330%252F290-5%252Fet-14-ndi-e368.jpg,https://static.abstore.pl/img/grasdorf/4005e1d4-717d-461c-a8d0-533a9b323eec/l/felga-10x32-8%252F330%252F290-5%252Fet-14-ndi-e368.jpg,https://static.abstore.pl/img/grasdorf/5120fad8-c47b-462b-a5e0-72d8c8bb1abd/l/felga-10x32-8%252F330%252F290-5%252Fet-14-ndi-e368.jpg;nowa;;;;;;;;;32;3210;1032e368;
6890;9651;;848e370;Felga 8x48 8/203,2/150,1/ET-68 NDI E370;NH;;4750.00;4750.00;5842.50;5842.50;23;23.00;PLN;Felgi;NDI;;2.0000;;https://static.abstore.pl/img/grasdorf/75156ad8-6875-4230-89df-d348eff1af8a/l/felga-8x48-8%252F203-2%252F150-1%252Fet-68-ndi-e370.jpg,https://static.abstore.pl/img/grasdorf/e1e17e36-ccfb-4bf1-80d9-02c8cef67dbc/l/felga-8x48-8%252F203-2%252F150-1%252Fet-68-ndi-e370.jpg,https://static.abstore.pl/img/grasdorf/ab395712-78b3-4a07-87a2-698a12ec34cb/l/felga-8x48-8%252F203-2%252F150-1%252Fet-68-ndi-e370.jpg;nowa;;;;;;;;;48;488;848e370;
6633;9241;;616e81;Felga 6x16 6/120/90/ET+40 Jantsa E81;Bobcat (6.00x16);;690.00;690.00;848.70;848.70;23;23.00;PLN;Felgi;Jantsa;;2.0000;;https://static.abstore.pl/img/grasdorf/8d79bfa3-df4c-42bf-b8fa-1091b071d8cc/l/felga-6x16-6%252F120%252F90%252Fet-40-jantsa-e81.jpg,https://static.abstore.pl/img/grasdorf/6f087de8-f4b4-4d02-995b-f6f773d18022/l/felga-6x16-6%252F120%252F90%252Fet-40-jantsa-e81.jpg,https://static.abstore.pl/img/grasdorf/681b4055-8c2c-4b00-be22-987b85e7d3a4/l/felga-6x16-6%252F120%252F90%252Fet-40-jantsa-e81.jpg;demo;;;;;;;;;16;60016;616e81;
6634;9242;;1024e83;Felga 10x24 6/170/135/ET-16 demo E83;Bobcat;;990.00;990.00;1217.70;1217.70;23;23.00;PLN;Felgi;;;2.0000;;https://static.abstore.pl/img/grasdorf/77b464fa-b7cf-4e3d-98ca-f11636ccebcb/l/felga-10x24-6%252F170%252F135%252Fet-16-demo-e83.jpg,https://static.abstore.pl/img/grasdorf/a453e3a3-7c2d-42f9-b5fd-ec1fe8dd68d1/l/felga-10x24-6%252F170%252F135%252Fet-16-demo-e83.jpg,https://static.abstore.pl/img/grasdorf/94ed5189-2de9-4fe5-b2a8-0573ae12bbbc/l/felga-10x24-6%252F170%252F135%252Fet-16-demo-e83.jpg;demo;;;;;;;;;24;2410;1024e83;
7629;8037;;836p360845;Obręcz z uchwytami W8x36 C-360 Pronar;36.08.45;;1080.00;1080.00;1328.40;1328.40;23;23.00;PLN;Felgi;Pronar;;2.0000;;https://static.abstore.pl/img/grasdorf/a5809382-68a5-4f27-b15e-cfa00c910963/l/obrecz-z-uchwytami-w8x36-c-360-pronar.jpg,https://static.abstore.pl/img/grasdorf/0ab329aa-e10c-4372-a278-81cf8c83d46b/l/obrecz-z-uchwytami-w8x36-c-360-pronar.jpg;nowa;;;;;;;;;;001565;836p360845;
6790;4248;;90016PETnt3;Opona 9.00-16 Petlas NT-3 16PR TT;;;440.00;440.00;541.20;541.20;23;23.00;PLN;Opony/Opony rolnicze i przemysłowe/Pozostałe;Petlas;;1.0000;;https://static.abstore.pl/img/grasdorf/fe40ec69-e20e-4942-9ffd-d10ac39e9d1d/l/opona-9-00-16-petlas-nt-3-16pr-tt.png;nowa;;Diagonalna;Dętkowa (TT);131A6;16 PR;Opona rolnicza;9.00;;16;916PETnt3;90016PETnt3;
6897;9659;;1630e378;Felga 16x30 10/335/281/ET-97 E378 demo;Valtra;;2110.00;2110.00;2595.30;2595.30;23;23.00;PLN;Felgi;;;2.0000;;https://static.abstore.pl/img/grasdorf/a8708cf7-df96-4750-946c-056a4626ca9f/l/felga-16x30-10%252F335%252F281%252Fet-97-e378-demo.jpg,https://static.abstore.pl/img/grasdorf/0ee8e289-07e9-4552-9a6c-7b7964adb346/l/felga-16x30-10%252F335%252F281%252Fet-97-e378-demo.jpg,https://static.abstore.pl/img/grasdorf/dbb1bacf-3483-4704-beca-5d894f247e2a/l/felga-16x30-10%252F335%252F281%252Fet-97-e378-demo.jpg;demo;;;;;;;;;30;3016;1630e378;
6631;8598;6973033769388;1885010JouH85018;Opona 18x8.50-10 Journey H8501 8PR TL;;;150.00;150.00;184.50;184.50;23;23.00;PLN;Opony/Opony rolnicze i przemysłowe/Pozostałe;Journey;;6.0000;;https://static.abstore.pl/img/grasdorf/7d9d76fe-a19c-4d1b-bef1-e556fdedc9fc/l/opona-18x8-50-10-journey-h8501-8pr-tl.jpg;nowa;;Diagonalna;Bezdętkowa (TL);;8 PR;Opona rolnicza;18x8.50;;10;188510JouH85018;1885010JouH85018;
6625;9230;8904365506899;3809538ASC;Opona 380/95R38 Ascenso TDR 900 147D TL;;;2940.00;2940.00;3616.20;3616.20;23;23.00;PLN;Opony/Opony rolnicze i przemysłowe/Pozostałe;Ascenso;;2.0000;;https://static.abstore.pl/img/grasdorf/03b4a514-5456-45dd-9f6e-bee5c5f70904/l/opona-380%252F95r38-ascenso-tdr-900-147d-tl.png;nowa;;Radialna;Bezdętkowa (TL);147D (3075 kg przy 65 km/h);;Opona rolnicza;380/95;;38;3586;3809538ASC;
6549;9153;6975222073580;2785015Jou3326;Opona 27x8.50-15 Journey P332 6PR TL;;;320.00;320.00;393.60;393.60;23;23.00;PLN;Opony/Opony rolnicze i przemysłowe/Pozostałe;Journey;;4.0000;;https://static.abstore.pl/img/grasdorf/44950667-4e04-48a4-8525-0928dfbd570b/l/opona-27x8-50-15-journey-p332-6pr-tl.png;nowa;;Diagonalna;Bezdętkowa (TL);;6 PR;Opona przemysłowa/komunalna;27x8.50;;15;278515Jour3326;2785015Jou3326;
7089;9943;;9006042max2demo;Opona VF900/60R42 Michelin AXIOBIB 2;demo 189D/185E TL;;29200.00;23990.00;35916.00;29507.70;23;23.00;PLN;Opony/Opony rolnicze i przemysłowe/Opony Michelin;Michelin;;5.0000;;https://static.abstore.pl/img/grasdorf/0a1fd016-0a9d-4624-a756-ce9c53766e6d/l/opona-vf900%252F60r42-michelin-axiobib-2.jpg,https://static.abstore.pl/img/grasdorf/c5c39add-6291-49eb-8f44-19748b46898f/l/opona-vf900%252F60r42-michelin-axiobib-2.jpg,https://static.abstore.pl/img/grasdorf/abacccbf-5bc4-41b0-acf8-9f26fb2fc3eb/l/opona-vf900%252F60r42-michelin-axiobib-2.jpg,https://static.abstore.pl/img/grasdorf/cd7e69d1-4aa7-4fc9-ac5d-496d539b836c/l/opona-vf900%252F60r42-michelin-axiobib-2.jpg,https://static.abstore.pl/img/grasdorf/63ada504-c464-42e8-8b09-154b42fc3ef1/l/opona-vf900%252F60r42-michelin-axiobib-2.jpg,https://static.abstore.pl/img/grasdorf/b846442a-40b2-4f51-8186-5620ad8769a2/l/opona-vf900%252F60r42-michelin-axiobib-2.jpg,https://static.abstore.pl/img/grasdorf/f06bf0fa-7525-4c71-86be-e670d91bceb0/l/opona-vf900%252F60r42-michelin-axiobib-2.jpg,https://static.abstore.pl/img/grasdorf/29f4c236-0b99-471d-a6c0-fce513c6a702/l/opona-vf900%252F60r42-michelin-axiobib-2.jpg,https://static.abstore.pl/img/grasdorf/f0335c7a-88e5-4c84-a515-0b14f95dfe4a/l/opona-vf900%252F60r42-michelin-axiobib-2.jpg,https://static.abstore.pl/img/grasdorf/42b2d60f-73e5-4188-9400-b9f63068acd5/l/opona-vf900%252F60r42-michelin-axiobib-2.jpg,https://static.abstore.pl/img/grasdorf/076cf054-249f-4d65-9e03-c91f75e52b32/l/opona-vf900%252F60r42-michelin-axiobib-2.jpg,https://static.abstore.pl/img/grasdorf/783735dc-c85e-4b4d-a8e8-fbab586d6df2/l/opona-vf900%252F60r42-michelin-axiobib-2.jpg,https://static.abstore.pl/img/grasdorf/bf86d858-0aa8-44ad-9efb-9011d343974d/l/opona-vf900%252F60r42-michelin-axiobib-2.jpg,https://static.abstore.pl/img/grasdorf/4ad0728c-4890-46a0-b8bc-64e48086344b/l/opona-vf900%252F60r42-michelin-axiobib-2.jpg,https://static.abstore.pl/img/grasdorf/c6dd30ef-8420-4b4f-8218-4e2b4e3ae281/l/opona-vf900%252F60r42-michelin-axiobib-2.jpg,https://static.abstore.pl/img/grasdorf/dbe1d8fd-234b-4f74-8d33-721cbf05dcc0/l/opona-vf900%252F60r42-michelin-axiobib-2.jpg;pokazowa;;Radialna;Bezdętkowa (TL);189D/185E (10300 kg przy 65 km/h);;Opona rolnicza;900/60;;42;3814;9006042max2demo;
6575;9160;;1136e9;Felga 11x36 8/275/221/regulowana E9 demo;Case;;2270.00;2270.00;2792.10;2792.10;23;23.00;PLN;Felgi;;;2.0000;;https://static.abstore.pl/img/grasdorf/4c139f82-c8d0-4388-8675-e07908c8bcc1/l/felga-11x36-8%252F275%252F221%252Fregulowana-e9-demo.jpg,https://static.abstore.pl/img/grasdorf/69505194-cad0-42f7-a109-a912fd19946d/l/felga-11x36-8%252F275%252F221%252Fregulowana-e9-demo.jpg,https://static.abstore.pl/img/grasdorf/094ede0f-427c-4c8b-a2ea-5b782453fd0e/l/felga-11x36-8%252F275%252F221%252Fregulowana-e9-demo.jpg;demo;;;;;;;;;36;3611;1136e9;
6577;9162;;1842e11;Felga 18x42 12/814/764/ET+19 używana E11;JD R&P;;2310.00;2310.00;2841.30;2841.30;23;23.00;PLN;Felgi;;;2.0000;;https://static.abstore.pl/img/grasdorf/5e1ab7f0-87b8-4e8c-bc6d-c0bcc107b2ca/l/felga-18x42-12%252F814%252F764%252Fet-19-uzywana-e11.jpg,https://static.abstore.pl/img/grasdorf/c6c9f337-8295-406e-868b-64c884f1fe31/l/felga-18x42-12%252F814%252F764%252Fet-19-uzywana-e11.jpg,https://static.abstore.pl/img/grasdorf/648d0622-0c9c-4d40-add1-c115eab7cdee/l/felga-18x42-12%252F814%252F764%252Fet-19-uzywana-e11.jpg;używana;;;;;;;;;42;4218;1842e11;
6581;9165;;1424e15;Felga 14x24 6/285/250/regulowana E15;demo Steyr;;1860.00;1860.00;2287.80;2287.80;23;23.00;PLN;Felgi;;;2.0000;;https://static.abstore.pl/img/grasdorf/cbdee36f-5210-487c-b2e0-adecc924e2c4/l/felga-14x24-6%252F285%252F250%252Fregulowana-e15.jpg,https://static.abstore.pl/img/grasdorf/d7b5edf0-88eb-4228-aa86-0b65f429a775/l/felga-14x24-6%252F285%252F250%252Fregulowana-e15.jpg,https://static.abstore.pl/img/grasdorf/6be3348d-074a-4555-8d21-2ff7437b9d7f/l/felga-14x24-6%252F285%252F250%252Fregulowana-e15.jpg;demo;;;;;;;;;24;2414;1424e15;
6571;9156;;1530e1;Felga 15x30 8/203,2/152,6/ET-144 E1 demo;Kubota;;1500.00;1500.00;1845.00;1845.00;23;23.00;PLN;Felgi;;;2.0000;;https://static.abstore.pl/img/grasdorf/1026116f-e7eb-4e7a-a764-efda4ff586e5/l/felga-15x30-8%252F203-2%252F152-6%252Fet-144-e1-demo.jpg,https://static.abstore.pl/img/grasdorf/00cd8f12-4bc2-434e-a0d0-45e707f45b10/l/felga-15x30-8%252F203-2%252F152-6%252Fet-144-e1-demo.jpg,https://static.abstore.pl/img/grasdorf/2e609f3a-0b25-439c-89ea-d39c1faf3144/l/felga-15x30-8%252F203-2%252F152-6%252Fet-144-e1-demo.jpg;demo;;;;;;;;;30;3015;1530e1;
6584;9169;;80040265tr20mmbn;Opona 800/40-26.5 Trelleborg T404 20mm;DOT12 nienaprawiana 172A8 TL;;6030.00;1890.00;7416.90;2324.70;23;23.00;PLN;Opony/Opony rolnicze i przemysłowe/Opony Trelleborg;Trelleborg;;1.0000;;https://static.abstore.pl/img/grasdorf/5068c8bd-5ae0-47e2-9a08-b65bf370c5df/l/opona-800%252F40-26-5-trelleborg-t404-20mm.jpg,https://static.abstore.pl/img/grasdorf/ded64587-fbb7-4825-9ce2-0aec7eb66837/l/opona-800%252F40-26-5-trelleborg-t404-20mm.jpg;używana;;Diagonalna;Bezdętkowa (TL);172A8 (6300 kg przy 40 km/h);;Opona rolnicza;800/40;;26,5;3556;80040265tr20mmbn;
6882;9640;;6507538Ndemo;Opona 650/75R38 Nokian Tractor King SB;demo 175D TL;;14780.00;12580.00;18179.40;15473.40;23;23.00;PLN;Opony/Opony rolnicze i przemysłowe/Pozostałe;Nokian;;2.0000;;https://static.abstore.pl/img/grasdorf/8fba7758-c274-47fb-897d-d90a29ae5a68/l/opona-650%252F75r38-nokian-tractor-king-sb.jpg,https://static.abstore.pl/img/grasdorf/6a7514e1-651a-4ad5-b028-c08683a54f13/l/opona-650%252F75r38-nokian-tractor-king-sb.jpg,https://static.abstore.pl/img/grasdorf/7b5e2968-2f31-44ef-8e91-9109967108c4/l/opona-650%252F75r38-nokian-tractor-king-sb.jpg,https://static.abstore.pl/img/grasdorf/b3a0762b-d150-4eaf-8b87-942bb4080c5a/l/opona-650%252F75r38-nokian-tractor-king-sb.jpg,https://static.abstore.pl/img/grasdorf/9bd2fc30-5261-45ec-b941-6429b729befb/l/opona-650%252F75r38-nokian-tractor-king-sb.jpg,https://static.abstore.pl/img/grasdorf/112b1bfc-69ce-4cea-9922-c67834addf03/l/opona-650%252F75r38-nokian-tractor-king-sb.jpg,https://static.abstore.pl/img/grasdorf/1bde209a-7e3f-465e-a253-790ab84fb42e/l/opona-650%252F75r38-nokian-tractor-king-sb.jpg;pokazowa;;Radialna;Bezdętkowa (TL);175D (6900 kg przy 65 km/h);;Opona leśna;650/75;;38;3712;6507538Ndemo;
7048;9874;;1046e574;Felga 10x46 8/203,2/150,1/ET-60 E574;Claas;;4140.00;4140.00;5092.20;5092.20;23;23.00;PLN;Felgi;LP;;2.0000;;;nowa;;;;;;;;;46;4610;1046e574;
6585;9170;;80040265TR20mmn;Opona 800/40-26.5 Trelleborg T404 20mm;DOT12 naprawiana 172A8 TL;;6030.00;1490.00;7416.90;1832.70;23;23.00;PLN;Opony/Opony rolnicze i przemysłowe/Opony Trelleborg;Trelleborg;;1.0000;;https://static.abstore.pl/img/grasdorf/b3811654-003a-466c-9a53-8c1a47e3279d/l/opona-800%252F40-26-5-trelleborg-t404-20mm.jpg,https://static.abstore.pl/img/grasdorf/70e35057-55ee-40fc-982e-e84b1826e001/l/opona-800%252F40-26-5-trelleborg-t404-20mm.jpg;używana;;Diagonalna;Bezdętkowa (TL);172A8 (6300 kg przy 40 km/h);;Opona rolnicza;800/40;;26,5;3557;80040265TR20mmn;
6850;9589;;71045225a388demo;Opona 710/45R22.5 Alliance 388 demo 156D;TL;;4920.00;4790.00;6051.60;5891.70;23;23.00;PLN;Opony/Opony rolnicze i przemysłowe/Opony Alliance;Alliance;;2.0000;;;pokazowa;;Radialna;Bezdętkowa (TL);156D (4000 kg przy 65 km/h);;Opona rolnicza;710/45;;22,5;3695;71045225a388demo;
6593;9177;;4207030BKTdemo;Opona 420/70R30 BKT Agrimax RT 765 demo;134D TL;;2300.00;1850.00;2829.00;2275.50;23;23.00;PLN;Opony/Opony rolnicze i przemysłowe/Opony BKT;BKT;;4.0000;;https://static.abstore.pl/img/grasdorf/60c5bd13-7c2d-411b-a8d0-4333872cc543/l/opona-420%252F70r30-bkt-agrimax-rt-765-demo.jpg,https://static.abstore.pl/img/grasdorf/038879b5-1bb7-48a0-91a7-6d995a0c5f0e/l/opona-420%252F70r30-bkt-agrimax-rt-765-demo.jpg,https://static.abstore.pl/img/grasdorf/c0cb80f8-3497-40d0-9177-d23eefed1ccb/l/opona-420%252F70r30-bkt-agrimax-rt-765-demo.jpg,https://static.abstore.pl/img/grasdorf/a65be027-b973-46dd-87f9-9cd116b85868/l/opona-420%252F70r30-bkt-agrimax-rt-765-demo.jpg,https://static.abstore.pl/img/grasdorf/b4011caf-bbd7-4b46-bb21-3431ab137895/l/opona-420%252F70r30-bkt-agrimax-rt-765-demo.jpg,https://static.abstore.pl/img/grasdorf/a80b5ad3-471a-4964-9aaf-16e560172649/l/opona-420%252F70r30-bkt-agrimax-rt-765-demo.jpg,https://static.abstore.pl/img/grasdorf/1ae58e32-c042-40a4-b7ba-a9108fc9623c/l/opona-420%252F70r30-bkt-agrimax-rt-765-demo.jpg,https://static.abstore.pl/img/grasdorf/51c7759a-0bfa-49f8-bfc6-587c37509f68/l/opona-420%252F70r30-bkt-agrimax-rt-765-demo.jpg,https://static.abstore.pl/img/grasdorf/e46cc70b-bd83-4c68-8728-acb5434c02d2/l/opona-420%252F70r30-bkt-agrimax-rt-765-demo.jpg,https://static.abstore.pl/img/grasdorf/5058bf0a-306f-48a8-bc4a-6d4d08b3141d/l/opona-420%252F70r30-bkt-agrimax-rt-765-demo.jpg,https://static.abstore.pl/img/grasdorf/af867b8d-4cca-438e-bc3c-a419888a62ea/l/opona-420%252F70r30-bkt-agrimax-rt-765-demo.jpg,https://static.abstore.pl/img/grasdorf/43814726-4ff1-4a7c-b6c8-31aaadafb266/l/opona-420%252F70r30-bkt-agrimax-rt-765-demo.jpg;pokazowa (DOT 2022);;Radialna;Bezdętkowa (TL);134D (2120 kg przy 65 km/h);;Opona rolnicza;420/70;;30;3561;4207030BKTdemo;
7634;9848;8059971000245;50014TRim110;Opona 5.00-14 Trelleborg IM110 4PR TT;(5-14);;320.00;320.00;393.60;393.60;23;23.00;PLN;Opony/Opony rolnicze i przemysłowe/Opony Trelleborg;Trelleborg;;2.0000;;https://static.abstore.pl/img/grasdorf/f4c5a923-4aa3-4810-b43a-71914e15353c/l/opona-5-00-14-trelleborg-im110-4pr-tt.jpg;nowa;;Diagonalna;Dętkowa (TT);;4PR;Opona rolnicza;5.00;;14;514tr;50014TRim110;
6609;9193;8906117622260;3809046CeatFRC165A8;Opona 380/90R46 Ceat FARMAX RC;165A8/165B TL;;2920.00;2920.00;3591.60;3591.60;23;23.00;PLN;Opony/Opony rolnicze i przemysłowe/Pozostałe;Ceat;;3.0000;;https://static.abstore.pl/img/grasdorf/bc8f44e2-1f92-4474-b033-70a2a054d45c/l/opona-380%252F90r46-ceat-farmax-rc.png,https://static.abstore.pl/img/grasdorf/2a8d64bc-3ef6-4b5a-b740-af306a57deea/l/opona-380%252F90r46-ceat-farmax-rc.jpg,https://static.abstore.pl/img/grasdorf/ac2cd37d-72c9-4e59-a6e8-0a6b1d1ea7a8/l/opona-380%252F90r46-ceat-farmax-rc.jpg,https://static.abstore.pl/img/grasdorf/9ab9a8a1-b74f-4775-91de-4ab2e75544fb/l/opona-380%252F90r46-ceat-farmax-rc.jpg,https://static.abstore.pl/img/grasdorf/6e858979-8429-475c-944b-7a54f4ec4b55/l/opona-380%252F90r46-ceat-farmax-rc.jpg,https://static.abstore.pl/img/grasdorf/703bb136-bd47-4fe6-8d07-4d03f5dfd2a5/l/opona-380%252F90r46-ceat-farmax-rc.jpg,https://static.abstore.pl/img/grasdorf/12e91525-402b-45c6-8597-fce3d16dc81c/l/opona-380%252F90r46-ceat-farmax-rc.png,https://static.abstore.pl/img/grasdorf/b54e9815-f5c3-42e4-a26e-47cb01a7b503/l/opona-380%252F90r46-ceat-farmax-rc.jpg;nowa;;Radialna;Bezdętkowa (TL);165A8/165B (5150 kg przy 50 km/h);;Opona rolnicza;14.9 (380/85, 380/90, 400/80);;46;14946Ceat;3809046CeatFRC165A8;
7635;10513;;1524e580;Felga 15x24 10/225/176/ET+50 NDI E580;Claas;;2090.00;2090.00;2570.70;2570.70;23;23.00;PLN;Felgi;NDI;;2.0000;;https://static.abstore.pl/img/grasdorf/a2cd5d83-3f2b-47d8-aff9-86db27deaa3b/l/felga-15x24-10%252F225%252F176%252Fet-50-ndi-e580.jpg,https://static.abstore.pl/img/grasdorf/77ed0717-6eff-4f9a-a3df-7af4f58e67c6/l/felga-15x24-10%252F225%252F176%252Fet-50-ndi-e580.jpg,https://static.abstore.pl/img/grasdorf/28dbc2cd-3792-4ac6-9df9-48c73ef7f10c/l/felga-15x24-10%252F225%252F176%252Fet-50-ndi-e580.jpg;nowa;;;;;;;;;24;2415;1524e580;
6672;9322;;3607024PET1024;Komplet kół do ciągnika NH Boomer:;360/70R24 Petlas demo;;5200.00;5200.00;6396.00;6396.00;23;23.00;PLN;Opony/Opony rolnicze i przemysłowe/Pozostałe;Petlas;;1.0000;;https://static.abstore.pl/img/grasdorf/1f93404c-0d0f-4dfd-809d-288bde9913c7/l/komplet-kol-do-ciagnika-nh-boomer-.jpg,https://static.abstore.pl/img/grasdorf/557aff95-7327-494b-a75b-5eeb17a1e345/l/komplet-kol-do-ciagnika-nh-boomer-.jpg,https://static.abstore.pl/img/grasdorf/ed738959-743f-4c56-9b4c-505eae68ee5f/l/komplet-kol-do-ciagnika-nh-boomer-.jpg,https://static.abstore.pl/img/grasdorf/c9502649-a081-4e73-9ddf-52071d41cc3f/l/komplet-kol-do-ciagnika-nh-boomer-.jpg,https://static.abstore.pl/img/grasdorf/a9b76d82-289f-4905-920b-62b3c8433621/l/komplet-kol-do-ciagnika-nh-boomer-.jpg;demo;;Radialna;Bezdętkowa (TL);;;;;;36;3607024PET1024;3607024PET1024;
6953;9722;6973033769210;2495014joup3326;Opona 24x9.50-14 Journey P332 6PR TL;;;230.00;230.00;282.90;282.90;23;23.00;PLN;Opony/Opony rolnicze i przemysłowe/Pozostałe;Journey;;6.0000;;https://static.abstore.pl/img/grasdorf/e6fc3365-880c-4fe1-88b7-ec26350432b8/l/opona-24x9-50-14-journey-p332-6pr-tl.png;nowa;;Diagonalna;Bezdętkowa (TL);;6 PR;Opona rolnicza;;;14;249514joup3326;2495014joup3326;
7735;10649;;1034e664;Felga 10x34 8/275/221/ET-225 Grasdorf;E664;;3580.00;3580.00;4403.40;4403.40;23;23.00;PLN;Felgi;Grasdorf;;2.0000;;https://static.abstore.pl/img/grasdorf/3da38896-0e41-4c85-aaae-d671067a8120/l/felga-10x34-8%252F275%252F221%252Fet-225-grasdorf.jpg,https://static.abstore.pl/img/grasdorf/4be74d4b-4a7d-4adf-9813-3a9c77c43952/l/felga-10x34-8%252F275%252F221%252Fet-225-grasdorf.jpg,https://static.abstore.pl/img/grasdorf/1ee538ad-2e71-431d-9714-ae482dd2f0bf/l/felga-10x34-8%252F275%252F221%252Fet-225-grasdorf.jpg;nowa;;;;;;;;;34;3410;1034e664;
7718;10621;;7105534trdemo;Opona 710/55R34 Trelleborg TM 900 HP;demo 164D/161E TL;;7200.00;7200.00;8856.00;8856.00;23;23.00;PLN;Opony/Opony rolnicze i przemysłowe/Opony Trelleborg;Trelleborg;;1.0000;;https://static.abstore.pl/img/grasdorf/dd1949c3-558a-4d95-baee-06dabb48f183/l/opona-710%252F55r34-trelleborg-tm-900-hp.jpg,https://static.abstore.pl/img/grasdorf/09bb0c1a-2b90-419f-a5b4-8526c30fdf1b/l/opona-710%252F55r34-trelleborg-tm-900-hp.jpg,https://static.abstore.pl/img/grasdorf/a23fc03a-fd66-4421-bbe1-32721202b3d2/l/opona-710%252F55r34-trelleborg-tm-900-hp.jpg,https://static.abstore.pl/img/grasdorf/5e7f5a9c-a7a0-43a7-b85d-84894956e6fc/l/opona-710%252F55r34-trelleborg-tm-900-hp.jpg,https://static.abstore.pl/img/grasdorf/82543d2c-3fac-4517-9045-0ddf595701f2/l/opona-710%252F55r34-trelleborg-tm-900-hp.jpg,https://static.abstore.pl/img/grasdorf/2e0ac587-99d5-42f7-8f52-55deadf8c9fe/l/opona-710%252F55r34-trelleborg-tm-900-hp.jpg;pokazowa;;Radialna;Bezdętkowa (TL);164D/161E (5000 km/h przy 65 km/h);;Opona rolnicza;710/55;;34;3858;7105534trdemo;
7740;10662;;1246e668;Felga 12x46 8/275/221/ET-92 E668 używana;Fendt;;2610.00;2610.00;3210.30;3210.30;23;23.00;PLN;Felgi;;;2.0000;;https://static.abstore.pl/img/grasdorf/8161afd2-6e72-4dbd-b163-83712792c555/l/felga-12x46-8%252F275%252F221%252Fet-92-e668-uzywana.jpg,https://static.abstore.pl/img/grasdorf/958d3bf5-f848-4b0f-ae15-be7c57259b6d/l/felga-12x46-8%252F275%252F221%252Fet-92-e668-uzywana.jpg,https://static.abstore.pl/img/grasdorf/212eca8a-9c63-468c-a4b6-4e10937aadbb/l/felga-12x46-8%252F275%252F221%252Fet-92-e668-uzywana.jpg;używana;;;;;;;;;46;4612;1246e668;
7738;10660;;20265m39306;Felga 20x26.5 8/275/221/ET-100 Mefro;39306;;1590.00;1590.00;1955.70;1955.70;23;23.00;PLN;Felgi;Mefro;;4.0000;;https://static.abstore.pl/img/grasdorf/066966fd-a1a8-49b9-b058-831886362457/l/felga-20x26-5-8%252F275%252F221%252Fet-100-mefro.jpg,https://static.abstore.pl/img/grasdorf/de9cd874-ee85-4fcd-a40b-9205f11db0bd/l/felga-20x26-5-8%252F275%252F221%252Fet-100-mefro.jpg,https://static.abstore.pl/img/grasdorf/b7a291f0-0b17-44fd-a678-510e055d7294/l/felga-20x26-5-8%252F275%252F221%252Fet-100-mefro.jpg;nowa;;;;;;;;;26.5;2000265;20265m39306;
6619;9219;;1630e55;Felga 16x30 10/335/281/regulowana E55 JD;;;2710.00;2710.00;3333.30;3333.30;23;23.00;PLN;Felgi;;;2.0000;;https://static.abstore.pl/img/grasdorf/6b0fa173-749f-407d-a314-05f5ff5a1822/l/felga-16x30-10%252F335%252F281%252Fregulowana-e55-jd.jpg,https://static.abstore.pl/img/grasdorf/afbbe3ba-9290-4379-91a2-89d05b9dc69b/l/felga-16x30-10%252F335%252F281%252Fregulowana-e55-jd.jpg,https://static.abstore.pl/img/grasdorf/d8f061c0-7871-42e2-be52-a06c05b0d239/l/felga-16x30-10%252F335%252F281%252Fregulowana-e55-jd.jpg;nowa;;;;;;;;;30;3016;1630e55;
6748;9423;;9520k2709536bkt;Komplet kół używanych do ciągnika Kubota;L 1501: 9.5R20 + 270/95R36 BKT;;16380.00;9700.00;20147.40;11931.00;23;23.00;PLN;Opony/Opony rolnicze i przemysłowe/Pozostałe;Grasdorf;;1.0000;;https://static.abstore.pl/img/grasdorf/d7f6fb10-28b2-46a8-951c-daac4154a6e4/l/komplet-kol-uzywanych-do-ciagnika-kubota.jpg,https://static.abstore.pl/img/grasdorf/0d17488c-5b87-49e7-bb58-858b9e9a25f8/l/komplet-kol-uzywanych-do-ciagnika-kubota.jpg,https://static.abstore.pl/img/grasdorf/efaa71bc-dc4e-47f6-8886-58291f0c7175/l/komplet-kol-uzywanych-do-ciagnika-kubota.jpg,https://static.abstore.pl/img/grasdorf/a3c96bd4-519f-4633-bead-f2fdc11b6ae0/l/komplet-kol-uzywanych-do-ciagnika-kubota.jpg,https://static.abstore.pl/img/grasdorf/bb802fb0-b17d-4158-9a3d-50a4f6e19211/l/komplet-kol-uzywanych-do-ciagnika-kubota.jpg,https://static.abstore.pl/img/grasdorf/9ebc2023-5101-4d3f-9067-11b6a008e682/l/komplet-kol-uzywanych-do-ciagnika-kubota.jpg,https://static.abstore.pl/img/grasdorf/ffd86b83-864b-4e56-bf9a-9917786bf906/l/komplet-kol-uzywanych-do-ciagnika-kubota.jpg,https://static.abstore.pl/img/grasdorf/708783eb-fe45-4cfc-8c49-57d4dedad524/l/komplet-kol-uzywanych-do-ciagnika-kubota.jpg,https://static.abstore.pl/img/grasdorf/be0696ad-1295-4fce-9c35-69674fcf91a9/l/komplet-kol-uzywanych-do-ciagnika-kubota.jpg,https://static.abstore.pl/img/grasdorf/258d3f64-37be-46c9-9971-3a802586004f/l/komplet-kol-uzywanych-do-ciagnika-kubota.jpg;demo;;Radialna;Bezdętkowa (TL);;;;;;;000952;9520k2709536bkt;
7743;10667;;1524e670;Felga 15x24 8/275/221/ET-38 E670 demo;Fendt;;1830.00;1830.00;2250.90;2250.90;23;23.00;PLN;Felgi;;;2.0000;;https://static.abstore.pl/img/grasdorf/346f66cb-5ac3-47b6-9885-7f453f0e2fac/l/felga-15x24-8%252F275%252F221%252Fet-38-e670-demo.jpg,https://static.abstore.pl/img/grasdorf/6ea9c57e-4065-4197-9230-ba7ac9499c2d/l/felga-15x24-8%252F275%252F221%252Fet-38-e670-demo.jpg,https://static.abstore.pl/img/grasdorf/b2acddf6-f375-49cb-bd8e-aab688efd0f7/l/felga-15x24-8%252F275%252F221%252Fet-38-e670-demo.jpg;demo;;;;;;;;;24;2415;1524e670;
7742;10666;;1834e672;Felga 18x34 8/275/221/ET-42 E672 demo;Fendt;;2200.00;2200.00;2706.00;2706.00;23;23.00;PLN;Felgi;;;2.0000;;https://static.abstore.pl/img/grasdorf/8b46ba67-2d76-4f52-9b7e-bcc98fa1d4c4/l/felga-18x34-8%252F275%252F221%252Fet-42-e672-demo.jpg,https://static.abstore.pl/img/grasdorf/cf675a24-7c43-400f-9936-542ec45095e3/l/felga-18x34-8%252F275%252F221%252Fet-42-e672-demo.jpg,https://static.abstore.pl/img/grasdorf/cb8347a6-4677-483b-b4ff-f6c56463f350/l/felga-18x34-8%252F275%252F221%252Fet-42-e672-demo.jpg;demo;;;;;;;;;34;001822;1834e672;
7747;10603;;1175225lead122401;Felga 11.75x22.5 10/335/281/ET+135 Lead;122401;;470.00;470.00;578.10;578.10;23;23.00;PLN;Felgi;Lead;;1.0000;;https://static.abstore.pl/img/grasdorf/76f7b815-2504-4aa5-9a86-e981282590f0/l/felga-11-75x22-5-10%252F335%252F281%252Fet-135-lead.jpg,https://static.abstore.pl/img/grasdorf/bde7e083-fb72-447b-9351-19123383042f/l/felga-11-75x22-5-10%252F335%252F281%252Fet-135-lead.jpg,https://static.abstore.pl/img/grasdorf/8141d450-6f37-45c2-89df-a869c189c069/l/felga-11-75x22-5-10%252F335%252F281%252Fet-135-lead.jpg;nowa;;;;;;;;;22.5;2251175;1175225lead122401;
6852;9592;;6007034bktvf;Opona VF600/70R34 BKT Agrimax V-Flecto;170D TL;;5770.00;5770.00;7097.10;7097.10;23;23.00;PLN;Opony/Opony rolnicze i przemysłowe/Opony BKT;BKT;;2.0000;;https://static.abstore.pl/img/grasdorf/b93a0171-8e5a-461f-ac8e-c647c5f48bd5/l/opona-vf600%252F70r34-bkt-agrimax-v-flecto.jpg;nowa;;Radialna;Bezdętkowa (TL);170D (6000 kg przy 65 km/h);;Opona rolnicza;600/70;;34;003696;6007034bktvf;
6565;5850;;L001029;ŁĄCZNIK W10x48/38/48x750;;;2113.43;2113.43;2599.52;2599.52;23;23.00;PLN;;;;2.0000;;;;;;;;;;;;;1104;L001029;
7078;9932;;1175225ako;Felga 11.75x22.5 8/275/221/ ET0 Akojant;112261206;;470.00;470.00;578.10;578.10;23;23.00;PLN;Felgi;Akojant;;4.0000;;https://static.abstore.pl/img/grasdorf/205ec0f8-2582-4d5b-8abc-930f25f73336/l/felga-11-75x22-5-8%252F275%252F221%252F-et0-akojant.jpg,https://static.abstore.pl/img/grasdorf/ea2d600c-48db-447e-aae3-ee1b0d540fc0/l/felga-11-75x22-5-8%252F275%252F221%252F-et0-akojant.jpg,https://static.abstore.pl/img/grasdorf/6dcade07-2fb4-488d-ba16-60765f36eabe/l/felga-11-75x22-5-8%252F275%252F221%252F-et0-akojant.jpg;nowa;;;;;;;;;22.5;2251175;1175225ako;
7081;9936;;5518e518;Felga 5.5x18 6/205/161/ET+16 E518 demo;MF;;700.00;700.00;861.00;861.00;23;23.00;PLN;Felgi;;;2.0000;;https://static.abstore.pl/img/grasdorf/8895aff3-f714-4510-b3cc-035fcc90a0ec/l/felga-5-5x18-6%252F205%252F161%252Fet-16-e518-demo.jpg,https://static.abstore.pl/img/grasdorf/53d8924b-c079-4b93-bebe-030a8cca4862/l/felga-5-5x18-6%252F205%252F161%252Fet-16-e518-demo.jpg,https://static.abstore.pl/img/grasdorf/2aeebdec-8aeb-495e-b9b7-cf9e61aecd7b/l/felga-5-5x18-6%252F205%252F161%252Fet-16-e518-demo.jpg;demo;;;;;;;;;18;55018e518;5518e518;
7084;9938;;md2015;Nakrętka MD M20x1,5;;;105.00;105.00;129.15;129.15;23;23.00;PLN;Łączniki kół bliźniaczych;Starco;;8.0000;;;nowa;;;;;;;;;;001143;md2015;
7753;10706;;2042e674;Felga 20x42 8/275/221/ET-104 E674 demo;JD;;2890.00;2890.00;3554.70;3554.70;23;23.00;PLN;Felgi;;;2.0000;;https://static.abstore.pl/img/grasdorf/cc55c1f4-a8fc-4396-9d34-6829ff606141/l/felga-20x42-8%252F275%252F221%252Fet-104-e674-demo.jpg,https://static.abstore.pl/img/grasdorf/ff92e912-1158-499f-beff-6ccf8a7cbf36/l/felga-20x42-8%252F275%252F221%252Fet-104-e674-demo.jpg,https://static.abstore.pl/img/grasdorf/d4d1240a-dfef-465d-81a8-b21fddf34331/l/felga-20x42-8%252F275%252F221%252Fet-104-e674-demo.jpg;demo;;;;;;;;;42;4220;2042e674;
7444;10380;;80070R32BKTPH187D;Opona VF800/70R32 BKT AgrimaxProHarvest;187D TL;;10450.00;9520.00;12853.50;11709.60;23;23.00;PLN;Opony/Opony rolnicze i przemysłowe/Opony BKT;BKT;;2.0000;;https://static.abstore.pl/img/grasdorf/2a8bbcb3-3fea-4609-b7c6-cb5b008c3189/l/opona-vf800%252F70r32-bkt-agrimaxproharvest.jpg;nowa;;Radialna;Bezdętkowa (TL);187D (9750 kg przy 65 km/h);;Opona rolnicza;800/70;;32;;80070R32BKTPH187D;
7431;10177;8903635066538;34085R46AAIIRC150D14;Opona 340/85R46 Alliance AGRISTAR II RC;150D/147E TL;;2820.00;2820.00;3468.60;3468.60;23;23.00;PLN;Opony/Opony rolnicze i przemysłowe/Opony Alliance;Alliance;;4.0000;;https://static.abstore.pl/img/grasdorf/403a10a7-db9b-4a72-a86b-225d03654962/l/opona-340%252F85r46-alliance-agristar-ii-rc.png;nowa;;Radialna;Bezdętkowa (TL);150D/147E (3350 kg przy 65 km/h);;Opona rolnicza;13.6 (340/85, 340/90);;46;13646a;34085R46AAIIRC150D14;
6746;9421;8059971034035;9006042TR1000ptdemo;Opona VF900/60R42 Trelleborg TM 1000 PT;demo 189D/186E TL;;23950.00;18950.00;29458.50;23308.50;23;23.00;PLN;Opony/Opony rolnicze i przemysłowe/Opony Trelleborg;Trelleborg;;2.0000;;;pokazowa;;Radialna;Bezdętkowa (TL);189D/186E (10300 kg przy 65 km/h);;Opona rolnicza;900/60;;42;3645;9006042TR1000ptdemo;
7754;10673;;10512s74224;Felga 10.5x12 4/100/60/ET-20 Starco;czarna 74224;;690.00;690.00;848.70;848.70;23;23.00;PLN;Felgi;Starco;;12.0000;;https://static.abstore.pl/img/grasdorf/604eaf42-71fe-42da-a7a6-33ed3da19ca8/l/felga-10-5x12-4%252F100%252F60%252Fet-20-starco.jpg,https://static.abstore.pl/img/grasdorf/05a0a15c-7c9c-4331-b110-40cf092baa3c/l/felga-10-5x12-4%252F100%252F60%252Fet-20-starco.jpg;nowa;;;;;;;;;12;12105;10512s74224;
7755;10674;;10512s74225;Felga 10.5x12 4/130/85/ET-53 Starco;srebrna 74225;;640.00;640.00;787.20;787.20;23;23.00;PLN;Felgi;Starco;;8.0000;;https://static.abstore.pl/img/grasdorf/4fe61d11-ee91-4700-9555-d1ce21e62a15/l/felga-10-5x12-4%252F130%252F85%252Fet-53-starco.jpg,https://static.abstore.pl/img/grasdorf/1b7c674f-b327-4063-9542-4310cb6eb8b7/l/felga-10-5x12-4%252F130%252F85%252Fet-53-starco.jpg;nowa;;;;;;;;;12;105012;10512s74225;
7759;10678;;1315s74230;Felga 13x15 6/205/161/ET-37 Starco;srebrna 74230;;690.00;690.00;848.70;848.70;23;23.00;PLN;Felgi;Starco;;2.0000;;https://static.abstore.pl/img/grasdorf/561b1942-d4c4-487f-8d5d-b609c5b049c8/l/felga-13x15-6%252F205%252F161%252Fet-37-starco.jpg,https://static.abstore.pl/img/grasdorf/6713e922-a467-4df1-9b15-19bccc77821b/l/felga-13x15-6%252F205%252F161%252Fet-37-starco.jpg,https://static.abstore.pl/img/grasdorf/5647f5b1-3de3-46c9-be3d-2922a1acdfa1/l/felga-13x15-6%252F205%252F161%252Fet-37-starco.jpg;nowa;;;;;;;;;15;1513;1315s74230;
7757;10676;;1315s74228;Felga 13x15 5/112/67/ET-50 Starco;srebrna 74228;;690.00;690.00;848.70;848.70;23;23.00;PLN;Felgi;Starco-;;12.0000;;https://static.abstore.pl/img/grasdorf/c4c364e8-3ebf-497d-abbc-c78d91d4b8ca/l/felga-13x15-5%252F112%252F67%252Fet-50-starco.jpg,https://static.abstore.pl/img/grasdorf/0849810e-6075-4c84-82b0-5c7ccfd63005/l/felga-13x15-5%252F112%252F67%252Fet-50-starco.jpg,https://static.abstore.pl/img/grasdorf/d4945118-c303-486a-aa52-ef1b182501d0/l/felga-13x15-5%252F112%252F67%252Fet-50-starco.jpg;nowa;;;;;;;;;15;1513;1315s74228;
7765;10685;;1320s74236;Felga 13x20 8/275/221/ET60 Starco;pomarańczowa 74236;;1250.00;1250.00;1537.50;1537.50;23;23.00;PLN;Felgi;Starco;;4.0000;;https://static.abstore.pl/img/grasdorf/7c4adb14-7ed7-4875-9ed6-19d387250a12/l/felga-13x20-8%252F275%252F221%252Fet60-starco.jpg,https://static.abstore.pl/img/grasdorf/5f91d0f5-22c2-4595-9a67-1e7b8895f9e6/l/felga-13x20-8%252F275%252F221%252Fet60-starco.jpg,https://static.abstore.pl/img/grasdorf/bd5a9154-dfa3-41b4-b3c5-18338cb1b57d/l/felga-13x20-8%252F275%252F221%252Fet60-starco.jpg;nowa;;;;;;;;;20;2013;1320s74236;
7756;10675;;10512s74227;Felga 10.5x12 6/120/80/ET-50 Starco;srebrna 74227;;610.00;610.00;750.30;750.30;23;23.00;PLN;Felgi;Starco;;8.0000;;https://static.abstore.pl/img/grasdorf/08297fa4-148f-4748-944b-2fc89509a594/l/felga-10-5x12-6%252F120%252F80%252Fet-50-starco.jpg,https://static.abstore.pl/img/grasdorf/c4aa4097-6e00-4123-a27a-ecd1398357fa/l/felga-10-5x12-6%252F120%252F80%252Fet-50-starco.jpg,https://static.abstore.pl/img/grasdorf/81c3d5d1-be8c-4806-917e-1726863ea3a5/l/felga-10-5x12-6%252F120%252F80%252Fet-50-starco.jpg;nowa;;;;;;;;;12;105012;10512s74227;
7764;10684;;9153s74235;Felga 9x15.3 5/140/94/ET0 Starco;pomarańczowa 74235;;620.00;620.00;762.60;762.60;23;23.00;PLN;Felgi;Starco;;12.0000;;https://static.abstore.pl/img/grasdorf/a5f9c477-5b82-4714-906e-0296980cba9b/l/felga-9x15-3-5%252F140%252F94%252Fet0-starco.jpg,https://static.abstore.pl/img/grasdorf/588402cd-a137-4c36-a41c-1ad44ec19b03/l/felga-9x15-3-5%252F140%252F94%252Fet0-starco.jpg,https://static.abstore.pl/img/grasdorf/652dd395-9c0c-4142-bbcc-b1e8baf4498b/l/felga-9x15-3-5%252F140%252F94%252Fet0-starco.jpg;nowa;;;;;;;;;15.3;1539;9153s74235;
7766;10686;;920s74237;Felga 9x20 6/152/114,5/ET-45 Starco;pomarańczowa 74237;;1140.00;1140.00;1402.20;1402.20;23;23.00;PLN;Felgi;Starco;;10.0000;;https://static.abstore.pl/img/grasdorf/b03dd917-b39f-4437-a66f-20f6518d30e4/l/felga-9x20-6%252F152%252F114-5%252Fet-45-starco.jpg,https://static.abstore.pl/img/grasdorf/fcd93c21-6bfb-4f1a-be6d-c79c5cf29a96/l/felga-9x20-6%252F152%252F114-5%252Fet-45-starco.jpg,https://static.abstore.pl/img/grasdorf/fdab0637-2c2a-4d58-a858-457ffa008d2e/l/felga-9x20-6%252F152%252F114-5%252Fet-45-starco.jpg;nowa;;;;;;;;;20;209;920s74237;
7763;10683;;714s74234;Felga 7x14 6/152,4/117,8/ET-16 Starco;biała 74234;;850.00;850.00;1045.50;1045.50;23;23.00;PLN;Felgi;Starco;;8.0000;;https://static.abstore.pl/img/grasdorf/ebe4b6ae-a3f7-4c00-b1b7-ea8ad0cc6a91/l/felga-7x14-6%252F152-4%252F117-8%252Fet-16-starco.jpg,https://static.abstore.pl/img/grasdorf/e8d6c399-d666-42f3-9e65-282ad0a4a6ce/l/felga-7x14-6%252F152-4%252F117-8%252Fet-16-starco.jpg,https://static.abstore.pl/img/grasdorf/5eda0967-8d04-4bac-94a3-2b47057a2ef0/l/felga-7x14-6%252F152-4%252F117-8%252Fet-16-starco.jpg;nowa;;;;;;;;;14;147;714s74234;
7760;10672;;918s74223;Felga 9x18 6/152,4/117,4/ET-5 Starco;pomarańczowa 74223;;790.00;790.00;971.70;971.70;23;23.00;PLN;Felgi;Starco;;12.0000;;https://static.abstore.pl/img/grasdorf/0e320684-148f-4722-9542-8015fd72ee93/l/felga-9x18-6%252F152-4%252F117-4%252Fet-5-starco.jpg,https://static.abstore.pl/img/grasdorf/809345de-4885-474f-810a-612741c20853/l/felga-9x18-6%252F152-4%252F117-4%252Fet-5-starco.jpg,https://static.abstore.pl/img/grasdorf/00a89a9b-3f74-4ac7-b008-614373324ae8/l/felga-9x18-6%252F152-4%252F117-4%252Fet-5-starco.jpg;nowa;;;;;;;;;18;189;918s74223;
7769;10714;;4207028mthcdemo;Opona 420/70R28 Mitas HC 70 demo;133D/136A8 TL;;2390.00;2010.00;2939.70;2472.30;23;23.00;PLN;Opony/Opony rolnicze i przemysłowe/Opony Mitas;Mitas;;1.0000;;https://static.abstore.pl/img/grasdorf/c0c682d4-d4d1-41a5-94b8-26281ec7c10f/l/opona-420%252F70r28-mitas-hc-70-demo.jpg,https://static.abstore.pl/img/grasdorf/a3437dc9-e012-4e84-be58-25869b26e127/l/opona-420%252F70r28-mitas-hc-70-demo.jpg,https://static.abstore.pl/img/grasdorf/796436d3-c10b-44d9-b089-ea548e1bf17f/l/opona-420%252F70r28-mitas-hc-70-demo.jpg,https://static.abstore.pl/img/grasdorf/f8fe6c58-52fc-44ea-8897-6158886292d1/l/opona-420%252F70r28-mitas-hc-70-demo.jpg,https://static.abstore.pl/img/grasdorf/1f6a5c5b-b55c-43aa-a839-1f466e127abc/l/opona-420%252F70r28-mitas-hc-70-demo.jpg,https://static.abstore.pl/img/grasdorf/874b63bb-ae4c-4aef-a956-b30c64a0e99d/l/opona-420%252F70r28-mitas-hc-70-demo.jpg,https://static.abstore.pl/img/grasdorf/78573ce1-9545-486b-a5f7-6ce269ed9ba9/l/opona-420%252F70r28-mitas-hc-70-demo.jpg,https://static.abstore.pl/img/grasdorf/9fa819cb-4bc6-401c-96a9-7f102411c3df/l/opona-420%252F70r28-mitas-hc-70-demo.jpg;pokazowa;;Radialna;Bezdętkowa (TL);133D/136A8 (2240 kg przy 40 km/h);;Opona rolnicza;420/70;;28;003889;4207028mthcdemo;
7762;10680;;712s74232;Felga 7x12 5/112/67/ET10 Kenda srebrna;74232 (73777);;450.00;450.00;553.50;553.50;23;23.00;PLN;Felgi;Kenda;;11.0000;;https://static.abstore.pl/img/grasdorf/4caa7295-b416-495f-b646-5f1ba2cd81eb/l/felga-7x12-5%252F112%252F67%252Fet10-kenda-srebrna.jpg,https://static.abstore.pl/img/grasdorf/b6098de8-28ee-428c-ade3-c02e39e0140e/l/felga-7x12-5%252F112%252F67%252Fet10-kenda-srebrna.jpg,https://static.abstore.pl/img/grasdorf/e0327fa4-0023-47b9-883c-2cc8d7cb2558/l/felga-7x12-5%252F112%252F67%252Fet10-kenda-srebrna.jpg;nowa;;;;;;;;;12;127;712s74232;
7768;10712;;1046e676;Felga 10x46 8/203,2/150,1/ET-60 E676;Claas używana;;2700.00;2700.00;3321.00;3321.00;23;23.00;PLN;Felgi;NDI;;2.0000;;https://static.abstore.pl/img/grasdorf/8074abe3-e333-4ad6-ae30-28354f275e3d/l/felga-10x46-8%252F203-2%252F150-1%252Fet-60-e676.jpg,https://static.abstore.pl/img/grasdorf/51bcb3a8-deac-40fa-bc46-201a6c8be362/l/felga-10x46-8%252F203-2%252F150-1%252Fet-60-e676.jpg,https://static.abstore.pl/img/grasdorf/86423193-b40a-461f-8c97-0ad771ed6274/l/felga-10x46-8%252F203-2%252F150-1%252Fet-60-e676.jpg;używana;;;;;;;;;46;4610;1046e676;
7761;10679;;42512s74231;Felga 4.25x12 6/152,4/117,8/ET13 Starco;biała 74231;;480.00;480.00;590.40;590.40;23;23.00;PLN;Felgi;Starco;;10.0000;;https://static.abstore.pl/img/grasdorf/e021320b-66ad-49c1-a3ac-b5e9687d8ca2/l/felga-4-25x12-6%252F152-4%252F117-8%252Fet13-starco.jpg,https://static.abstore.pl/img/grasdorf/df46b5bf-bcf5-4e61-ad51-8b24ee49b43e/l/felga-4-25x12-6%252F152-4%252F117-8%252Fet13-starco.jpg,https://static.abstore.pl/img/grasdorf/d54e26e9-3c15-48f2-a667-d21438eb77ef/l/felga-4-25x12-6%252F152-4%252F117-8%252Fet13-starco.jpg;nowa;;;;;;;;;12;12425;42512s74231;
7770;10716;;1428e678;Felga 14x28 8/275/221/regulowana E678;demo Valtra;;2080.00;2080.00;2558.40;2558.40;23;23.00;PLN;Felgi;;;2.0000;;https://static.abstore.pl/img/grasdorf/c419de51-938c-49ce-a153-3d82896d3f80/l/felga-14x28-8%252F275%252F221%252Fregulowana-e678.jpg,https://static.abstore.pl/img/grasdorf/bc6bc434-f2ac-40ce-8022-7ee62b0e3018/l/felga-14x28-8%252F275%252F221%252Fregulowana-e678.jpg,https://static.abstore.pl/img/grasdorf/3a06a05f-69eb-485b-9ce4-4089a7568b51/l/felga-14x28-8%252F275%252F221%252Fregulowana-e678.jpg;demo;;;;;;;;;28;2814;1428e678;
7420;10133;8903635066484;27095R42AAIIRC140D13;Opona 270/95R42 Alliance AGRISTAR II RC;140D/137E TL (11.2R42);;1970.00;1970.00;2423.10;2423.10;23;23.00;PLN;Opony/Opony rolnicze i przemysłowe/Opony Alliance;Alliance;;2.0000;;https://static.abstore.pl/img/grasdorf/0f39907c-dbdf-4fa0-bc31-c995ec686ac4/l/opona-270%252F95r42-alliance-agristar-ii-rc.png;nowa;;Radialna;Bezdętkowa (TL);140D/137E (2500 kg przy 65 km/h);;Opona rolnicza;11.2 (270/95, 280/85);;42;11242a;27095R42AAIIRC140D13;
6822;9488;;38565225Kabat;Opona 385/65R22.5 Kabat TRY1 160F 18PR;TL;;770.00;770.00;947.10;947.10;23;23.00;PLN;Opony/Opony rolnicze i przemysłowe/Pozostałe;Kabat;;2.0000;;https://static.abstore.pl/img/grasdorf/6fad0aa9-b75b-4901-806f-508b8af8cc12/l/opona-385%252F65r22-5-kabat-try1-160f-18pr.png;nowa;;Radialna;Bezdętkowa (TL);160F;;Opona rolnicza;385/65;;22.5;003666;38565225Kabat;
6836;7643;4251325496252;18195ctmr416;Opona 18-19.5 Camso TM R4 16PR TL;;;2630.00;2360.00;3234.90;2902.80;23;23.00;PLN;Opony/Opony rolnicze i przemysłowe/Pozostałe;Camso;;1.0000;;https://static.abstore.pl/img/grasdorf/0c43107a-b07f-427e-850a-adf2171cbfda/l/opona-18-19-5-camso-tm-r4-16pr-tl.png;nowa;;Diagonalna;Bezdętkowa (TL);;16 PR;Opona przemysłowa/komunalna;18;;19.5;3398;18195ctmr416;
7405;10482;;65065R34BKTlecto170D;Opona VF650/65R34 BKT Agrimax V-Flecto;170D TL;;6390.00;6390.00;7859.70;7859.70;23;23.00;PLN;Opony/Opony rolnicze i przemysłowe/Opony BKT;BKT;;2.0000;;https://static.abstore.pl/img/grasdorf/0e4bb7fe-8cb8-463f-ab9a-629a74766ef9/l/opona-vf650%252F65r34-bkt-agrimax-v-flecto.jpg;nowa;;Radialna;Bezdętkowa (TL);170D (6000 kg przy 65 km/h);;Opona rolnicza;650/65;;34;;65065R34BKTlecto170D;
7824;10872;;2030e707;Felga 20x30 10/335/281/ET+81 E707 demo;Claas;;2280.00;2280.00;2804.40;2804.40;23;23.00;PLN;Felgi;;;2.0000;;https://static.abstore.pl/img/grasdorf/2d5b5a30-a49d-452e-b400-3ee1b06887f5/l/felga-20x30-10%252F335%252F281%252Fet-81-e707-demo.jpg,https://static.abstore.pl/img/grasdorf/04a6cec6-4ee9-417e-a9b8-4e8f263ac803/l/felga-20x30-10%252F335%252F281%252Fet-81-e707-demo.jpg,https://static.abstore.pl/img/grasdorf/863c9566-33c8-4c8a-9749-908a4e6508d6/l/felga-20x30-10%252F335%252F281%252Fet-81-e707-demo.jpg;demo;;;;;;;;;30;3020;2030e707;
7823;10871;;1530e705;Felga 15x30 8/203,2/152,6/regulowana;E705 demo Zetor Major;;1210.00;1210.00;1488.30;1488.30;23;23.00;PLN;Felgi;;;2.0000;;https://static.abstore.pl/img/grasdorf/ff48f2ee-ecf4-44bb-adc1-ff454e2ee4e6/l/felga-15x30-8%252F203-2%252F152-6%252Fregulowana.jpg,https://static.abstore.pl/img/grasdorf/cbfdebd2-1804-4a9c-85d4-b38ed6e71370/l/felga-15x30-8%252F203-2%252F152-6%252Fregulowana.jpg,https://static.abstore.pl/img/grasdorf/dba3d8e5-de09-4667-9953-7537302bdaf9/l/felga-15x30-8%252F203-2%252F152-6%252Fregulowana.jpg,https://static.abstore.pl/img/grasdorf/3d3d0a60-6144-444a-a716-386429d02db9/l/felga-15x30-8%252F203-2%252F152-6%252Fregulowana.jpg;demo;;;;;;;;;30;3015;1530e705;
7826;10874;;1530e711;Felga 15x30 8/203,2/152,6/regulowana;E711 demo JD;;1210.00;1210.00;1488.30;1488.30;23;23.00;PLN;Felgi;;;2.0000;;https://static.abstore.pl/img/grasdorf/6133d715-b253-427d-adfa-aff4f851fab8/l/felga-15x30-8%252F203-2%252F152-6%252Fregulowana.jpg,https://static.abstore.pl/img/grasdorf/26768e70-96e6-476a-9dc6-daa75f19ef01/l/felga-15x30-8%252F203-2%252F152-6%252Fregulowana.jpg,https://static.abstore.pl/img/grasdorf/f82ab76b-2536-4fb4-aec7-b78a1bf0ccbb/l/felga-15x30-8%252F203-2%252F152-6%252Fregulowana.jpg;demo;;;;;;;;;30;3015;1530e711;
7825;10873;;1024e709;Felga 10x24 8/275/221/regulowana E709;demo JD;;1280.00;1280.00;1574.40;1574.40;23;23.00;PLN;Felgi;;;2.0000;;https://static.abstore.pl/img/grasdorf/faf4f230-71d6-477b-8066-f0ebe65be638/l/felga-10x24-8%252F275%252F221%252Fregulowana-e709.jpg,https://static.abstore.pl/img/grasdorf/01f5378f-27eb-472d-b046-263da55a306f/l/felga-10x24-8%252F275%252F221%252Fregulowana-e709.jpg,https://static.abstore.pl/img/grasdorf/b84ec240-8218-48eb-abdf-3b4da3dd5970/l/felga-10x24-8%252F275%252F221%252Fregulowana-e709.jpg;demo;;;;;;;;;24;2410;1024e709;
7655;10534;8059971019247;4208528Maximo;Opona 420/85R28 Maximo Radial 85;139A8/136B TL (16.9R28);;2000.00;1560.00;2460.00;1918.80;23;23.00;PLN;Opony/Opony rolnicze i przemysłowe/Pozostałe;Maximo;;2.0000;;https://static.abstore.pl/img/grasdorf/0c11c441-b52c-4225-95a2-d78af32dbf2b/l/opona-420%252F85r28-maximo-radial-85.jpg;nowa;;Radialna;Bezdętkowa (TL);139A8/136B (2430 kg przy 40 km/h);;Opona rolnicza;16.9 (420/85, 420/80, 440/80);;28;16928Maximo;4208528Maximo;
7692;10571;8059971019377;4406528Maximo;Opona 440/65R28 Maximo Radial 65 131D TL;;;2010.00;1570.00;2472.30;1931.10;23;23.00;PLN;Opony/Opony rolnicze i przemysłowe/Pozostałe;Maximo;;2.0000;;https://static.abstore.pl/img/grasdorf/d971ced2-775a-4885-80c5-3416bb617fdb/l/opona-440%252F65r28-maximo-radial-65-131d-tl.jpg;nowa;;Radialna;Bezdętkowa (TL);131D (1950 kg przy 65 km/h);;Opona rolnicza;440/65;;28;4406528Maximo;4406528Maximo;
7686;10565;8059971019285;5406530Maximo;Opona 540/65R30 Maximo Radial 65 143D TL;;;3130.00;2390.00;3849.90;2939.70;23;23.00;PLN;Opony/Opony rolnicze i przemysłowe/Pozostałe;Maximo;;2.0000;;https://static.abstore.pl/img/grasdorf/40bea034-6d81-44c7-b2b0-5d6485214659/l/opona-540%252F65r30-maximo-radial-65-143d-tl.jpg;nowa;;Radialna;Bezdętkowa (TL);143D (2725 kg przy 65 km/h);;Opona rolnicza;540/65;;30;5406530Maximo;5406530Maximo;
7654;10533;8059971024579;4208530Maximo;Opona 420/85R30 Maximo Radial 85;140A8/137B TL (16.9R30);;2200.00;1720.00;2706.00;2115.60;23;23.00;PLN;Opony/Opony rolnicze i przemysłowe/Pozostałe;Maximo;;2.0000;;https://static.abstore.pl/img/grasdorf/13908191-4d38-404b-bc82-395b26f8686b/l/opona-420%252F85r30-maximo-radial-85.jpg;nowa;;Radialna;Bezdętkowa (TL);140A8/137B (2500 kg przy 40 km/h);;Opona rolnicza;16.9 (420/85, 420/80, 440/80);;30;16930Maximol;4208530Maximo;
6960;9735;8904288107692;2708032ceat;Opona 270/80R32 Ceat Farmax RC;131D/134A8 TL;;1420.00;1420.00;1746.60;1746.60;23;23.00;PLN;Opony/Opony rolnicze i przemysłowe/Pozostałe;Ceat;;2.0000;;https://static.abstore.pl/img/grasdorf/cf8d75e2-8d67-441c-abc3-152fc0725e8e/l/opona-270%252F80r32-ceat-farmax-rc.png;nowa;;Radialna;Bezdętkowa (TL);131D/134A8 (1950 kg przy 65 km/h);;Opona rolnicza;270/80;;32;3732;2708032ceat;
7442;10265;;38090R54AAIIRC152D14;Opona 380/90R54 Alliance AGRISTAR II RC;152D/149E TL;;4020.00;4020.00;4944.60;4944.60;23;23.00;PLN;Opony/Opony rolnicze i przemysłowe/Opony Alliance;Alliance;;2.0000;;https://static.abstore.pl/img/grasdorf/1775ebd2-6401-4155-a1be-524f84dde543/l/opona-380%252F90r54-alliance-agristar-ii-rc.png;nowa;;Radialna;Bezdętkowa (TL);152D/149E (3550 kg przy 65 km/h);;Opona rolnicza;14.9 (380/85, 380/90, 400/80);;54;14954a;38090R54AAIIRC152D14;
7088;9942;;7106034max2demo;Opona VF710/60R34 Michelin AXIOBIB 2;demo 173D/169E TL;;14370.00;11770.00;17675.10;14477.10;23;23.00;PLN;Opony/Opony rolnicze i przemysłowe/Opony Michelin;Michelin;;2.0000;;https://static.abstore.pl/img/grasdorf/049b56ce-5e1e-4012-90e1-d92dd86f5e5b/l/opona-vf710%252F60r34-michelin-axiobib-2.jpg,https://static.abstore.pl/img/grasdorf/4c537244-9793-4c11-88d7-094eca64e1bb/l/opona-vf710%252F60r34-michelin-axiobib-2.jpg,https://static.abstore.pl/img/grasdorf/f048f81a-b8e6-4cbe-b347-b8128344629b/l/opona-vf710%252F60r34-michelin-axiobib-2.jpg,https://static.abstore.pl/img/grasdorf/5a0c90ac-d14d-4959-818c-1d642bf0c119/l/opona-vf710%252F60r34-michelin-axiobib-2.jpg,https://static.abstore.pl/img/grasdorf/47fda72f-6591-448c-ab85-3ee1979c479f/l/opona-vf710%252F60r34-michelin-axiobib-2.jpg,https://static.abstore.pl/img/grasdorf/8281b114-bf4b-4f07-8a21-eb4297b9e075/l/opona-vf710%252F60r34-michelin-axiobib-2.jpg,https://static.abstore.pl/img/grasdorf/8d5daf64-b309-4443-962f-fad036ea0950/l/opona-vf710%252F60r34-michelin-axiobib-2.jpg,https://static.abstore.pl/img/grasdorf/d3ab0d52-acd7-42ae-91bc-ade294ae229d/l/opona-vf710%252F60r34-michelin-axiobib-2.jpg,https://static.abstore.pl/img/grasdorf/12dd3902-ec19-45bd-9599-f15f3922ee3d/l/opona-vf710%252F60r34-michelin-axiobib-2.jpg,https://static.abstore.pl/img/grasdorf/3b2b8d07-8181-4754-a2e5-0c0645d51ea1/l/opona-vf710%252F60r34-michelin-axiobib-2.jpg;pokazowa;;Radialna;Bezdętkowa (TL);173D/169E (6500 kg przy 65 km/h);;Opona rolnicza;710/60;;34;3813;7106034max2demo;
6983;9763;;5406530mthcmdemo;Opona 540/65R30 Mitas HCM demo;161A8/156D TL;;4560.00;3910.00;5608.80;4809.30;23;23.00;PLN;Opony/Opony rolnicze i przemysłowe/Opony Mitas;Mitas;;2.0000;;https://static.abstore.pl/img/grasdorf/02604d48-fc1f-4ed0-9b72-54f611b80c77/l/opona-540%252F65r30-mitas-hcm-demo.jpg,https://static.abstore.pl/img/grasdorf/a2ac051b-f488-4fcb-8756-008a6010799c/l/opona-540%252F65r30-mitas-hcm-demo.jpg,https://static.abstore.pl/img/grasdorf/2370358b-7220-4f84-bce4-d235a45b079e/l/opona-540%252F65r30-mitas-hcm-demo.jpg,https://static.abstore.pl/img/grasdorf/c082e8a0-82d0-4b9f-8a5a-39f7bd1f5e1a/l/opona-540%252F65r30-mitas-hcm-demo.jpg,https://static.abstore.pl/img/grasdorf/51373559-84f0-42eb-bbc0-8dc9815c361b/l/opona-540%252F65r30-mitas-hcm-demo.jpg,https://static.abstore.pl/img/grasdorf/40f17030-ed03-4aa5-8e2b-d51e9c0588c6/l/opona-540%252F65r30-mitas-hcm-demo.jpg;pokazowa;;Radialna;Bezdętkowa (TL);161A8/156D (4625 kg przy 40 km/h);;Opona przemysłowa/komunalna;540/65;;30;003738;5406530mthcmdemo;
6984;9764;;6506542MThcmdemo;Opona 650/65R42 Mitas HCM demo;176A8/171D TL;;8930.00;7180.00;10983.90;8831.40;23;23.00;PLN;Opony/Opony rolnicze i przemysłowe/Opony Mitas;Mitas;;2.0000;;https://static.abstore.pl/img/grasdorf/45a2ba36-78f0-4aeb-9dfa-181ad7e7181b/l/opona-650%252F65r42-mitas-hcm-demo.jpg,https://static.abstore.pl/img/grasdorf/9567203c-f368-4eb5-a4fe-352ead9041d4/l/opona-650%252F65r42-mitas-hcm-demo.jpg,https://static.abstore.pl/img/grasdorf/ec6c969c-beb6-403d-8927-f39b6632575d/l/opona-650%252F65r42-mitas-hcm-demo.jpg,https://static.abstore.pl/img/grasdorf/34fbf7f9-22e2-4e01-bc57-597a74770367/l/opona-650%252F65r42-mitas-hcm-demo.jpg,https://static.abstore.pl/img/grasdorf/ab892b99-6b66-414a-bb2a-c43858dea390/l/opona-650%252F65r42-mitas-hcm-demo.jpg,https://static.abstore.pl/img/grasdorf/3994c299-883e-4f01-a1bd-4a0dfab9b2b4/l/opona-650%252F65r42-mitas-hcm-demo.jpg,https://static.abstore.pl/img/grasdorf/1053af6d-3cc8-44bc-ae08-47479ca2763d/l/opona-650%252F65r42-mitas-hcm-demo.jpg;pokazowa;;Radialna;Bezdętkowa (TL);176A8/171D (7100 kg przy 40 km/h);;Opona przemysłowa/komunalna;650/65;;42;003739;6506542MThcmdemo;
7671;10550;8059971024555;3808528Maximo;Opona 380/85R28 Maximo Radial 85;133A8/130B TL (14.9R28);;1710.00;1370.00;2103.30;1685.10;23;23.00;PLN;Opony/Opony rolnicze i przemysłowe/Pozostałe;Maximo;;4.0000;;https://static.abstore.pl/img/grasdorf/1618191b-8e1a-4c7c-9eaf-ca16da3aa410/l/opona-380%252F85r28-maximo-radial-85.jpg;nowa;;Radialna;Bezdętkowa (TL);133A8/130B (2060 kg przy 40 km/h);;Opona rolnicza;14.9 (380/85, 380/90, 400/80);;28;14928Maximo;3808528Maximo;
1847;2565;8903635007814;3809046A-IN;Opona 380/90R46 Alliance FarmPro;165A8/165B TL (14.9R46);;3270.00;3270.00;4022.10;4022.10;23;23.00;PLN;Opony/Opony rolnicze i przemysłowe/Opony Alliance;Alliance;;2.0000;;https://static.abstore.pl/img/grasdorf/31f37efb-8f2e-48cb-a667-63062f18715e/l/opona-380%252F90r46-alliance-farmpro.png;nowa;FarmPro;Radialna;Bezdętkowa (TL);165A8/165B (5150 kg przy 40 km/h);;Opona rolnicza;14.9 (380/85, 380/90, 400/80);;46;14946a-in;3809046A-IN;3809046ALLIANCEFARMPRO
76;1142;8059971018912;75010TR;Opona 7.50-10 Trelleborg T523 14PR TL;;;720.00;720.00;885.60;885.60;23;23.00;PLN;Opony/Opony rolnicze i przemysłowe/Opony Trelleborg;Trelleborg;;12.0000;;https://static.abstore.pl/img/grasdorf/61f13a52-9c3d-4bc1-bd5b-e92fe7be8517/l/opona-7-50-10-trelleborg-t523-14pr-tl.jpg;nowa;;Diagonalna;Bezdętkowa (TL);;14 PR;Opona rolnicza;7.50;;10;LA-0042;75010TR;
471;953;3528709654524;2309532T;Opona 230/95R32 Taurus RC 95 DOT23;128A8/128B TL (9.5R32);;1470.00;1180.00;1808.10;1451.40;23;23.00;PLN;Opony/Opony rolnicze i przemysłowe/Opony Taurus;Taurus;;4.0000;;https://static.abstore.pl/img/grasdorf/f896260b-e9da-4723-a24b-b1a3e95b6d52/l/opona-230%252F95r32-taurus-rc-95-dot23.jpg;nowa (DOT 2023);RC 95;Radialna;Bezdętkowa (TL);128A8/128B (1800 kg przy 40 km/h);;Opona rolnicza;9.5 (250/85, 230/95);;32;9532t;2309532T;TAURUSSOILSAVERRC959.5R32128A8
1226;2184;8903094030569;5208546BKT;Opona 520/85R46 BKT Agrimax RT 855;(20.8R46) 158A8/158B TL;;5320.00;5320.00;6543.60;6543.60;23;23.00;PLN;Opony/Opony rolnicze i przemysłowe/Opony BKT;BKT;;2.0000;;https://static.abstore.pl/img/grasdorf/fbc1bc6d-0e05-4979-8abe-613b614e69f4/l/opona-520%252F85r46-bkt-agrimax-rt-855.jpg,https://static.abstore.pl/img/grasdorf/339bb6e7-c8bb-4504-87b7-5eb93ee82cdc/l/opona-520%252F85r46-bkt-agrimax-rt-855.jpg;nowa;RT 855;Radialna;Bezdętkowa (TL);158A8/158B (4250 kg przy 40 km/h);;Opona rolnicza;20.8 (520/85);;46;20846bkt;5208546BKT;
122;1574;3528705236687;7107042MM;Opona VF710/70R42 Michelin AXIOBIB 2;182D/179E TL;;23590.00;21730.00;29015.70;26727.90;23;23.00;PLN;Opony/Opony rolnicze i przemysłowe/Opony Michelin;Michelin;;4.0000;;https://static.abstore.pl/img/grasdorf/238b680e-e04a-47af-bedd-70a52640f151/l/opona-vf710%252F70r42-michelin-axiobib-2.jpg;nowa;Axiobib;Radialna;Bezdętkowa (TL);182D/179E (8500 kg przy 65 km/h);;Opona rolnicza;710/70;;42;7107042MM;7107042MM;
1108;1591;7291050058063;3608024A;Opona 360/80R24 Alliance I-550;143A8/138D TL (13.6R24);;2460.00;1970.00;3025.80;2423.10;23;23.00;PLN;Opony/Opony rolnicze i przemysłowe/Opony Alliance;Alliance;;2.0000;;https://static.abstore.pl/img/grasdorf/d982520b-f171-4168-ae29-2fd1af7ba3dd/l/opona-360%252F80r24-alliance-i-550.jpg;nowa;I-550;Radialna;Bezdętkowa (TL);143A8/138D (2725 kg przy 40 km/h);;Opona przemysłowa/komunalna;360/80;;24;13624a;3608024A;
1265;2048;3528700657937;3009546TA;Opona 300/95R46 Taurus RC 95 DOT23;148A8/148B TL (12.4R46);;3310.00;1980.00;4071.30;2435.40;23;23.00;PLN;Opony/Opony rolnicze i przemysłowe/Opony Taurus;Taurus;;18.0000;;https://static.abstore.pl/img/grasdorf/e855204d-143e-4f47-9801-7e3f62a7e48d/l/opona-300%252F95r46-taurus-rc-95-dot23.jpg;nowa (DOT 2022);RC 95;Radialna;Bezdętkowa (TL);148A8/148B (3150 kg przy 40 km/h);;Opona rolnicza;12.4 (320/85, 300/95, 320/90);;46;12446ta;3009546TA;TAURUSSOILSAVERRC9512.4R46148B
489;67;3528700855289;2709532t;Opona 270/95R32 Taurus RC 95 DOT23;136A8/136B TL (11.2R32);;1800.00;1260.00;2214.00;1549.80;23;23.00;PLN;Opony/Opony rolnicze i przemysłowe/Opony Taurus;Taurus;;13.0000;;https://static.abstore.pl/img/grasdorf/e8db990e-b4e8-465f-af9a-1eb2b9128c2c/l/opona-270%252F95r32-taurus-rc-95-dot23.jpg;nowa (DOT 2023);RC 95;Radialna;Bezdętkowa (TL);136A8/136B (2240 kg przy 40 km/h);;Opona rolnicza;11.2 (270/95, 280/85);;32;11232t;2709532t;TAURUSSOILSAVERRC9511.2R32136B
247;1686;3528708165984;3809054M;Opona VF380/90R54 Michelin SPRAYBIB;DOT1922 176D TL (14.9R54);;11690.00;9500.00;14378.70;11685.00;23;23.00;PLN;Opony/Opony rolnicze i przemysłowe/Opony Michelin;Michelin;;4.0000;;https://static.abstore.pl/img/grasdorf/2c174f49-7fec-48c5-b8fa-9abace8e9cec/l/opona-vf380%252F90r54-michelin-spraybib.jpg,https://static.abstore.pl/img/grasdorf/0ef796e1-930b-4989-8819-4d664b91640e/l/opona-vf380%252F90r54-michelin-spraybib.jpg;nowa (DOT 2022);Spraybib;Radialna;Bezdętkowa (TL);176D (7100 kg przy 65 km/h);;Opona rolnicza;14.9 (380/85, 380/90, 400/80);;54;14954m;3809054M;
161;1220;3528708467866;3408546M;Opona 340/85R46 Michelin AGRIBIB RC;150A8/150B TL (13.6R46);;7020.00;6300.00;8634.60;7749.00;23;23.00;PLN;Opony/Opony rolnicze i przemysłowe/Opony Michelin;Michelin;;2.0000;;https://static.abstore.pl/img/grasdorf/29030488-46bd-4903-aedb-4589528af8c4/l/opona-340%252F85r46-michelin-agribib-rc.jpg;nowa;Agribib RC;Radialna;Bezdętkowa (TL);150A8/150B (3350 kg przy 40 km/h);;Opona rolnicza;13.6 (340/85, 340/90);;46;13646m;3408546M;846786
325;1764;3528702264867;4808026MM;Opona 480/80-26 Michelin POWER CL 167A8;TL (18.4-26);;4130.00;4130.00;5079.90;5079.90;23;23.00;PLN;Opony/Opony rolnicze i przemysłowe/Opony Michelin;Michelin;;26.0000;;https://static.abstore.pl/img/grasdorf/0f74c113-7ed7-4572-81b1-9974136bcf9b/l/opona-480%252F80-26-michelin-power-cl-167a8.jpg;nowa;POWER CL;Diagonalna;Bezdętkowa (TL);167A8 (5450 kg przy 40 km/h);;Opona przemysłowa/komunalna;18.4 (460/85, 480/80);;26;18426mm;4808026MM;3528707556837
165;1137;3528707349347;5406534K;Opona 540/65R34 Kleber GRIPKER 145D TL;;;3870.00;3870.00;4760.10;4760.10;23;23.00;PLN;Opony/Opony rolnicze i przemysłowe/Opony Kleber;Kleber;;2.0000;;https://static.abstore.pl/img/grasdorf/f0f3f2b0-167c-4e71-8370-bd02fbb5d957/l/opona-540%252F65r34-kleber-gripker-145d-tl.jpg;nowa;Gripker;Radialna;Bezdętkowa (TL);145D (2900 kg przy 65 km/h);;Opona rolnicza;540/65;;34;5406534K;5406534K;
295;1734;3528704744954;4007020MM;Opona 400/70R20 Michelin XMCL 149A8/149B;TL (16.0/70R20, 405/70R20);;3180.00;3040.00;3911.40;3739.20;23;23.00;PLN;Opony/Opony rolnicze i przemysłowe/Opony Michelin;Michelin;;2.0000;;https://static.abstore.pl/img/grasdorf/21c885ec-f560-4bd5-90a6-503cc5cccd54/l/opona-400%252F70r20-michelin-xmcl-149a8%252F149b.jpg;nowa;XMCL;Radialna;Bezdętkowa (TL);149A8/149B (3250 kg przy 40 km/h);;Opona przemysłowa/komunalna;400/70;;20;4057020MM;4007020MM;
492;101;3528702451168;2309536t;Opona 230/95R36 Taurus RC 95 DOT22;(9.5R36) 130A8/130B TL;;1750.00;1150.00;2152.50;1414.50;23;23.00;PLN;Opony/Opony rolnicze i przemysłowe/Opony Taurus;Taurus;;4.0000;;https://static.abstore.pl/img/grasdorf/843cb70d-c799-4974-a53b-e65b480f991b/l/opona-230%252F95r36-taurus-rc-95-dot22.jpg;nowa (DOT 2022);RC 95;Radialna;Bezdętkowa (TL);130A8/130B (1900 kg przy 40 km/h);;Opona rolnicza;9.5 (250/85, 230/95);;36;9536t;2309536t;TAURUSSOILSAVERRC959.5R36130B
1851;2569;8903635010333;8006532A-IN;Opona 800/65R32 Alliance 360 181A8/178B;(30.5R32);;7570.00;7510.00;9311.10;9237.30;23;23.00;PLN;Opony/Opony rolnicze i przemysłowe/Opony Alliance;Alliance;;2.0000;;https://static.abstore.pl/img/grasdorf/804f8ad8-321f-45a7-b97e-225af298bb61/l/opona-800%252F65r32-alliance-360-181a8%252F178b.png;nowa;A-360;Radialna;Bezdętkowa (TL);181A8/178B (8250 kg przy 40 km/h);;Opona rolnicza;30.5 (800/65);;32;30532a-in;8006532A-IN;
268;1707;3528702280454;6006538MM;Opona 600/65R38 Michelin MULTIBIB 153D;TL;;8600.00;7220.00;10578.00;8880.60;23;23.00;PLN;Opony/Opony rolnicze i przemysłowe/Opony Michelin;Michelin;;2.0000;;https://static.abstore.pl/img/grasdorf/19ce9619-64ed-477c-8728-de51ac594206/l/opona-600%252F65r38-michelin-multibib-153d.jpg;nowa;Multibib;Radialna;Bezdętkowa (TL);153D (3650 kg przy 65 km/h);;Opona rolnicza;600/65;;38;6006538MM;6006538MM;
119;1557;3528707081971;7107038M;Opona 710/70R38 Michelin MACHXBIB 171D;TL;;16250.00;14190.00;19987.50;17453.70;23;23.00;PLN;Opony/Opony rolnicze i przemysłowe/Opony Michelin;Michelin;;2.0000;;https://static.abstore.pl/img/grasdorf/210a8ab9-5652-4063-b28a-24fe6c738b6c/l/opona-710%252F70r38-michelin-machxbib-171d.jpg;nowa;Machxbib;Radialna;Bezdętkowa (TL);171D (6150 kg przy 65 km/h);;Opona rolnicza;710/70;;38;7107038M;7107038M;
74;1134;3528701016412;6207042K;Opona 620/70R42 Kleber FITKER 160A8/160B;TL;;6800.00;6800.00;8364.00;8364.00;23;23.00;PLN;Opony/Opony rolnicze i przemysłowe/Opony Kleber;Kleber;;2.0000;;https://static.abstore.pl/img/grasdorf/14c19b82-0ca8-4eb8-99fb-83784a8485b7/l/opona-620%252F70r42-kleber-fitker-160a8%252F160b.jpg;nowa;Fitker;Radialna;Bezdętkowa (TL);160A8/160B (4500 kg przy 40 km/h);;Opona rolnicza;620/70;;42;6207042K;6207042K;
369;1803;3528701617688;3208524K;Opona 320/85R24 Kleber TRAKER 122A8/119B;TL (12.4R24);;1440.00;1440.00;1771.20;1771.20;23;23.00;PLN;Opony/Opony rolnicze i przemysłowe/Opony Kleber;Kleber;;2.0000;;https://static.abstore.pl/img/grasdorf/4c232210-7400-4340-ae33-f6e0d86e29ba/l/opona-320%252F85r24-kleber-traker-122a8%252F119b.png;nowa;Traker;Radialna;Bezdętkowa (TL);122A8/119B (1500 kg przy 40 km/h);;Opona rolnicza;12.4 (320/85, 300/95, 320/90);;24;12424k;3208524K;
348;1252;3528708575042;5807038K;Opona 580/70R38 Kleber FITKER 155A8/155B;TL;;5900.00;5900.00;7257.00;7257.00;23;23.00;PLN;Opony/Opony rolnicze i przemysłowe/Opony Kleber;Kleber;;6.0000;;https://static.abstore.pl/img/grasdorf/b6ebf970-c5f0-49dc-beaa-ad078ac4dc07/l/opona-580%252F70r38-kleber-fitker-155a8%252F155b.jpg;nowa;Fitker;Radialna;Bezdętkowa (TL);155A8/155B (3875 kg przy 40 km/h);;Opona rolnicza;580/70;;38;5807038K;5807038K;
294;1733;3528709487306;3408020MM;Opona 340/80R20 Michelin XMCL 144A8/144B;TL (12.5/80R20);;2930.00;2830.00;3603.90;3480.90;23;23.00;PLN;Opony/Opony rolnicze i przemysłowe/Opony Michelin;Michelin;;2.0000;;https://static.abstore.pl/img/grasdorf/6417cee2-fc88-447d-a658-ff22aac36db9/l/opona-340%252F80r20-michelin-xmcl-144a8%252F144b.jpg;nowa;XMCL;Radialna;Bezdętkowa (TL);144A8/144B (2800 kg przy 40 km/h);;Opona przemysłowa/komunalna;340/80;;20;3408020MM;3408020MM;
405;918;3528701618883;3208532K;Opona 320/85R32 Kleber TRAKER 126A8/123B;TL (12.4R32);;1800.00;1800.00;2214.00;2214.00;23;23.00;PLN;Opony/Opony rolnicze i przemysłowe/Opony Kleber;Kleber;;2.0000;;https://static.abstore.pl/img/grasdorf/7bb416d1-dbbb-4b38-b487-f358f90786e0/l/opona-320%252F85r32-kleber-traker-126a8%252F123b.png;nowa;Traker;Radialna;Bezdętkowa (TL);126A8/123B (1700 kg przy 40 km/h);;Opona rolnicza;12.4 (320/85, 300/95, 320/90);;32;12432k;3208532K;
207;1645;3528701877525;3807520M;Opona 380/75R20 Michelin XMCL 148A8/148B;TL;;3270.00;3160.00;4022.10;3886.80;23;23.00;PLN;Opony/Opony rolnicze i przemysłowe/Opony Michelin;Michelin;;4.0000;;https://static.abstore.pl/img/grasdorf/5afd8ac0-e529-41c3-8d27-90b5f44342f6/l/opona-380%252F75r20-michelin-xmcl-148a8%252F148b.jpg;nowa;XMCL;Radialna;Bezdętkowa (TL);148A8/148B (3150 kg przy 40 km/h);;Opona przemysłowa/komunalna;380/75;;20;3807520M;3807520M;
304;1743;3528707936110;4007020MMM;Opona 400/70R20 Michelin BIBLOAD;149A8/149B TL (16.0/70R20, 405/70R20);;3260.00;3020.00;4009.80;3714.60;23;23.00;PLN;Opony/Opony rolnicze i przemysłowe/Opony Michelin;Michelin;;6.0000;;https://static.abstore.pl/img/grasdorf/e79d6bca-c039-4fef-b5bc-78764bc6d89b/l/opona-400%252F70r20-michelin-bibload.jpg,https://static.abstore.pl/img/grasdorf/78fc75bf-02e7-4181-a1e4-7b1143244151/l/opona-400%252F70r20-michelin-bibload.jpg;nowa;BIBLOAD HARD SURFACE;Radialna;Bezdętkowa (TL);149A8/149B (3250 kg przy 40 km/h);;Opona przemysłowa/komunalna;400/70;;20;4057020MMM;4007020MMM;
380;1432;3528701907451;4807038K;Opona 480/70R38 Kleber FITKER 145A8/145B;TL;;3860.00;3860.00;4747.80;4747.80;23;23.00;PLN;Opony/Opony rolnicze i przemysłowe/Opony Kleber;Kleber;;6.0000;;https://static.abstore.pl/img/grasdorf/a944d9af-5da4-4a5d-b0a4-45b95b9ea51c/l/opona-480%252F70r38-kleber-fitker-145a8%252F145b.jpg;nowa;Fitker;Radialna;Bezdętkowa (TL);145A8/145B (2900 kg przy 40 km/h);;Opona rolnicza;480/70;;38;4807038K;4807038K;
33;6;3528707903884;7107042m;Opona 710/70R42 Michelin Machxbib 173D;TL;;19660.00;18490.00;24181.80;22742.70;23;23.00;PLN;Opony/Opony rolnicze i przemysłowe/Opony Michelin;Michelin;;1.0000;;https://static.abstore.pl/img/grasdorf/fde2b903-9f18-4fff-9188-0a051e193705/l/opona-710%252F70r42-michelin-machxbib-173d.jpg;nowa;Machxbib;Radialna;Bezdętkowa (TL);173D (6500 kg przy 65 km/h);;Opona rolnicza;710/70;;42;7107042m;7107042m;
175;1036;3528707922748;5406528M;Opona 540/65R28 Michelin MULTIBIB 142D;TL;;5400.00;5140.00;6642.00;6322.20;23;23.00;PLN;Opony/Opony rolnicze i przemysłowe/Opony Michelin;Michelin;;2.0000;;https://static.abstore.pl/img/grasdorf/ad19b7c3-78e1-4b1c-a805-72b0d834f25f/l/opona-540%252F65r28-michelin-multibib-142d.jpg;nowa;Multibib;Radialna;Bezdętkowa (TL);142D (2650 kg przy 65 km/h);;Opona rolnicza;540/65;;28;5406528M;5406528M;
727;868;;81515bkt;Opona 8.15-15 (28x9-15) BKT Maglift LIP;(Quick);;1100.00;1100.00;1353.00;1353.00;23;23.00;PLN;Opony/Opony rolnicze i przemysłowe/Opony Mitas;BKT;;2.0000;;https://static.abstore.pl/img/grasdorf/60496928-9b27-4ed6-b4c7-22b7ed8aa887/l/opona-8-15-15-28x9-15-bkt-maglift-lip.jpg;nowa;;Diagonalna;Superelastyczna;151A5/142A5;;Opona przemysłowa/komunalna;8.15;;20;28915bkt2890015;81515bkt;
354;1787;3528705598990;2709538KK;Opona 270/95R38 Kleber CROPKER;140D/143A8 TL (11.2R38);;2230.00;2230.00;2742.90;2742.90;23;23.00;PLN;Opony/Opony rolnicze i przemysłowe/Opony Kleber;Kleber;;3.0000;;https://static.abstore.pl/img/grasdorf/9c1e39bc-e9cb-4221-b2f1-a7f73439019f/l/opona-270%252F95r38-kleber-cropker.jpg;nowa;Cropker;Radialna;Bezdętkowa (TL);140D/143A8 (2500 kg przy 65 km/h);;Opona rolnicza;11.2 (270/95, 280/85);;38;11238kk;2709538KK;
52;818;3528701677330;6506542m;Opona 650/65R42 Michelin MULTIBIB 158D;TL;;12180.00;9950.00;14981.40;12238.50;23;23.00;PLN;Opony/Opony rolnicze i przemysłowe/Opony Michelin;Michelin;;6.0000;;https://static.abstore.pl/img/grasdorf/31abfcdc-b02e-4515-a845-b5b9411261fa/l/opona-650%252F65r42-michelin-multibib-158d.jpg;nowa;Multibib;Radialna;Bezdętkowa (TL);158D (4250 kg przy 65 km/h);;Opona rolnicza;650/65;;42;6506542m;6506542m;
1171;2129;8903094030552;3808538BKT;Opona 380/85R38 BKT Agrimax RT 855;139A8/139B TL (14.9R38);;2420.00;2420.00;2976.60;2976.60;23;23.00;PLN;Opony/Opony rolnicze i przemysłowe/Opony BKT;BKT;;2.0000;;https://static.abstore.pl/img/grasdorf/1b57d286-0888-4ed6-9bc3-b0cd11069d0a/l/opona-380%252F85r38-bkt-agrimax-rt-855.jpg;nowa;RT 855;Radialna;Bezdętkowa (TL);139A8/139B (2430 kg przy 40 km/h);;Opona rolnicza;14.9 (380/85, 380/90, 400/80);;38;14938bkt;3808538BKT;8903094030552
401;773;3528705134013;3607024K;Opona 360/70R24 Kleber FITKER 122A8/122B;TL;;1570.00;1570.00;1931.10;1931.10;23;23.00;PLN;Opony/Opony rolnicze i przemysłowe/Opony Kleber;Kleber;;4.0000;;https://static.abstore.pl/img/grasdorf/3b2c8340-04d4-490d-8383-0b40b1783a18/l/opona-360%252F70r24-kleber-fitker-122a8%252F122b.jpg;nowa;Fitker;Radialna;Bezdętkowa (TL);122A8/122B (1500 kg przy 40 km/h);;Opona rolnicza;360/70;;24;3607024K;3607024K;
468;836;5707562334189;4255018St;Opona 425/50-18 Starco AS DUMPER II;150A8/134A8 TL;;1520.00;1520.00;1869.60;1869.60;23;23.00;PLN;Opony/Opony rolnicze i przemysłowe/Pozostałe;Starco;;1.0000;;https://static.abstore.pl/img/grasdorf/f9c7eb1f-13d6-4e53-904d-ce6b2c81ceba/l/opona-425%252F50-18-starco-as-dumper-ii.jpg;nowa;RC 95;Diagonalna;Bezdętkowa (TL);150A8/134A8;;Opona przemysłowa/komunalna;;;18;;4255018St;
55;839;3528700652536;6006030m;Opona VF600/60R30 Michelin XEOBIB 147D;TL;;7300.00;6840.00;8979.00;8413.20;23;23.00;PLN;Opony/Opony rolnicze i przemysłowe/Opony Michelin;Michelin;;2.0000;;https://static.abstore.pl/img/grasdorf/fb04e7fc-f832-4aa9-b02e-b4e085777ce6/l/opona-vf600%252F60r30-michelin-xeobib-147d.jpg;nowa;Xeobib;Radialna;Bezdętkowa (TL);147D (3075 kg przy 65 km/h);;Opona rolnicza;600/60;;30;6006030m;6006030m;
192;568;3528705085223;4209030m;Opona 420/90R30 Michelin AGRIBIB 2;147A8/147B TL;;5000.00;4640.00;6150.00;5707.20;23;23.00;PLN;Opony/Opony rolnicze i przemysłowe/Opony Michelin;Michelin;;4.0000;;https://static.abstore.pl/img/grasdorf/29b6766e-334b-4834-92cd-9c36ffc82a5e/l/opona-420%252F90r30-michelin-agribib-2.jpg;nowa;Agribib;Radialna;Bezdętkowa (TL);147A8/147B (3075 kg przy 40 km/h);;Opona rolnicza;420/90;;30;4209030m;4209030m;
196;621;3528701515724;3808530m;Opona 380/85R30 Michelin AGRIBIB 2;140A8/140B TL (14.9R30);;3600.00;3340.00;4428.00;4108.20;23;23.00;PLN;Opony/Opony rolnicze i przemysłowe/Opony Michelin;Michelin;;2.0000;;https://static.abstore.pl/img/grasdorf/277f8b8e-55f7-4e4b-8bbd-5168c6651c3f/l/opona-380%252F85r30-michelin-agribib-2.jpg;nowa;Agribib;Radialna;Bezdętkowa (TL);140A8/140B (2500 kg przy 40 km/h);;Opona rolnicza;14.9 (380/85, 380/90, 400/80);;30;14930m;3808530m;
72;1106;;6507532ALL;Opona 650/75R32 Alliance A-360;172D/175A8 TL (24.5R32);;6430.00;5120.00;7908.90;6297.60;23;23.00;PLN;Opony/Opony rolnicze i przemysłowe/Opony Alliance;Alliance;;2.0000;;https://static.abstore.pl/img/grasdorf/52841a8f-bd87-40e7-963c-9a4fa48c3ac3/l/opona-650%252F75r32-alliance-a-360.png,https://static.abstore.pl/img/grasdorf/0a7c2752-9b0c-4c36-a5fd-82565d421750/l/opona-650%252F75r32-alliance-a-360.png;nowa;A-360;Radialna;Bezdętkowa (TL);172D/175A8 (6900 kg przy 40 km/h);;Opona rolnicza;24.5 (650/75);;32;24532all;6507532ALL;
139;1570;3528700970579;5406524M;Opona 540/65R24 Michelin MULTIBIB 140D;TL;;4880.00;4300.00;6002.40;5289.00;23;23.00;PLN;Opony/Opony rolnicze i przemysłowe/Opony Michelin;Michelin;;2.0000;;https://static.abstore.pl/img/grasdorf/77ae51a3-075d-476a-afdf-233d89f9963f/l/opona-540%252F65r24-michelin-multibib-140d.jpg;nowa;Multibib;Radialna;Bezdętkowa (TL);140D (2500 kg przy 65 km/h);;Opona rolnicza;540/65;;24;5406524M;5406524M;
2106;2825;7291050003339;50060225ALLI;Opona 500/60-22.5 Alliance 328 Value;Plus 16PR TL;;1560.00;1560.00;1918.80;1918.80;23;23.00;PLN;Opony/Opony rolnicze i przemysłowe/Opony Alliance;Alliance;;1.0000;;https://static.abstore.pl/img/grasdorf/2689b64f-0100-4aa5-9177-b03b7848f15f/l/opona-500%252F60-22-5-alliance-328-value.jpg;nowa;A-328;Diagonalna;Bezdętkowa (TL);;16 PR;Opona rolnicza;500/60;;22.5;50060225ALLI;50060225ALLI;
1146;2104;8903094021550;3208524BKT;Opona 320/85R24 BKT Agrimax RT 855;122A8/122B TL (12.4R24);;1050.00;1050.00;1291.50;1291.50;23;23.00;PLN;Opony/Opony rolnicze i przemysłowe/Opony BKT;BKT;;2.0000;;https://static.abstore.pl/img/grasdorf/315ad81d-c645-426d-9dfd-cbc78a4056cc/l/opona-320%252F85r24-bkt-agrimax-rt-855.jpg;nowa;RT 855;Radialna;Bezdętkowa (TL);122A8/122B (1500 kg przy 40 km/h);;Opona rolnicza;12.4 (320/85, 300/95, 320/90);;24;12424bkt;3208524BKT;
1915;2633;8903635015062;2309536A-IN;Opona 230/95R36 Alliance 350 130D/133A8;TL (9.5R36);;1320.00;1320.00;1623.60;1623.60;23;23.00;PLN;Opony/Opony rolnicze i przemysłowe/Opony Alliance;Alliance;;2.0000;;https://static.abstore.pl/img/grasdorf/fa0d27d9-4ba9-4cc9-81b3-885c6c828816/l/opona-230%252F95r36-alliance-350-130d%252F133a8.png;nowa;A-350;Radialna;Bezdętkowa (TL);130D/133A8 (2060 kg przy 40 km/h);;Opona rolnicza;9.5 (250/85, 230/95);;36;9536a-in;2309536A-IN;
2117;2836;7291050006675;70040225A;Opona 700/40-22.5 Alliance 328 16PR TL;;;2970.00;2400.00;3653.10;2952.00;23;23.00;PLN;Opony/Opony rolnicze i przemysłowe/Opony Alliance;Alliance;;2.0000;;https://static.abstore.pl/img/grasdorf/6963d09a-c793-4c1f-b193-d9c25faafa52/l/opona-700%252F40-22-5-alliance-328-16pr-tl.jpg;nowa;A-328;Diagonalna;Bezdętkowa (TL);;16 PR;Opona rolnicza;700/40;;22.5;70040225A;70040225A;
609;569;8059971004878;4608538tr;Opona 460/85R38 Trelleborg TM 600;149A8/146B TL (18.4R38);;4580.00;4580.00;5633.40;5633.40;23;23.00;PLN;Opony/Opony rolnicze i przemysłowe/Opony Trelleborg;Trelleborg;;2.0000;;https://static.abstore.pl/img/grasdorf/fd3d91eb-b437-4970-9f19-87c7d18c6561/l/opona-460%252F85r38-trelleborg-tm-600.jpg;nowa;TM 600;Radialna;Bezdętkowa (TL);149A8/146B (3250 kg przy 40 km/h);;Opona rolnicza;18.4 (460/85, 480/80);;38;18438tr;4608538tr;
2004;2723;7291050022262;55045225A;Opona 550/45R22.5 Alliance 380 151E TL;;;3320.00;2790.00;4083.60;3431.70;23;23.00;PLN;Opony/Opony rolnicze i przemysłowe/Opony Alliance;Alliance;;2.0000;;https://static.abstore.pl/img/grasdorf/1f92ad3f-603e-4cf0-9152-1c8f7c21bb2a/l/opona-550%252F45r22-5-alliance-380-151e-tl.jpg;nowa;A-380;Radialna;Bezdętkowa (TL);151E (3450 kg przy 70 km/h);;Opona rolnicza;550/45;;22.5;55045225A;55045225A;
1204;2162;8903094028139;2709538BKT;Opona 270/95R38 BKT Agrimax RT 955;140A8/140B TL (11.2R38);;1720.00;1720.00;2115.60;2115.60;23;23.00;PLN;Opony/Opony rolnicze i przemysłowe/Opony BKT;BKT;;6.0000;;https://static.abstore.pl/img/grasdorf/0144672e-e58c-41ac-9750-f8a3076a6129/l/opona-270%252F95r38-bkt-agrimax-rt-955.jpg;nowa;RT 955;Radialna;Bezdętkowa (TL);140A8/140B (2500 kg przy 40 km/h);;Opona rolnicza;11.2 (270/95, 280/85);;38;11238bkt;2709538BKT;8903094028139
1178;2136;8903094062225;4807034BKT;Opona 480/70R34 BKT Agrimax RT 765 149D;TL;;2600.00;2600.00;3198.00;3198.00;23;23.00;PLN;Opony/Opony rolnicze i przemysłowe/Opony BKT;BKT;;2.0000;;https://static.abstore.pl/img/grasdorf/9c36829c-d342-4b9d-8d2d-a51ff1e225b4/l/opona-480%252F70r34-bkt-agrimax-rt-765-149d.jpg;nowa;RT 765;Radialna;Bezdętkowa (TL);149D (3250 kg przy 65 km/h);;Opona rolnicza;480/70;;34;4807034BKT;4807034BKT;
1172;2130;8903094028177;2508524BKT;Opona 250/85R24 BKT Agrimax RT 855;109A8/109B TL (9.5R24);;750.00;750.00;922.50;922.50;23;23.00;PLN;Opony/Opony rolnicze i przemysłowe/Opony BKT;BKT;;2.0000;;https://static.abstore.pl/img/grasdorf/1a93c623-a63e-49b9-8e26-84c05a52b7a1/l/opona-250%252F85r24-bkt-agrimax-rt-855.jpg;nowa;RT 855;Radialna;Bezdętkowa (TL);109A8/109B (1030 kg przy 40 km/h);;Opona rolnicza;9.5 (250/85, 230/95);;24;9524bkt;2508524BKT;8903094028177
1474;2987;3528703569824;3607020K;Opona 360/70R20 Kleber FITKER 129A8/126B;TL;;1670.00;1670.00;2054.10;2054.10;23;23.00;PLN;Opony/Opony rolnicze i przemysłowe/Opony Kleber;Kleber;;4.0000;;https://static.abstore.pl/img/grasdorf/f40cc582-720f-4f5c-8f4f-b0d4dc8a44b6/l/opona-360%252F70r20-kleber-fitker-129a8%252F126b.jpg;nowa;Fitker;Radialna;Bezdętkowa (TL);129A8/126B (1850 kg przy 40 km/h);;Opona rolnicza;360/70;;20;3607020K;3607020K;
455;1815;3528704243556;6007030T;Opona 600/70R30 Taurus POINT HP DOT22;158A8/158B TL;;2980.00;2980.00;3665.40;3665.40;23;23.00;PLN;Opony/Opony rolnicze i przemysłowe/Opony Taurus;Taurus;;2.0000;;https://static.abstore.pl/img/grasdorf/a29da714-0137-49bf-8be6-41aa346035f7/l/opona-600%252F70r30-taurus-point-hp-dot22.png;nowa (DOT 2022);Point HP;Radialna;Bezdętkowa (TL);158A8/158B (4250 kg przy 40 km/h);;Opona rolnicza;600/70;;30;6007030T;6007030T;
82;1212;3528702929049;6506538M;Opona 650/65R38 Michelin MULTIBIB 157D;TL;;10600.00;10140.00;13038.00;12472.20;23;23.00;PLN;Opony/Opony rolnicze i przemysłowe/Opony Michelin;Michelin;;5.0000;;https://static.abstore.pl/img/grasdorf/6c9df7ed-6bcd-4caa-a95f-9426f742877d/l/opona-650%252F65r38-michelin-multibib-157d.jpg;nowa;Multibib;Radialna;Bezdętkowa (TL);157D (4125 kg przy 65 km/h);;Opona rolnicza;650/65;;38;6506538M;6506538M;
2084;2803;7291050046602;85050305A;Opona 850/50R30.5 Alliance 590 182D TL;;;6540.00;6540.00;8044.20;8044.20;23;23.00;PLN;Opony/Opony rolnicze i przemysłowe/Opony Alliance;Alliance;;1.0000;;https://static.abstore.pl/img/grasdorf/34e1b38c-5a39-4883-b360-b566c45dc57b/l/opona-850%252F50r30-5-alliance-590-182d-tl.jpg;nowa;A-390;Radialna;Bezdętkowa (TL);182D (8500 kg przy 65 km/h);;Opona rolnicza;850/50;;30.5;85050305A;85050305A;
87;1246;3528700013689;6506542K;Opona 650/65R42 Kleber GRIPKER 158D TL;;;7080.00;7080.00;8708.40;8708.40;23;23.00;PLN;Opony/Opony rolnicze i przemysłowe/Opony Kleber;Kleber;;6.0000;;https://static.abstore.pl/img/grasdorf/ae54143a-4ab3-43d0-941d-744e30652e34/l/opona-650%252F65r42-kleber-gripker-158d-tl.jpg;nowa;Gripker;Radialna;Bezdętkowa (TL);158D (4250 kg przy 65 km/h);;Opona rolnicza;650/65;;42;6506542K;6506542K;
407;940;3528701621609;2508524K;Opona 250/85R24 Kleber TRAKER 109A8/106B;TL (9.5R24);;1070.00;1070.00;1316.10;1316.10;23;23.00;PLN;Opony/Opony rolnicze i przemysłowe/Opony Kleber;Kleber;;8.0000;;https://static.abstore.pl/img/grasdorf/63e99a7d-6106-4dab-8c8c-58bd7f2d9000/l/opona-250%252F85r24-kleber-traker-109a8%252F106b.png;nowa;Traker;Radialna;Bezdętkowa (TL);109A8/106B (1030 kg przy 40 km/h);;Opona rolnicza;9.5 (250/85, 230/95);;24;9524k;2508524K;9524KLEBERTRAKER
395;988;3528701621616;2508528K;Opona 250/85R28 Kleber TRAKER 112A8/109B;TL (9.5R28);;1180.00;1180.00;1451.40;1451.40;23;23.00;PLN;Opony/Opony rolnicze i przemysłowe/Opony Kleber;Kleber;;8.0000;;https://static.abstore.pl/img/grasdorf/40cc413f-2dd3-4499-87e3-a5ecb01c00f8/l/opona-250%252F85r28-kleber-traker-112a8%252F109b.png;nowa;Traker;Radialna;Bezdętkowa (TL);112A8/109B (1120 kg przy 40 km/h);;Opona rolnicza;9.5 (250/85, 230/95);;28;9528k;2508528K;
1129;1502;8903635011354;55060225A;Opona 550/60-22.5 Alliance 328 16PR;Value Plus TL;;1690.00;1690.00;2078.70;2078.70;23;23.00;PLN;Opony/Opony rolnicze i przemysłowe/Opony Alliance;Alliance;;2.0000;;https://static.abstore.pl/img/grasdorf/67394303-b3f2-4599-948c-8cf6ee8d87ea/l/opona-550%252F60-22-5-alliance-328-16pr.jpg;nowa;A-328;Diagonalna;Bezdętkowa (TL);;16 PR;Opona rolnicza;550/60;;22.5;55060225A;55060225A;
1005;1381;8903094063031;3207024BKT;Opona 320/70R24 BKT Agrimax RT 765 116D;TL;;1070.00;1070.00;1316.10;1316.10;23;23.00;PLN;Opony/Opony rolnicze i przemysłowe/Opony BKT;BKT;;2.0000;;https://static.abstore.pl/img/grasdorf/9309ff7e-042c-4521-849e-c9d3016ca8f2/l/opona-320%252F70r24-bkt-agrimax-rt-765-116d.jpg;nowa;RT 765;Radialna;Bezdętkowa (TL);116D (1250 kg przy 65 km/h);;Opona rolnicza;320/70;;24;3207024BKT;3207024BKT;
977;932;8903094021857;2709532BKT;Opona 270/95R32 BKT Agrimax RT 955;136A8/136B TL (11.2R32);;1350.00;1350.00;1660.50;1660.50;23;23.00;PLN;Opony/Opony rolnicze i przemysłowe/Opony BKT;BKT;;2.0000;;https://static.abstore.pl/img/grasdorf/f616fc17-89b0-4f15-b2b0-f99693f5e2ab/l/opona-270%252F95r32-bkt-agrimax-rt-955.jpg;nowa;RT 955;Radialna;Bezdętkowa (TL);136A8/136B (2240 kg przy 40 km/h);;Opona rolnicza;11.2 (270/95, 280/85);;32;11232bkt;2709532BKT;8903094021857
2205;3166;3528703241386;7106038Mi;Opona VF710/60R38 Michelin XEOBIB DOT22;160D TL;;14230.00;14230.00;17502.90;17502.90;23;23.00;PLN;Opony/Opony rolnicze i przemysłowe/Opony Michelin;Michelin;;2.0000;;https://static.abstore.pl/img/grasdorf/1d836d70-05b0-4863-abfa-41e56c5d881a/l/opona-vf710%252F60r38-michelin-xeobib-dot22.jpg;nowa (DOT 2022);Xeobib;Radialna;Bezdętkowa (TL);160D (4500 kg przy 65 km/h);;Opona rolnicza;710/60;;38;7106038Mi;7106038Mi;
1220;2178;8903094038664;3209042BKT;Opona 320/90R42 BKT Agrimax RT 945;139A8/139B TL (12.4R42);;2530.00;2530.00;3111.90;3111.90;23;23.00;PLN;Opony/Opony rolnicze i przemysłowe/Opony BKT;BKT;;2.0000;;https://static.abstore.pl/img/grasdorf/9c6ca97e-d5bc-4ae3-a652-93bafd144a1e/l/opona-320%252F90r42-bkt-agrimax-rt-945.jpg;nowa;RT 945;Radialna;Bezdętkowa (TL);139A8/139B (2430 kg przy 40 km/h);;Opona rolnicza;12.4 (320/85, 300/95, 320/90);;42;12442BKT;3209042BKT;6,0611E+12
1780;2496;7291050077217;2709548AL;Opona VF270/95R48 Alliance 363+ 155D TL;(11.2R48);;3170.00;3170.00;3899.10;3899.10;23;23.00;PLN;Opony/Opony rolnicze i przemysłowe/Opony Alliance;Alliance;;2.0000;;https://static.abstore.pl/img/grasdorf/0f272ff8-eda8-4c4c-9e0c-52044a065126/l/opona-vf270%252F95r48-alliance-363-155d-tl.png;nowa;A-363;Radialna;Bezdętkowa (TL);155D (3875 kg przy 65 km/h);;Opona rolnicza;11.2 (270/95, 280/85);;48;11248al;2709548AL;
22;975;3528705716776;9524K;Opona 9.5R24 Kleber SUPER VIGNE 107A8 TL;(250/85R24);;1370.00;1370.00;1685.10;1685.10;23;23.00;PLN;Opony/Opony rolnicze i przemysłowe/Opony Kleber;Kleber;;4.0000;;https://static.abstore.pl/img/grasdorf/97b47a60-f8ce-443a-af29-cc1f53b3a0c0/l/opona-9-5r24-kleber-super-vigne-107a8-tl.png;nowa;Super Vigne;Radialna;Bezdętkowa (TL);107A8 (975 kg przy 40 km/h);;Opona rolnicza;9.5 (250/85, 230/95);;24;2508524k;9524K;
173;1208;;18225B;Opona 18R22.5 Bandenmarkt Kargo Radial;170E TL (445/65R22.5);;2160.00;2160.00;2656.80;2656.80;23;23.00;PLN;Opony/Opony rolnicze i przemysłowe/Pozostałe;Bandenmarkt;;2.0000;;https://static.abstore.pl/img/grasdorf/98fb6d1c-f6f3-4861-b79a-112fe0b84d6e/l/opona-18r22-5-bandenmarkt-kargo-radial.jpg;nowa;Spraybib;Radialna;Bezdętkowa (TL);170E (6000 kg przy 70 km/h);;Opona rolnicza;18;;22.5;44565225B;18225B;
353;1786;3528702273265;2709532KK;Opona 270/95R32 Kleber CROPKER;136D/139A8 TL (11.2R32);;1970.00;1970.00;2423.10;2423.10;23;23.00;PLN;Opony/Opony rolnicze i przemysłowe/Opony Kleber;Kleber;;30.0000;;https://static.abstore.pl/img/grasdorf/401d236b-b235-43cc-86fe-52454a93f2c5/l/opona-270%252F95r32-kleber-cropker.jpg;nowa;Cropker;Radialna;Bezdętkowa (TL);136D/139A8 (2240 kg przy 65 km/h);;Opona rolnicza;11.2 (270/95, 280/85);;32;11232kk;2709532KK;
502;679;3528707091000;2709538TA;Opona 270/95R38 Taurus RC 95 140A8/140B;TL (11.2R38);;2210.00;1530.00;2718.30;1881.90;23;23.00;PLN;Opony/Opony rolnicze i przemysłowe/Opony Taurus;Taurus;;4.0000;;https://static.abstore.pl/img/grasdorf/72482824-2d8e-46c6-bc7f-b5c6baa79dcc/l/opona-270%252F95r38-taurus-rc-95-140a8%252F140b.jpg;nowa;RC 95;Radialna;Bezdętkowa (TL);140A8/140B (2500 kg przy 40 km/h);;Opona rolnicza;11.2 (270/95, 280/85);;38;11238ta;2709538TA;TAURUSSOILSAVERRC9511.2R38140B
358;1791;3528700971804;3009546KK;Opona 300/95R46 Kleber CROPKER;148D/151A8 TL (12.4R46);;3090.00;3090.00;3800.70;3800.70;23;23.00;PLN;Opony/Opony rolnicze i przemysłowe/Opony Kleber;Kleber;;38.0000;;https://static.abstore.pl/img/grasdorf/9d9902c8-13e7-4282-a380-ec7a979c7e0f/l/opona-300%252F95r46-kleber-cropker.jpg;nowa;Cropker;Radialna;Bezdętkowa (TL);148D/151A8 (3150 kg przy 65 km/h);;Opona rolnicza;12.4 (320/85, 300/95, 320/90);;46;12446kk;3009546KK;
356;1789;3528707181497;2709554KK;Opona 270/95R54 Kleber CROPKER;146D/149A8 TL (11.2R54);;3150.00;3150.00;3874.50;3874.50;23;23.00;PLN;Opony/Opony rolnicze i przemysłowe/Opony Kleber;Kleber;;2.0000;;https://static.abstore.pl/img/grasdorf/c177ea8d-1c8e-4abb-931b-622cd5a7745e/l/opona-270%252F95r54-kleber-cropker.jpg;nowa;Cropker;Radialna;Bezdętkowa (TL);146D/149A8 (3250 kg przy 40 km/h);;Opona rolnicza;11.2 (270/95, 280/85);;54;11254kk;2709554KK;
627;51;8590341070548;3009542mit;Opona 300/95R42 Mitas AC 90 147A8/144B;TL (12.4R42);;2700.00;2700.00;3321.00;3321.00;23;23.00;PLN;Opony/Opony rolnicze i przemysłowe/Opony Mitas;Mitas;;2.0000;;https://static.abstore.pl/img/grasdorf/dfa0ef80-58f6-4545-9f1d-8e139b71280f/l/opona-300%252F95r42-mitas-ac-90-147a8%252F144b.png;nowa;AC 90;Radialna;Bezdętkowa (TL);147A8/144B (3075 kg przy 40 km/h);;Opona rolnicza;12.4 (320/85, 300/95, 320/90);;42;12442mit;3009542mit;5011514960000
421;532;3528703477358;4807030k;Opona 480/70R30 Kleber FITKER 141A8/141B;TL;;3480.00;3480.00;4280.40;4280.40;23;23.00;PLN;Opony/Opony rolnicze i przemysłowe/Opony Kleber;Kleber;;4.0000;;https://static.abstore.pl/img/grasdorf/f000a12f-46a4-4478-928b-10a180ff0066/l/opona-480%252F70r30-kleber-fitker-141a8%252F141b.jpg;nowa;Fitker;Radialna;Bezdętkowa (TL);141A8/141B (2575 kg przy 40 km/h);;Opona rolnicza;480/70;;30;4807030k;4807030k;
577;1595;8590341071811;4807024MI;Opona 480/70R24 Mitas AC 70 G 138A8 TL;;;2800.00;2800.00;3444.00;3444.00;23;23.00;PLN;Opony/Opony rolnicze i przemysłowe/Opony Mitas;Mitas;;2.0000;;https://static.abstore.pl/img/grasdorf/339f0a0a-62a1-4075-8d2b-a1944b5898c9/l/opona-480%252F70r24-mitas-ac-70-g-138a8-tl.jpg;nowa;AC 70 G;Radialna;Bezdętkowa (TL);138A8 (2360 kg przy 40 km/h);;Opona rolnicza;480/70;;24;4807024MI;4807024MI;
427;633;3528701617800;3408536k;Opona 340/85R36 Kleber TRAKER 132A8/129B;TL (13.6R36);;2270.00;2270.00;2792.10;2792.10;23;23.00;PLN;Opony/Opony rolnicze i przemysłowe/Opony Kleber;Kleber;;4.0000;;https://static.abstore.pl/img/grasdorf/f630b7b1-6ae0-411b-9239-46e250397125/l/opona-340%252F85r36-kleber-traker-132a8%252F129b.png;nowa;Traker;Radialna;Bezdętkowa (TL);132A8/129B (2000 kg przy 40 km/h);;Opona rolnicza;13.6 (340/85, 340/90);;36;13636k;3408536k;
267;1706;3528705317218;4806524MM;Opona 480/65R24 Michelin MULTIBIB 133D;TL;;3980.00;3280.00;4895.40;4034.40;23;23.00;PLN;Opony/Opony rolnicze i przemysłowe/Opony Michelin;Michelin;;2.0000;;https://static.abstore.pl/img/grasdorf/7371d213-56b8-4090-98ce-91947a85a42a/l/opona-480%252F65r24-michelin-multibib-133d.jpg;nowa;Multibib;Radialna;Bezdętkowa (TL);133D (2060 kg przy 65 km/h);;Opona rolnicza;480/65;;24;4806524MM;4806524MM;
770;1850;8590341072023;3809050MI;Opona 380/90R50 Mitas AC 85 160A8/160B;TL (14.9R50);;4330.00;4330.00;5325.90;5325.90;23;23.00;PLN;Opony/Opony rolnicze i przemysłowe/Opony Mitas;Mitas;;2.0000;;https://static.abstore.pl/img/grasdorf/fea7ed26-ed79-441f-bc71-98fec6d6b1ba/l/opona-380%252F90r50-mitas-ac-85-160a8%252F160b.png;nowa;AC 85;Radialna;Bezdętkowa (TL);160A8/160B (4500 kg przy 40 km/h);;Opona rolnicza;14.9 (380/85, 380/90, 400/80);;50;14950mi;3809050MI;
2199;3143;8903635014102;65055265ALLIAN;Opona 650/55R26.5 Alliance 885 170D TL;;;3540.00;3140.00;4354.20;3862.20;23;23.00;PLN;Opony/Opony rolnicze i przemysłowe/Opony Alliance;Alliance;;1.0000;;https://static.abstore.pl/img/grasdorf/8d061fda-ee8f-4416-89f1-f903bb7ea6e0/l/opona-650%252F55r26-5-alliance-885-170d-tl.jpg;nowa;885;Radialna;Bezdętkowa (TL);170D (6000 kg przy 65 km/h);;Opona rolnicza;650/55;;26.5;65055265ALLIAN;65055265ALLIAN;
233;1672;3528702521298;4809550M;Opona VF480/95R50 Michelin YIELDBIB;DOT2017 170A8/170B TL;;15110.00;7190.00;18585.30;8843.70;23;23.00;PLN;Opony/Opony rolnicze i przemysłowe/Opony Michelin;Michelin;;1.0000;;https://static.abstore.pl/img/grasdorf/fdafe56d-47d4-4857-9156-0243bdab5117/l/opona-vf480%252F95r50-michelin-yieldbib.jpg;nowa (DOT 2017);Yieldbib;Radialna;Bezdętkowa (TL);170A8/170B (6000 kg przy 40 km/h);;Opona rolnicza;480/95;;50;4809550M;4809550M;
542;1424;8059971001105;2709538TR;Opona 270/95R38 Trelleborg TM 100;140A8/140B TL (11.2R38);;2740.00;2630.00;3370.20;3234.90;23;23.00;PLN;Opony/Opony rolnicze i przemysłowe/Opony Trelleborg;Trelleborg;;6.0000;;https://static.abstore.pl/img/grasdorf/cb9086c7-85d8-4700-a262-dd284383bc5b/l/opona-270%252F95r38-trelleborg-tm-100.jpg;nowa;TM 100;Radialna;Bezdętkowa (TL);140A8/140B (2500 kg przy 40 km/h);;Opona rolnicza;11.2 (270/95, 280/85);;38;11238tr;2709538TR;
1255;2038;8059971009781;4209030TR;Opona 420/90R30 Trelleborg TM 600;147A8/147B TL;;3830.00;3390.00;4710.90;4169.70;23;23.00;PLN;Opony/Opony rolnicze i przemysłowe/Opony Trelleborg;Trelleborg;;2.0000;;https://static.abstore.pl/img/grasdorf/7bd8fbe5-ba4d-47c4-a282-2252302d6d51/l/opona-420%252F90r30-trelleborg-tm-600.jpg;nowa;TM 600;Radialna;Bezdętkowa (TL);147A8/147B (3075 kg przy 40 km/h);;Opona rolnicza;420/90;;30;4209030TR;4209030TR;
1206;2164;8903094029747;3009552BKT;Opona 300/95R52 BKT Agrimax RT 955;151A8/151B TL (12.4R52);;2810.00;2810.00;3456.30;3456.30;23;23.00;PLN;Opony/Opony rolnicze i przemysłowe/Opony BKT;BKT;;2.0000;;https://static.abstore.pl/img/grasdorf/02beaef9-a44d-4ea1-9715-9e059a1b0b01/l/opona-300%252F95r52-bkt-agrimax-rt-955.jpg;nowa;RT 955;Radialna;Bezdętkowa (TL);151A8/151B (3450 kg przy 40 km/h);;Opona rolnicza;12.4 (320/85, 300/95, 320/90);;52;12452bkt;3009552BKT;8903094029747
85;1241;3528706651847;6006028M;Opona VF600/60R28 Michelin XEOBIB DOT22;146D TL;;6570.00;5790.00;8081.10;7121.70;23;23.00;PLN;Opony/Opony rolnicze i przemysłowe/Opony Michelin;Michelin;;2.0000;;https://static.abstore.pl/img/grasdorf/1e631bb2-334d-4979-80d7-3309322875d8/l/opona-vf600%252F60r28-michelin-xeobib-dot22.jpg;nowa (DOT 2022);Xeobib;Radialna;Bezdętkowa (TL);146D (3000 kg przy 65 km/h);;Opona rolnicza;600/60;;28;6006028M;6006028M;
257;1696;3528701317205;10005532M;Opona IF1000/55R32 Michelin CEREXBIB CFO;188A8 TL;;33280.00;33280.00;40934.40;40934.40;23;23.00;PLN;Opony/Opony rolnicze i przemysłowe/Opony Michelin;Michelin;;2.0000;;https://static.abstore.pl/img/grasdorf/bda8d978-546e-41c1-a958-1123b7f55c74/l/opona-if1000%252F55r32-michelin-cerexbib-cfo.jpg;nowa;Cerexbib;Radialna;Bezdętkowa (TL);188A8 (10000 kg przy 40 km/h);;Opona rolnicza;1000/55;;32;10005532M;10005532M;
1559;3075;8059971014990;3405516TR;Opona 340/55-16 Trelleborg AW 305 140A8;TL;;720.00;720.00;885.60;885.60;23;23.00;PLN;Opony/Opony rolnicze i przemysłowe/Opony Trelleborg;Trelleborg;;5.0000;;https://static.abstore.pl/img/grasdorf/f5542de5-1976-4241-9778-677d4b45b60a/l/opona-340%252F55-16-trelleborg-aw-305-140a8.jpg;nowa;AW 305;Diagonalna;Bezdętkowa (TL);140A8 (2500 kg przy 40 km/h);;Opona rolnicza;340/55;;16;3405516TR;3405516TR;
2130;2849;7291050014014;50060225AA-33116;Opona 500/60-22.5 Alliance A-331 16PR;163A8/151A8 TL;;2370.00;2180.00;2915.10;2681.40;23;23.00;PLN;Opony/Opony rolnicze i przemysłowe/Opony Alliance;Alliance;;2.0000;;https://static.abstore.pl/img/grasdorf/4b08c92c-1f6c-4f7a-a821-d352bed76858/l/opona-500%252F60-22-5-alliance-a-331-16pr.png;nowa;A-331;Diagonalna;Bezdętkowa (TL);;16 PR;Opona rolnicza;500/60;;22.5;50060265A;50060225AA-33116;
1109;1592;8903635019916;4408034A;Opona 440/80R34 Alliance I-550;159A8/155D TL (16.9R34);;4660.00;3810.00;5731.80;4686.30;23;23.00;PLN;Opony/Opony rolnicze i przemysłowe/Opony Alliance;Alliance;;2.0000;;https://static.abstore.pl/img/grasdorf/935060be-19c9-414c-96c2-8981372e802c/l/opona-440%252F80r34-alliance-i-550.jpg;nowa;I-550;Radialna;Bezdętkowa (TL);159A8/155D (4375 kg przy 40 km/h);;Opona przemysłowa/komunalna;16.9 (420/85, 420/80, 440/80);;34;16934a;4408034A;
156;1274;3528708423008;4808046MY;Opona VF480/80R46 Michelin YIELDBIB;164A8/164B TL (18.4R46);;10380.00;10380.00;12767.40;12767.40;23;23.00;PLN;Opony/Opony rolnicze i przemysłowe/Opony Michelin;Michelin;;2.0000;;https://static.abstore.pl/img/grasdorf/e9f13852-d259-4a7b-a368-6a975580f46a/l/opona-vf480%252F80r46-michelin-yieldbib.jpg;nowa;Yieldbib;Radialna;Bezdętkowa (TL);164A8/164B (5000 kg przy 40 km/h);;Opona rolnicza;18.4 (460/85, 480/80);;46;18446my;4808046MY;
873;1953;8590341076946;5406538MIT;Opona 540/65R38 Mitas AC 65 147D/150A8;TL;;3990.00;3790.00;4907.70;4661.70;23;23.00;PLN;Opony/Opony rolnicze i przemysłowe/Opony Mitas;Mitas;;3.0000;;https://static.abstore.pl/img/grasdorf/d9f66664-100c-45dc-8a84-71bedbc3b5fb/l/opona-540%252F65r38-mitas-ac-65-147d%252F150a8.jpg;nowa;AC 65;Radialna;Bezdętkowa (TL);147D/150A8 (3350 kg przy 40 km/h);;Opona rolnicza;540/65;;38;5406538MIT;5406538MIT;
6;1085;3528707595560;5207038K;Opona 520/70R38 Kleber FITKER 150A8/150B;TL;;4370.00;4370.00;5375.10;5375.10;23;23.00;PLN;Opony/Opony rolnicze i przemysłowe/Opony Kleber;Kleber;;4.0000;;https://static.abstore.pl/img/grasdorf/cde1a4ff-dc57-4dad-b941-9165fd638dab/l/opona-520%252F70r38-kleber-fitker-150a8%252F150b.jpg;nowa;Fitker;Radialna;Bezdętkowa (TL);150A8/150B (3350 kg przy 40 km/h);;Opona rolnicza;520/70;;38;5207038K;5207038K;Opona 520/70R38 Kleber FITKER 150A8/150B TL
602;539;7291050056687;3855518a;Opona 385/55R18 Alliance 601 140A8/140B;TL (15.5/55R18);;2000.00;1870.00;2460.00;2300.10;23;23.00;PLN;Opony/Opony rolnicze i przemysłowe/Opony Mitas;Alliance;;2.0000;;https://static.abstore.pl/img/grasdorf/da123187-983b-4866-a992-bcbeea80b538/l/opona-385%252F55r18-alliance-601-140a8%252F140b.png;nowa;RD 01;Radialna;Bezdętkowa (TL);140A8/140B;;Opona rolnicza;14.9 (380/85, 380/90, 400/80);;18;1555519a;3855518a;
155;1273;3528703054573;3808534MY;Opona VF380/85R34 Michelin YIELDBIB;149A8/148B TL (14.9R34);;5350.00;4980.00;6580.50;6125.40;23;23.00;PLN;Opony/Opony rolnicze i przemysłowe/Opony Michelin;Michelin;;2.0000;;https://static.abstore.pl/img/grasdorf/6655063c-245a-4260-94a2-c83c2a94a5c3/l/opona-vf380%252F85r34-michelin-yieldbib.jpg;nowa;Yieldbib;Radialna;Bezdętkowa (TL);149A8/148B (3250 kg przy 40 km/h);;Opona rolnicza;14.9 (380/85, 380/90, 400/80);;34;14934my;3808534MY;
543;1425;8059971001129;3009552TR;Opona 300/95R52 Trelleborg TM 100;151A8/151B TL (12.4R52);;4050.00;4050.00;4981.50;4981.50;23;23.00;PLN;Opony/Opony rolnicze i przemysłowe/Opony Trelleborg;Trelleborg;;4.0000;;https://static.abstore.pl/img/grasdorf/9ede8260-9540-4318-b923-07b141c52f79/l/opona-300%252F95r52-trelleborg-tm-100.jpg;nowa;TM 100;Radialna;Bezdętkowa (TL);151A8/151B (3450 kg przy 40 km/h);;Opona rolnicza;12.4 (320/85, 300/95, 320/90);;52;12452tr;3009552TR;
1833;2551;;3208536A-IN;Opona 320/85R36 Alliance FarmPro DOT24;128A8/128B TL (12.4R36);;1290.00;1290.00;1586.70;1586.70;23;23.00;PLN;Opony/Opony rolnicze i przemysłowe/Opony Alliance;Alliance;;4.0000;;https://static.abstore.pl/img/grasdorf/1f49b182-2cfa-480d-9ae5-f46e803ada3e/l/opona-320%252F85r36-alliance-farmpro-dot24.png;nowa (DOT 2024);FarmPro;Radialna;Bezdętkowa (TL);128A8 (1800 kg przy 40 km/h);;Opona rolnicza;12.4 (320/85, 300/95, 320/90);;36;12436a-in;3208536A-IN;
147;1439;3528706227097;4808046MI;Opona 480/80R46 Michelin AGRIBIB 2;158A8/158B TL (18.4R46);;8980.00;7990.00;11045.40;9827.70;23;23.00;PLN;Opony/Opony rolnicze i przemysłowe/Opony Michelin;Michelin;;2.0000;;https://static.abstore.pl/img/grasdorf/dfe048bc-7494-44dd-b7a7-aca7427e56d8/l/opona-480%252F80r46-michelin-agribib-2.jpg;nowa;Agribib;Radialna;Bezdętkowa (TL);158A8/158B (4250 kg przy 40 km/h);;Opona rolnicza;18.4 (460/85, 480/80);;46;18446mi;4808046MI;
184;937;3528704058594;5208542M;Opona 520/85R42 Michelin AGRIBIB 2;162A8/162B TL (20.8R42);;9350.00;8680.00;11500.50;10676.40;23;23.00;PLN;Opony/Opony rolnicze i przemysłowe/Opony Michelin;Michelin;;4.0000;;https://static.abstore.pl/img/grasdorf/bf21e60e-d231-41bc-810b-5daf7db0eca6/l/opona-520%252F85r42-michelin-agribib-2.jpg;nowa;Agribib;Radialna;Bezdętkowa (TL);162A8/162B (4750 kg przy 40 km/h);;Opona rolnicza;20.8 (520/85);;42;20842m;5208542M;
221;1659;3528705307646;6508542M;Opona VF650/85R42 Michelin AXIOBIB 2;183D/180E TL;;24590.00;20910.00;30245.70;25719.30;23;23.00;PLN;Opony/Opony rolnicze i przemysłowe/Opony Michelin;Michelin;;2.0000;;https://static.abstore.pl/img/grasdorf/dbedb6ff-a456-4751-bac3-964641d13386/l/opona-vf650%252F85r42-michelin-axiobib-2.jpg;nowa;Axiobib 2;Radialna;Bezdętkowa (TL);183D/180E  (8750 kg przy 65 km/h);;Opona rolnicza;650/85;;42;6508542M;6508542M;
387;1088;3528706550287;4207028K;Opona 420/70R28 Kleber FITKER 133A8/133B;TL;;2410.00;2410.00;2964.30;2964.30;23;23.00;PLN;Opony/Opony rolnicze i przemysłowe/Opony Kleber;Kleber;;6.0000;;https://static.abstore.pl/img/grasdorf/bc13c66d-c914-4e8a-b298-6d55112a64d1/l/opona-420%252F70r28-kleber-fitker-133a8%252F133b.jpg;nowa;Fitker;Radialna;Bezdętkowa (TL);133A8/133B (2060 kg przy 40 km/h);;Opona rolnicza;420/70;;28;4207028K;4207028K;
385;1206;3528700240955;5406530K;Opona 540/65R30 Kleber GRIPKER 143D TL;;;3980.00;3980.00;4895.40;4895.40;23;23.00;PLN;Opony/Opony rolnicze i przemysłowe/Opony Kleber;Kleber;;8.0000;;https://static.abstore.pl/img/grasdorf/0945b61e-fcf9-4108-976a-2e54e39d3a08/l/opona-540%252F65r30-kleber-gripker-143d-tl.jpg;nowa;Gripker;Radialna;Bezdętkowa (TL);143D (2725 kg przy 65 km/h);;Opona rolnicza;540/65;;30;5406530K;5406530K;
629;56;8590341070517;2708032mit;Opona 270/80R32 Mitas AC 90 131A8/128B;TL;;1630.00;1630.00;2004.90;2004.90;23;23.00;PLN;Opony/Opony rolnicze i przemysłowe/Opony Mitas;Mitas;;2.0000;;https://static.abstore.pl/img/grasdorf/3f28dd2f-c041-41c2-94e1-e32172b72067/l/opona-270%252F80r32-mitas-ac-90-131a8%252F128b.png;nowa;AC 90;Radialna;Bezdętkowa (TL);131A8/128B (1950 kg przy 40 km/h);;Opona rolnicza;270/80;;32;2708032mit;2708032mit;
301;1740;3528704158294;3408018MMM;Opona 340/80R18 Michelin BIBLOAD;143A8/143B TL (12.5/80R18);;2540.00;2540.00;3124.20;3124.20;23;23.00;PLN;Opony/Opony rolnicze i przemysłowe/Opony Michelin;Michelin;;2.0000;;https://static.abstore.pl/img/grasdorf/de5da062-51f2-424a-9364-9a5f9b04979e/l/opona-340%252F80r18-michelin-bibload.jpg;nowa;BIBLOAD HARD SURFACE;Radialna;Bezdętkowa (TL);143A8/143B (2725 kg przy 40 km/h);;Opona przemysłowa/komunalna;340/80;;18;1258018mmm;3408018MMM;
417;492;8590341110749;90024Cu;Opona 9.00-24 Cultor AW Implement 13;10PR TT DOT2017;;920.00;750.00;1131.60;922.50;23;23.00;PLN;Opony/Opony rolnicze i przemysłowe/Pozostałe;Cultor;;2.0000;;https://static.abstore.pl/img/grasdorf/66d5fd83-fae5-471c-bac8-a1ea25cc19dd/l/opona-9-00-24-cultor-aw-implement-13.jpg;nowa (DOT 2017);AW Implement 13;Diagonalna;Dętkowa (TT);;10 PR;Opona rolnicza;9.00;;24;924Cu;90024Cu;
831;1911;8590341076748;4406524MIT;Opona 440/65R24 Mitas AC 65 128D/131A8;TL;;2000.00;2000.00;2460.00;2460.00;23;23.00;PLN;Opony/Opony rolnicze i przemysłowe/Opony Mitas;Mitas;;1.0000;;https://static.abstore.pl/img/grasdorf/9a1b94d0-2931-4d3f-8643-b65308ba9553/l/opona-440%252F65r24-mitas-ac-65-128d%252F131a8.jpg;nowa;AC 65;Radialna;Bezdętkowa (TL);128D/131A8 (1950 kg przy 40 km/h);;Opona rolnicza;440/65;;24;4406524MIT;4406524MIT;
399;732;3528701621289;12428K;Opona 12.4R28 Kleber SUPER VIGNE 121A8;TL (320/85R28);;1800.00;1580.00;2214.00;1943.40;23;23.00;PLN;Opony/Opony rolnicze i przemysłowe/Opony Kleber;Kleber;;4.0000;;https://static.abstore.pl/img/grasdorf/faf19d9f-f36b-42a5-8939-e9086faf7a2d/l/opona-12-4r28-kleber-super-vigne-121a8.png;nowa;Super Vigne;Radialna;Bezdętkowa (TL);121A8 (1450 kg przy 40 km/h);;Opona rolnicza;12.4 (320/85, 300/95, 320/90);;28;3208528K;12428K;
133;1599;3528705104955;5206028M;Opona VF520/60R28 Michelin XEOBIB 138D;TL;;5660.00;5660.00;6961.80;6961.80;23;23.00;PLN;Opony/Opony rolnicze i przemysłowe/Opony Michelin;Michelin;;4.0000;;https://static.abstore.pl/img/grasdorf/90a941d5-e7ec-4de3-bd73-f1cbcbea861a/l/opona-vf520%252F60r28-michelin-xeobib-138d.jpg;nowa;Xeobib;Radialna;Bezdętkowa (TL);138D (2360 kg przy 65 km/h);;Opona rolnicza;520/60;;28;5206028M;5206028M;
137;1587;3528701786902;4007024XMCL;Opona 400/70R24 Michelin XMCL 152A8/152B;TL (16.0/70R24, 405/70R24);;3360.00;3260.00;4132.80;4009.80;23;23.00;PLN;Opony/Opony rolnicze i przemysłowe/Opony Michelin;Michelin;;2.0000;;https://static.abstore.pl/img/grasdorf/1d07e845-7d27-491b-b078-30208d16658f/l/opona-400%252F70r24-michelin-xmcl-152a8%252F152b.jpg;nowa;XMCL;Radialna;Bezdętkowa (TL);152A8/152B (3550 kg przy 40 km/h);;Opona przemysłowa/komunalna;400/70;;24;4007024XMCL;4007024XMCL;
754;1833;8590341070142;2709532MIT;Opona 270/95R32 Mitas AC 85 136A8/136B;TL (11.2R32);;1920.00;1920.00;2361.60;2361.60;23;23.00;PLN;Opony/Opony rolnicze i przemysłowe/Opony Mitas;Mitas;;2.0000;;https://static.abstore.pl/img/grasdorf/d50df953-5336-41de-bd13-9d3b84d5a72c/l/opona-270%252F95r32-mitas-ac-85-136a8%252F136b.png;nowa;AC 85;Radialna;Bezdętkowa (TL);136A8/136B (2240 kg przy 40 km/h);;Opona rolnicza;11.2 (270/95, 280/85);;32;11232mit;2709532MIT;
360;1793;3528705018382;4406528K;Opona 440/65R28 Kleber GRIPKER 131D TL;;;2560.00;2560.00;3148.80;3148.80;23;23.00;PLN;Opony/Opony rolnicze i przemysłowe/Opony Kleber;Kleber;;4.0000;;https://static.abstore.pl/img/grasdorf/b1df8781-ba0b-43ed-a7b0-6b81b1f99a20/l/opona-440%252F65r28-kleber-gripker-131d-tl.jpg;nowa;Gripker;Radialna;Bezdętkowa (TL);131D (1950 kg przy 65 km/h);;Opona rolnicza;440/65;;28;4406528K;4406528K;
410;948;3528703971764;4406524K;Opona 440/65R24 Kleber GRIPKER 128D TL;;;2040.00;2040.00;2509.20;2509.20;23;23.00;PLN;Opony/Opony rolnicze i przemysłowe/Opony Kleber;Kleber;;2.0000;;https://static.abstore.pl/img/grasdorf/eebac60e-9d22-4147-902d-573fa751a396/l/opona-440%252F65r24-kleber-gripker-128d-tl.jpg;nowa;Gripker;Radialna;Bezdętkowa (TL);128D (1800 kg przy 65 km/h);;Opona rolnicza;440/65;;24;4406524K;4406524K;
359;1792;3528707474254;3009552KK;Opona 300/95R52 Kleber CROPKER;151D/154A8 TL (12.4R52);;3350.00;3350.00;4120.50;4120.50;23;23.00;PLN;Opony/Opony rolnicze i przemysłowe/Opony Kleber;Kleber;;4.0000;;https://static.abstore.pl/img/grasdorf/7788f1a6-a566-4b34-bf94-de273c05b2d2/l/opona-300%252F95r52-kleber-cropker.jpg;nowa;Cropker;Radialna;Bezdętkowa (TL);151D/154A8 (3450 kg przy 65 km/h);;Opona rolnicza;12.4 (320/85, 300/95, 320/90);;52;12452kk;3009552KK;Opona 300/95R52 Kleber CROPKER
2203;3142;3528701621296;13528K;Opona 13.6R28 Kleber Super Vigne 127A8;TL (340/85R28);;2150.00;1490.00;2644.50;1832.70;23;23.00;PLN;Opony/Opony rolnicze i przemysłowe/Opony Kleber;Kleber;;1.0000;;https://static.abstore.pl/img/grasdorf/2265af1a-7a0c-4ac1-8196-441ab7b8e1af/l/opona-13-6r28-kleber-super-vigne-127a8.png;nowa;Super Vigne;Radialna;Bezdętkowa (TL);127A8 (1750 kg przy 40 km/h);;Opona rolnicza;13.6 (340/85, 340/90);;28;3408528k;13528K;
408;941;3528709198134;2807018K;Opona 280/70R18 Kleber FITKER 114A8/111B;TL;;1290.00;1290.00;1586.70;1586.70;23;23.00;PLN;Opony/Opony rolnicze i przemysłowe/Opony Kleber;Kleber;;4.0000;;https://static.abstore.pl/img/grasdorf/1a0a8cec-4907-4708-aa90-92b3946b16e3/l/opona-280%252F70r18-kleber-fitker-114a8%252F111b.jpg;nowa;Fitker;Radialna;Bezdętkowa (TL);114A8/111B (1180 kg przy 40 km/h);;Opona rolnicza;280/70;;18;2807018K;2807018K;
1576;2291;6973033765540;26120016J;Opona 26x12.00-16 Journey P5038 4PR TL;(26x12-16);;230.00;230.00;282.90;282.90;23;23.00;PLN;Opony/Opony rolnicze i przemysłowe/Pozostałe;Journey;;4.0000;;https://static.abstore.pl/img/grasdorf/482d7832-a698-4df5-a04c-9b6625c79150/l/opona-26x12-00-16-journey-p5038-4pr-tl.png;nowa;A-365;Diagonalna;Bezdętkowa (TL);;4 PR;Opona przemysłowa/komunalna;26x12.00;;16;261216J;26120016J;
151;1407;3528702231531;5406530M;Opona 540/65R30 Michelin MULTIBIB 143D;TL;;5880.00;5410.00;7232.40;6654.30;23;23.00;PLN;Opony/Opony rolnicze i przemysłowe/Opony Michelin;Michelin;;1.0000;;https://static.abstore.pl/img/grasdorf/7c0e9de1-2b66-4f31-94e7-ce0015d02a9e/l/opona-540%252F65r30-michelin-multibib-143d.jpg;nowa;Multibib;Radialna;Bezdętkowa (TL);143D (2725 kg przy 65 km/h);;Opona rolnicza;540/65;;30;5406530M;5406530M;
409;946;3528701617848;5208538K;Opona 520/85R38 Kleber TRAKER 155A8/152B;TL (20.8R38);;4730.00;4730.00;5817.90;5817.90;23;23.00;PLN;Opony/Opony rolnicze i przemysłowe/Opony Kleber;Kleber;;4.0000;;https://static.abstore.pl/img/grasdorf/56ba0858-2adb-4875-838c-6c0878da3a06/l/opona-520%252F85r38-kleber-traker-155a8%252F152b.png;nowa;Traker;Radialna;Bezdętkowa (TL);155A8/152B (3875 kg przy 40 km/h);;Opona rolnicza;20.8 (520/85);;38;20838k;5208538K;
416;193;3528701621272;11228K;Opona 11.2R28 Kleber SUPER VIGNE DOT23;116A8 TL (280/85R28);;1600.00;1380.00;1968.00;1697.40;23;23.00;PLN;Opony/Opony rolnicze i przemysłowe/Opony Kleber;Kleber;;6.0000;;https://static.abstore.pl/img/grasdorf/fe2fa727-82a4-4989-af42-34494e02f0cd/l/opona-11-2r28-kleber-super-vigne-dot23.png;nowa (DOT 2023);Super Vigne;Radialna;Bezdętkowa (TL);116A8 (1250 kg przy 40 km/h);;Opona rolnicza;11.2 (270/95, 280/85);;28;2808528k;11228K;
159;1233;3528706108730;3408018M;Opona 340/80-18 Michelin POWER CL 143A8;TL (12.5/80-18);;2040.00;2040.00;2509.20;2509.20;23;23.00;PLN;Opony/Opony rolnicze i przemysłowe/Opony Michelin;Michelin;;22.0000;;https://static.abstore.pl/img/grasdorf/bb334105-9023-464a-8ad1-73c4968c2a63/l/opona-340%252F80-18-michelin-power-cl-143a8.jpg;nowa;POWER CL;Diagonalna;Bezdętkowa (TL);143A8 (2725 kg przy 40 km/h);;Opona przemysłowa/komunalna;340/80;;18;1258018M;3408018M;
79;1159;7291050053075;6506542A;Opona 650/65R42 Alliance 365 DOT24;170D/173A8 TL;;3880.00;3880.00;4772.40;4772.40;23;23.00;PLN;Opony/Opony rolnicze i przemysłowe/Opony Alliance;Alliance;;2.0000;;https://static.abstore.pl/img/grasdorf/2f06cba0-59d9-49cd-a843-775f973bb37c/l/opona-650%252F65r42-alliance-365-dot24.png;nowa (DOT 2024);A-365;Radialna;Bezdętkowa (TL);170D/173A8 (6500 kg przy 40 km/h);;Opona rolnicza;650/65;;42;6506542A;6506542A;
442;1464;3528705890414;9544T;Opona 230/95R44 Taurus RC 95 134A8/134B;TL (9.5R44);;2070.00;1570.00;2546.10;1931.10;23;23.00;PLN;Opony/Opony rolnicze i przemysłowe/Opony Taurus;Taurus;;3.0000;;https://static.abstore.pl/img/grasdorf/1ad7f56b-a7c2-4c3e-abb1-6029074282e5/l/opona-230%252F95r44-taurus-rc-95-134a8%252F134b.jpg;nowa;RC 95;Radialna;Bezdętkowa (TL);134A8/134B (2120 kg przy 40 km/h);;Opona rolnicza;9.5 (250/85, 230/95);;44;2309544t;9544T;TAURUSSOILSAVERRC959.5R44134B
150;1349;3528708360334;3809538M;Opona 380/95R38 Michelin AGRIBIB;147A8/147B TL;;5290.00;4870.00;6506.70;5990.10;23;23.00;PLN;Opony/Opony rolnicze i przemysłowe/Opony Michelin;Michelin;;2.0000;;https://static.abstore.pl/img/grasdorf/25a3c0aa-5ba0-4791-a504-b2d1965fd099/l/opona-380%252F95r38-michelin-agribib.jpg;nowa;Agribib;Radialna;Bezdętkowa (TL);147A8/147B (3075 kg przy 40 km/h);;Opona rolnicza;380/95;;38;3809538M;3809538M;
27;1415;3528708877306;8007038MIC;Opona 800/70R38 Michelin MACHXBIB 173D;TL;;21610.00;19990.00;26580.30;24587.70;23;23.00;PLN;Opony/Opony rolnicze i przemysłowe/Opony Michelin;Michelin;;3.0000;;https://static.abstore.pl/img/grasdorf/1ac3b771-5424-482c-9621-48081d7028cc/l/opona-800%252F70r38-michelin-machxbib-173d.jpg;nowa;Machxbib;Radialna;Bezdętkowa (TL);173D (6500 kg przy 65 km/h);;Opona rolnicza;800/70;;38;8007038MIC;8007038MIC;
357;1790;3528709735056;2309548KK;Opona 230/95R48 Kleber CROPKER;136D/139A8 TL (9.5R48);;2350.00;2350.00;2890.50;2890.50;23;23.00;PLN;Opony/Opony rolnicze i przemysłowe/Opony Kleber;Kleber;;2.0000;;https://static.abstore.pl/img/grasdorf/0edc778e-a801-4deb-accc-bd5c1e07a829/l/opona-230%252F95r48-kleber-cropker.jpg;nowa;Cropker;Radialna;Bezdętkowa (TL);136D/139A8 (2430 kg przy 40 km/h);;Opona rolnicza;9.5 (250/85, 230/95);;48;9548kk;2309548KK;973505
136;1586;3528700502671;4008024M;Opona 400/80-24 Michelin POWER CL 162A8;TL (15.5/80-24);;3150.00;3150.00;3874.50;3874.50;23;23.00;PLN;Opony/Opony rolnicze i przemysłowe/Opony Michelin;Michelin;;21.0000;;https://static.abstore.pl/img/grasdorf/9774e26c-1b63-449e-8922-73e5783b481b/l/opona-400%252F80-24-michelin-power-cl-162a8.jpg;nowa;POWER CL;Diagonalna;Bezdętkowa (TL);162A8 (4750 kg przy 40 km/h);;Opona przemysłowa/komunalna;15.5/80 (400/80);;24;1558024m;4008024M;15.5/80-24POWERCL20PR
491;80;3528709626071;2709542T;Opona 270/95R42 Taurus RC 95 141A8/141B;TL (11.2R42);;2540.00;1990.00;3124.20;2447.70;23;23.00;PLN;Opony/Opony rolnicze i przemysłowe/Opony Taurus;Taurus;;12.0000;;https://static.abstore.pl/img/grasdorf/f7e2a366-58bb-40c3-b7f7-56b4223c8ce4/l/opona-270%252F95r42-taurus-rc-95-141a8%252F141b.jpg;nowa;RC 95;Radialna;Bezdętkowa (TL);141A8/141B (2575 kg przy 40 km/h);;Opona rolnicza;11.2 (270/95, 280/85);;42;11242t;2709542T;2709542.141A8
1018;1495;8903094028610;2309542BKT;Opona 230/95R42 BKT Agrimax RT 955;133A8/133B TL (9.5R42);;1610.00;1610.00;1980.30;1980.30;23;23.00;PLN;Opony/Opony rolnicze i przemysłowe/Opony BKT;BKT;;2.0000;;https://static.abstore.pl/img/grasdorf/0c775ccb-636b-4430-833a-79300b17f21f/l/opona-230%252F95r42-bkt-agrimax-rt-955.jpg;nowa;RT 955;Radialna;Bezdętkowa (TL);133A8/133B (2060 kg przy 40 km/h);;Opona rolnicza;9.5 (250/85, 230/95);;42;9542bkt;2309542BKT;8903094028610
3;76;3528701884042;9528k;Opona 9.5R28 Kleber SUPER VIGNE 109A8 TL;(250/85R28);;1370.00;1370.00;1685.10;1685.10;23;23.00;PLN;Opony/Opony rolnicze i przemysłowe/Opony Kleber;Kleber;;8.0000;;https://static.abstore.pl/img/grasdorf/e79a8513-696d-4e6f-93d3-afabc551edb4/l/opona-9-5r28-kleber-super-vigne-109a8-tl.png;nowa;Super Vigne;Radialna;Bezdętkowa (TL);109A8 (1030 kg przy 40 km/h);;Opona rolnicza;9.5 (250/85, 230/95);;28;2508528k;9528k;
497;533;3528708124097;2309548t;Opona 230/95R48 Taurus RC 95 DOT22;136A8/136B TL (9.5R48);;2430.00;1690.00;2988.90;2078.70;23;23.00;PLN;Opony/Opony rolnicze i przemysłowe/Opony Taurus;Taurus;;2.0000;;https://static.abstore.pl/img/grasdorf/6ae0a6a7-a46f-49c6-ad6d-b14740816e03/l/opona-230%252F95r48-taurus-rc-95-dot22.jpg;nowa (DOT 2022);RC 95;Radialna;Bezdętkowa (TL);136A8/136B (2240 kg przy 40 km/h);;Opona rolnicza;9.5 (250/85, 230/95);;48;9548t;2309548t;TAURUSSOILSAVERRC959.5R48136B
444;1535;3528705296179;4406524T;Opona 440/65R24 Taurus POINT 65 DOT23;128A8/128B TL;;1350.00;1350.00;1660.50;1660.50;23;23.00;PLN;Opony/Opony rolnicze i przemysłowe/Opony Taurus;Taurus;;1.0000;;https://static.abstore.pl/img/grasdorf/914c5f37-5ed9-4d95-9e23-a6a61db4d13f/l/opona-440%252F65r24-taurus-point-65-dot23.jpg;nowa (DOT 2023);Point 65;Radialna;Bezdętkowa (TL);128A8/128B (1800 kg przy 40 km/h);;Opona rolnicza;440/65;;24;4406524T;4406524T;
953;38;8903635011873;11232A;Opona 270/95R32 Alliance 350 132D/135A8;TL (11.2R32);;1290.00;1290.00;1586.70;1586.70;23;23.00;PLN;Opony/Opony rolnicze i przemysłowe/Opony Alliance;Alliance;;2.0000;;https://static.abstore.pl/img/grasdorf/ad4bc839-370c-4c34-a77c-090dbd9753a7/l/opona-270%252F95r32-alliance-350-132d%252F135a8.png;nowa;A-350;Radialna;Bezdętkowa (TL);132D/135A8 (2000 kg przy 65 km/h);;Opona rolnicza;11.2 (270/95, 280/85);;32;2709532A;11232A;
1130;1626;8903094041374;9516BKT;Opona 9.5-16 BKT TR 144 6PR TT;;;440.00;440.00;541.20;541.20;23;23.00;PLN;Opony/Opony rolnicze i przemysłowe/Opony BKT;BKT;;1.0000;;https://static.abstore.pl/img/grasdorf/48dd9b52-807c-4e71-8a99-74bd29f374a4/l/opona-9-5-16-bkt-tr-144-6pr-tt.jpg;nowa;TR 144;Diagonalna;Dętkowa (TT);;6 PR;Opona rolnicza;9.5 (250/85, 230/95);;16;OP-4314;9516BKT;
582;1614;3528703468097;4007020M;Opona 400/70-20 Michelin POWER CL 149A8;TL (16.0/70-20, 405/70-20);;2470.00;2470.00;3038.10;3038.10;23;23.00;PLN;Opony/Opony rolnicze i przemysłowe/Opony Michelin;Michelin;;20.0000;;https://static.abstore.pl/img/grasdorf/c96af964-7e10-4efb-95d4-552ee77c942f/l/opona-400%252F70-20-michelin-power-cl-149a8.jpg;nowa;POWER CL;Diagonalna;Bezdętkowa (TL);149A8 (3250 kg przy 40 km/h);;Opona przemysłowa/komunalna;400/70;;20;4057020M;4007020M;MICHELINPOWCL16/70-20149A8
418;500;3528701617794;3208536k;Opona 320/85R36 Kleber TRAKER 128A8/125B;TL (12.4R36);;2080.00;2080.00;2558.40;2558.40;23;23.00;PLN;Opony/Opony rolnicze i przemysłowe/Opony Kleber;Kleber;;6.0000;;https://static.abstore.pl/img/grasdorf/f0923245-b573-4ea7-845f-3bbad32ab571/l/opona-320%252F85r36-kleber-traker-128a8%252F125b.png;nowa;Traker;Radialna;Bezdętkowa (TL);128A8/125B (1800 kg przy 40 km/h);;Opona rolnicza;12.4 (320/85, 300/95, 320/90);;36;12436k;3208536k;
1661;2377;8903635028536;4608538Aaii;Opona 460/85R38 Alliance AGRISTAR II 85;149D TL (18.4R38);;2640.00;2640.00;3247.20;3247.20;23;23.00;PLN;Opony/Opony rolnicze i przemysłowe/Opony Alliance;Alliance;;1.0000;;https://static.abstore.pl/img/grasdorf/525222c8-b7ef-4973-9de6-4911d357c71a/l/opona-460%252F85r38-alliance-agristar-ii-85.png;nowa;A-385;Radialna;Bezdętkowa (TL);149D (3250 kg przy 65 km/h);;Opona rolnicza;18.4 (460/85, 480/80);;38;18438Aaii;4608538Aaii;
664;718;;3809046MITA;Opona 380/90R46 Mitas AC 85 159A8/156B;TL (14.9R46);;3860.00;3860.00;4747.80;4747.80;23;23.00;PLN;Opony/Opony rolnicze i przemysłowe/Opony Mitas;Mitas;;4.0000;;https://static.abstore.pl/img/grasdorf/52e9b881-d7bd-4ac2-b8c4-040ab738df1c/l/opona-380%252F90r46-mitas-ac-85-159a8%252F156b.png;nowa;AC 85;Radialna;Bezdętkowa (TL);159A8/156B (4375 kg przy 40 km/h);;Opona rolnicza;14.9 (380/85, 380/90, 400/80);;46;14946mita;3809046MITA;
60;970;3528700094176;6006534K;Opona 600/65R34 Kleber GRIPKER 151D TL;;;4990.00;4990.00;6137.70;6137.70;23;23.00;PLN;Opony/Opony rolnicze i przemysłowe/Opony Kleber;Kleber;;2.0000;;https://static.abstore.pl/img/grasdorf/a5b9e439-cae0-4b9c-ae92-0aa442e25d05/l/opona-600%252F65r34-kleber-gripker-151d-tl.jpg;nowa;Gripker;Radialna;Bezdętkowa (TL);151D (3450 kg przy 65 km/h);;Opona rolnicza;600/65;;34;6006534K;6006534K;
298;1737;3528705427948;5007024MM;Opona 500/70R24 Michelin XMCL 164A8/164B;TL;;4460.00;4210.00;5485.80;5178.30;23;23.00;PLN;Opony/Opony rolnicze i przemysłowe/Opony Michelin;Michelin;;3.0000;;https://static.abstore.pl/img/grasdorf/65b816d4-f773-444c-b9b4-26590112d8dd/l/opona-500%252F70r24-michelin-xmcl-164a8%252F164b.jpg;nowa;XMCL;Radialna;Bezdętkowa (TL);164A8/164B (5000 kg przy 40 km/h);;Opona przemysłowa/komunalna;500/70;;24;5007024MM;5007024MM;
454;1814;3528700840728;6006528T;Opona 600/65R28 Taurus POINT HP DOT23;154A8/154B TL;;2670.00;2670.00;3284.10;3284.10;23;23.00;PLN;Opony/Opony rolnicze i przemysłowe/Opony Taurus;Taurus;;3.0000;;https://static.abstore.pl/img/grasdorf/f93efda2-9a5e-4210-8b05-4578e9dfd573/l/opona-600%252F65r28-taurus-point-hp-dot23.png;nowa (DOT 2023);Point HP;Radialna;Bezdętkowa (TL);154A8/154B  (3750 kg przy 40 km/h);;Opona rolnicza;600/65;;28;6006528T;6006528T;
843;1923;;6007028MIT;Opona 600/70R28 Mitas SFT 157D/160A8 TL;;;4800.00;4290.00;5904.00;5276.70;23;23.00;PLN;Opony/Opony rolnicze i przemysłowe/Opony Mitas;Mitas;;2.0000;;https://static.abstore.pl/img/grasdorf/cccf8c02-2572-4f17-9028-34e1a86cbd73/l/opona-600%252F70r28-mitas-sft-157d%252F160a8-tl.png,https://static.abstore.pl/img/grasdorf/15d65ac5-de3c-4b77-9fa9-56ca9c378f2f/l/opona-600%252F70r28-mitas-sft-157d%252F160a8-tl.png;nowa;SFT;Radialna;Bezdętkowa (TL);157D/160A8 (4500 kg przy 40 km/h);;Opona rolnicza;600/70;;28;6007028MIT;6007028MIT;
327;1766;3528705778453;4208030M;Opona 420/80-30 Michelin POWER CL 155A8;TL (16.9-30);;3660.00;3660.00;4501.80;4501.80;23;23.00;PLN;Opony/Opony rolnicze i przemysłowe/Opony Michelin;Michelin;;2.0000;;https://static.abstore.pl/img/grasdorf/915e27c5-82a2-470e-8dee-c70191f48c8a/l/opona-420%252F80-30-michelin-power-cl-155a8.jpg;nowa;POWER CL;Diagonalna;Bezdętkowa (TL);155A8 (3875 kg przy 40 km/h);;Opona przemysłowa/komunalna;16.9 (420/85, 420/80, 440/80);;30;4208030M;4208030M;
322;1761;3528701656298;4408024MMM;Opona 440/80-24 Michelin POWER CL 168A8;TL (16.9-24);;3900.00;3820.00;4797.00;4698.60;23;23.00;PLN;Opony/Opony rolnicze i przemysłowe/Opony Michelin;Michelin;;4.0000;;https://static.abstore.pl/img/grasdorf/dd27ec7e-815e-4262-8830-ce5f75c6f2aa/l/opona-440%252F80-24-michelin-power-cl-168a8.jpg;nowa;POWER CL;Diagonalna;Bezdętkowa (TL);168A8 (5600 kg przy 40 km/h);;Opona przemysłowa/komunalna;16.9 (420/85, 420/80, 440/80);;24;1698024mmm;4408024MMM;
324;1763;3528701962207;5007024MMM;Opona 500/70-24 Michelin POWER CL DOT22;164A8 TL;;3860.00;3790.00;4747.80;4661.70;23;23.00;PLN;Opony/Opony rolnicze i przemysłowe/Opony Michelin;Michelin;;3.0000;;https://static.abstore.pl/img/grasdorf/a0318ab9-7590-4ef9-ae50-a834e7598432/l/opona-500%252F70-24-michelin-power-cl-dot22.jpg;nowa (DOT 2022);POWER CL;Diagonalna;Bezdętkowa (TL);164A8 (5000 kg przy 40 km/h);;Opona przemysłowa/komunalna;500/70;;24;5007024MMM;5007024MMM;
168;1184;3528708975743;4806528M;Opona 480/65R28 Michelin MULTIBIB 136D;TL;;4320.00;4320.00;5313.60;5313.60;23;23.00;PLN;Opony/Opony rolnicze i przemysłowe/Opony Michelin;Michelin;;4.0000;;https://static.abstore.pl/img/grasdorf/2687d24b-aa61-4363-a34e-49350c5a9c57/l/opona-480%252F65r28-michelin-multibib-136d.jpg;nowa;Multibib;Radialna;Bezdętkowa (TL);136D (2240 kg przy 65 km/h);;Opona rolnicza;480/65;;28;4806528M;4806528M;
300;1739;3528703162230;4408028M;Opona 440/80R28 Michelin XMCL 156A8/156B;TL (16.9R28);;4710.00;4550.00;5793.30;5596.50;23;23.00;PLN;Opony/Opony rolnicze i przemysłowe/Opony Michelin;Michelin;;2.0000;;https://static.abstore.pl/img/grasdorf/754d26eb-0496-4300-880f-d45375101c39/l/opona-440%252F80r28-michelin-xmcl-156a8%252F156b.jpg;nowa;XMCL;Radialna;Bezdętkowa (TL);156A8/156B (4000 kg przy 40 km/h);;Opona przemysłowa/komunalna;16.9 (420/85, 420/80, 440/80);;28;16928m;4408028M;
1463;2964;8059971011449;6009TR991;Opona 6.00-9 Trelleborg T991 10PR TT;;;260.00;260.00;319.80;319.80;23;23.00;PLN;Opony/Opony rolnicze i przemysłowe/Opony Trelleborg;Trelleborg;;1.0000;;https://static.abstore.pl/img/grasdorf/e3008b21-9480-4bc1-b614-131905cc49be/l/opona-6-00-9-trelleborg-t991-10pr-tt.jpg;nowa;;Diagonalna;Dętkowa (TT);;10 PR;Opona rolnicza;6;;9;69TR991;6009TR991;
1832;2549;8903635010562;4208534A-IN;Opona 420/85R34 Alliance FarmPro dot 22;142A8 TL (16.9R34);;1890.00;1890.00;2324.70;2324.70;23;23.00;PLN;Opony/Opony rolnicze i przemysłowe/Opony Alliance;Alliance;;2.0000;;https://static.abstore.pl/img/grasdorf/1fbacac1-93b7-4829-8364-78425d41714c/l/opona-420%252F85r34-alliance-farmpro-dot-22.png;nowa (DOT 2022);FarmPro;Radialna;Bezdętkowa (TL);142A8 (2650 kg przy 40 km/h);;Opona rolnicza;16.9 (420/85, 420/80, 440/80);;34;16934a-in;4208534A-IN;
397;1011;3528709874175;4806524K;Opona 480/65R24 Kleber GRIPKER 133D TL;;;2390.00;2390.00;2939.70;2939.70;23;23.00;PLN;Opony/Opony rolnicze i przemysłowe/Opony Kleber;Kleber;;2.0000;;https://static.abstore.pl/img/grasdorf/be9199a6-4753-4103-94cc-bd1b6bd8a284/l/opona-480%252F65r24-kleber-gripker-133d-tl.jpg;nowa;Gripker;Radialna;Bezdętkowa (TL);133D (2060 kg przy 65 km/h);;Opona rolnicza;480/65;;24;4806524K;4806524K;
429;653;3528706560002;5208542k;Opona 520/85R42 Kleber TRAKER 157A8/157B;TL (20.8R42);;5780.00;5780.00;7109.40;7109.40;23;23.00;PLN;Opony/Opony rolnicze i przemysłowe/Opony Kleber;Kleber;;6.0000;;https://static.abstore.pl/img/grasdorf/2979fbd2-e48b-4c1d-a86e-1b9190ed4d41/l/opona-520%252F85r42-kleber-traker-157a8%252F157b.png;nowa;Traker;Radialna;Bezdętkowa (TL);157A8/157B (4125 kg przy 40 km/h);;Opona rolnicza;20.8 (520/85);;42;20842k;5208542k;KLE20842TRAKER157A8
86;1244;3528700057225;6506538K;Opona 650/65R38 Kleber GRIPKER 157D TL;;;6200.00;6200.00;7626.00;7626.00;23;23.00;PLN;Opony/Opony rolnicze i przemysłowe/Opony Kleber;Kleber;;6.0000;;https://static.abstore.pl/img/grasdorf/3e5b6b27-54f8-4182-824a-2a3436a829b8/l/opona-650%252F65r38-kleber-gripker-157d-tl.jpg;nowa;Gripker;Radialna;Bezdętkowa (TL);157D (4125 kg przy 65 km/h);;Opona rolnicza;650/65;;38;6506538K;6506538K;
377;1812;3528701608846;3407520K;Opona 340/75R20 Kleber SUPER G;117A8/114B TL;;2010.00;1710.00;2472.30;2103.30;23;23.00;PLN;Opony/Opony rolnicze i przemysłowe/Opony Kleber;Kleber;;1.0000;;https://static.abstore.pl/img/grasdorf/e1252518-547d-472e-b17b-ab221a8a9fef/l/opona-340%252F75r20-kleber-super-g.jpg;nowa (DOT 2022);Super G;Radialna;Bezdętkowa (TL);117A8/114B (1285 kg przy 40 km/h);;Opona rolnicza;340/75;;20;3407520K;3407520K;
14;705;8903635011903;2309544A-IN;Opona 230/95R44 Alliance 350 134D/137A8;TL (9.5R44);;1570.00;1440.00;1931.10;1771.20;23;23.00;PLN;Opony/Opony rolnicze i przemysłowe/Opony Alliance;Alliance;;4.0000;;https://static.abstore.pl/img/grasdorf/b8f1b0d2-8678-476d-88bf-70a320a71a88/l/opona-230%252F95r44-alliance-350-134d%252F137a8.png;nowa;A-350;Radialna;Bezdętkowa (TL);134D/137A8 (2300 kg przy 40 km/h);;Opona rolnicza;9.5 (250/85, 230/95);;44;9544a-in;2309544A-IN;AAA35050010AL-IN
231;1669;3528708730236;3809538MM;Opona VF380/95R38 Michelin YIELDBIB;154A8/154B TL;;7080.00;7080.00;8708.40;8708.40;23;23.00;PLN;Opony/Opony rolnicze i przemysłowe/Opony Michelin;Michelin;;2.0000;;https://static.abstore.pl/img/grasdorf/f943ac80-5d52-4afc-8ac2-2f1b21aa7004/l/opona-vf380%252F95r38-michelin-yieldbib.jpg;nowa;Yieldbib;Radialna;Bezdętkowa (TL);154A8/154B  (3750 kg przy 40 km/h);;Opona rolnicza;380/95;;38;3809538MM;3809538MM;
1166;2124;8903094028672;2109518BKT;Opona 210/95R18 BKT Agrimax RT 855;108A8/108B TL;;580.00;580.00;713.40;713.40;23;23.00;PLN;Opony/Opony rolnicze i przemysłowe/Opony BKT;BKT;;4.0000;;https://static.abstore.pl/img/grasdorf/3ba9bb99-c488-4a4c-a234-d932c5529360/l/opona-210%252F95r18-bkt-agrimax-rt-855.jpg;nowa;RT 855;Radialna;Bezdętkowa (TL);108A8/108B (1000 kg przy 40 km/h);;Opona rolnicza;8.3 (210/95);;18;8318bkt;2109518BKT;
10;1021;;22100010j3326;Opona 22x10.00-10 Journey P332 6PR TL;;;160.00;160.00;196.80;196.80;23;23.00;PLN;Opony/Opony rolnicze i przemysłowe/Pozostałe;Journey;;2.0000;;;nowa;Axiobib;Diagonalna;Bezdętkowa (TL);97A3;;Opona rolnicza;900/60;;10;221010j3326;22100010j3326;
2102;2821;7291050039222;40055175AL;Opona 400/55-17.5 Alliance 328 16PR TL;;;2550.00;2550.00;3136.50;3136.50;23;23.00;PLN;Opony/Opony rolnicze i przemysłowe/Opony Alliance;Alliance;;1.0000;;https://static.abstore.pl/img/grasdorf/7863f27d-cb78-4ad8-befc-c6660bf66a1b/l/opona-400%252F55-17-5-alliance-328-16pr-tl.jpg;nowa;A-328;Diagonalna;Bezdętkowa (TL);;16 PR;Opona rolnicza;400/55;;17.5;40055175AL;40055175AL;
1566;3084;3528707605634;3408524KL;Opona 340/85R24 Kleber TRAKER 130A8/127B;TL (13.6R24);;1550.00;1550.00;1906.50;1906.50;23;23.00;PLN;Opony/Opony rolnicze i przemysłowe/Opony Kleber;Kleber;;19.0000;;https://static.abstore.pl/img/grasdorf/28765684-6659-4d53-b8bf-2ce9bc239551/l/opona-340%252F85r24-kleber-traker-130a8%252F127b.png;nowa;Traker;Radialna;Bezdętkowa (TL);130A8/127B (1900 kg przy 40 km/h);;Opona rolnicza;13.6 (340/85, 340/90);;24;13624kl;3408524KL;
590;1552;8059971008036;4007018TR;Opona 400/70R18 Trelleborg TH400;147A8/147B TL;;2020.00;1610.00;2484.60;1980.30;23;23.00;PLN;Opony/Opony rolnicze i przemysłowe/Opony Trelleborg;Trelleborg;;2.0000;;https://static.abstore.pl/img/grasdorf/9a10948e-9877-4868-b04f-7cea5df5447c/l/opona-400%252F70r18-trelleborg-th400.jpg;nowa;TH400;Radialna;Bezdętkowa (TL);147A8/147B (3075 kg przy 40 km/h);;Opona przemysłowa/komunalna;400/70;;18;4007018TR;4007018TR;
126;1593;3528704299706;6006528M;Opona 600/65R28 Michelin Machxbib;154D/150E TL;;8150.00;7450.00;10024.50;9163.50;23;23.00;PLN;Opony/Opony rolnicze i przemysłowe/Opony Michelin;Michelin;;3.0000;;https://static.abstore.pl/img/grasdorf/aa035384-96b2-42ec-bc3f-84561ea9c436/l/opona-600%252F65r28-michelin-machxbib.jpg;nowa;Machxbib;Radialna;Bezdętkowa (TL);154D/150E (3750 kg przy 65 km/h);;Opona rolnicza;600/65;;28;6006528M;6006528M;
1196;2154;8903094021840;2709548BKT;Opona 270/95R48 BKT Agrimax RT 955;144A8/144B TL (11.2R48);;2050.00;2050.00;2521.50;2521.50;23;23.00;PLN;Opony/Opony rolnicze i przemysłowe/Opony BKT;BKT;;2.0000;;https://static.abstore.pl/img/grasdorf/af64a567-c49f-4475-8c74-99d7d6019f7b/l/opona-270%252F95r48-bkt-agrimax-rt-955.jpg;nowa;RT 955;Radialna;Bezdętkowa (TL);144A8/144B (2800 kg przy 40 km/h);;Opona rolnicza;11.2 (270/95, 280/85);;48;11248bkt;2709548BKT;8903094021840
391;45;3528702657843;2309540k;Opona 230/95R40 Kleber CROPKER;132D/135A8 TL (9.5R40);;2090.00;2090.00;2570.70;2570.70;23;23.00;PLN;Opony/Opony rolnicze i przemysłowe/Opony Kleber;Kleber;;2.0000;;https://static.abstore.pl/img/grasdorf/ad0fdf48-7767-4043-b2e5-4cbc73ca36b3/l/opona-230%252F95r40-kleber-cropker.jpg;nowa;Cropker;Radialna;Bezdętkowa (TL);132D/135A8 (2000 kg przy 65 km/h);;Opona rolnicza;9.5 (250/85, 230/95);;40;9540k;2309540k;
1761;2477;7291050060547;3809054A;Opona 380/90R54 Alliance 350 152D/155A8;TL (14.9R54);;4210.00;3720.00;5178.30;4575.60;23;23.00;PLN;Opony/Opony rolnicze i przemysłowe/Opony Alliance;Alliance;;2.0000;;https://static.abstore.pl/img/grasdorf/6cb014fc-ec57-4dbd-9680-387b236c41bc/l/opona-380%252F90r54-alliance-350-152d%252F155a8.png;nowa;A-350;Radialna;Bezdętkowa (TL);152D/155A8 (3875 kg przy 40 km/h);;Opona rolnicza;14.9 (380/85, 380/90, 400/80);;54;14954a;3809054A;
661;702;8059971008746;5208542tr;Opona 520/85R42 Trelleborg TM 600 DOT23;157A8/154B TL (20.8R42);;7670.00;3790.00;9434.10;4661.70;23;23.00;PLN;Opony/Opony rolnicze i przemysłowe/Opony Trelleborg;Trelleborg;;2.0000;;https://static.abstore.pl/img/grasdorf/5b738926-77f0-4c58-8cf8-d0eb9798c31a/l/opona-520%252F85r42-trelleborg-tm-600-dot23.jpg;nowa (DOT 2023);TM 600;Radialna;Bezdętkowa (TL);157A8/154B (4125 kg przy 40 km/h);;Opona rolnicza;20.8 (520/85);;42;20842tr;5208542tr;
143;1477;3528703726906;4607024BIB;Opona 460/70R24 Michelin BIBLOAD;159A8/159B TL (17.5R24);;3770.00;3770.00;4637.10;4637.10;23;23.00;PLN;Opony/Opony rolnicze i przemysłowe/Opony Michelin;Michelin;;26.0000;;https://static.abstore.pl/img/grasdorf/71f86f37-cb07-4af0-8773-b0f902ee9e2a/l/opona-460%252F70r24-michelin-bibload.jpg;nowa;Bibload Hard Surface;Radialna;Bezdętkowa (TL);159A8/159B (4375 kg przy 40 km/h);;Opona przemysłowa/komunalna;17.5 (460/70);;24;17524bib;4607024BIB;
1060;1311;8903635019817;4008028A;Opona 400/80R28 Alliance I-550;151A8/146D TL (14.9R28);;3360.00;2800.00;4132.80;3444.00;23;23.00;PLN;Opony/Opony rolnicze i przemysłowe/Opony Alliance;Alliance;;2.0000;;https://static.abstore.pl/img/grasdorf/66b03f15-efd1-498f-a9cb-055a15ca859b/l/opona-400%252F80r28-alliance-i-550.jpg;nowa;I-550;Radialna;Bezdętkowa (TL);151A8/146D (3450 kg przy 40 km/h);;Opona przemysłowa/komunalna;14.9 (380/85, 380/90, 400/80);;28;14928a;4008028A;6061100070748
158;1243;3528702442685;4607024M;Opona 460/70R24 Michelin XMCL 159A8/159B;TL (17.5R24);;3530.00;3530.00;4341.90;4341.90;23;23.00;PLN;Opony/Opony rolnicze i przemysłowe/Opony Michelin;Michelin;;22.0000;;https://static.abstore.pl/img/grasdorf/6fd4101b-b0f2-43e2-87e4-b0e78994c3ff/l/opona-460%252F70r24-michelin-xmcl-159a8%252F159b.jpg;nowa;XMCL;Radialna;Bezdętkowa (TL);159A8/159B (4375 kg przy 40 km/h);;Opona przemysłowa/komunalna;17.5 (460/70);;24;17524m;4607024M;244268
219;1657;3528707028945;6207530MMM;Opona VF620/75R30 Michelin AXIOBIB 2;172D/169E TL;;13470.00;12490.00;16568.10;15362.70;23;23.00;PLN;Opony/Opony rolnicze i przemysłowe/Opony Michelin;Michelin;;2.0000;;https://static.abstore.pl/img/grasdorf/4d43b68e-4967-41eb-9623-872a50af76a5/l/opona-vf620%252F75r30-michelin-axiobib-2.jpg;nowa;Axiobib 2;Radialna;Bezdętkowa (TL);172D/169E (6300 kg przy 65 km/h);;Opona rolnicza;23.1 (620/75);;30;6207530MMM;6207530MMM;
224;1662;3528704543656;6506038M;Opona VF650/60R38 Michelin XEOBIB 155D;TL;;11230.00;10390.00;13812.90;12779.70;23;23.00;PLN;Opony/Opony rolnicze i przemysłowe/Opony Michelin;Michelin;;2.0000;;https://static.abstore.pl/img/grasdorf/294adf50-4c5e-4db4-8a96-29a608731c6e/l/opona-vf650%252F60r38-michelin-xeobib-155d.jpg;nowa;Xeobib;Radialna;Bezdętkowa (TL);155D (3875 kg przy 65 km/h);;Opona rolnicza;650/60;;38;6506038M;6506038M;
1031;1373;8903635008941;1406516A;Opona 14.0/65-16 Alliance 327 18PR;(360/65-16) 150A8 TL;;640.00;590.00;787.20;725.70;23;23.00;PLN;Opony/Opony rolnicze i przemysłowe/Opony Alliance;Alliance;;2.0000;;https://static.abstore.pl/img/grasdorf/4bb80134-d7f1-49ce-b4e6-f71e98d97a35/l/opona-14-0%252F65-16-alliance-327-18pr.jpg;nowa;FarmPro;Diagonalna;Bezdętkowa (TL);150A8;18 PR;Opona rolnicza;14.0/65 (360/65);;16;3606516;1406516A;
1466;2969;8903635012146;11580153A;Opona 11.5/80-15.3 Alliance A320 VP 14PR;TL;;350.00;350.00;430.50;430.50;23;23.00;PLN;Opony/Opony rolnicze i przemysłowe/Opony Alliance;Alliance;;4.0000;;https://static.abstore.pl/img/grasdorf/263d14a8-65c0-47de-9b83-d7c3ce5e8955/l/opona-11-5%252F80-15-3-alliance-a320-vp-14pr.png;nowa;TF 03;Diagonalna;Bezdętkowa (TL);;14 PR;Opona rolnicza;11.5/80;;15.3;11580153A;11580153A;
347;1490;3528708107885;4806528K;Opona 480/65R28 Kleber GRIPKER 136D TL;;;2710.00;2710.00;3333.30;3333.30;23;23.00;PLN;Opony/Opony rolnicze i przemysłowe/Opony Kleber;Kleber;;6.0000;;https://static.abstore.pl/img/grasdorf/6b9df716-f743-43d9-8b7d-c272aa8d9b34/l/opona-480%252F65r28-kleber-gripker-136d-tl.jpg;nowa;Gripker;Radialna;Bezdętkowa (TL);136D (2240 kg przy 65 km/h);;Opona rolnicza;480/65;;28;4806528K;4806528K;
388;1090;3528701617725;3208528K;Opona 320/85R28 Kleber TRAKER 124A8/121B;TL (12.4R28);;1640.00;1640.00;2017.20;2017.20;23;23.00;PLN;Opony/Opony rolnicze i przemysłowe/Opony Kleber;Kleber;;4.0000;;https://static.abstore.pl/img/grasdorf/7fb8d2e2-2e65-479a-a0b3-123dc8608034/l/opona-320%252F85r28-kleber-traker-124a8%252F121b.png;nowa;Traker;Radialna;Bezdętkowa (TL);124A8/121B (1600 kg przy 40 km/h);;Opona rolnicza;12.4 (320/85, 300/95, 320/90);;28;12428k;3208528K;
389;1120;3528701618821;3208520K;Opona 320/85R20 Kleber TRAKER 119A8/116B;TL (12.4R20);;1350.00;1350.00;1660.50;1660.50;23;23.00;PLN;Opony/Opony rolnicze i przemysłowe/Opony Kleber;Kleber;;6.0000;;https://static.abstore.pl/img/grasdorf/5b0402f8-95b4-4d5f-9d46-f69c7d4b9d10/l/opona-320%252F85r20-kleber-traker-119a8%252F116b.png;nowa;Traker;Radialna;Bezdętkowa (TL);119A8/116B (1360 kg przy 40 km/h);;Opona rolnicza;12.4 (320/85, 300/95, 320/90);;20;12420k;3208520K;1,47132E+15
404;846;3528701617817;3408538K;Opona 340/85R38 Kleber TRAKER 133A8/130B;TL (13.6R38);;2350.00;2350.00;2890.50;2890.50;23;23.00;PLN;Opony/Opony rolnicze i przemysłowe/Opony Kleber;Kleber;;3.0000;;https://static.abstore.pl/img/grasdorf/71cde3af-61b7-4f90-a8cd-eaa18f71032a/l/opona-340%252F85r38-kleber-traker-133a8%252F130b.png;nowa;Traker;Radialna;Bezdętkowa (TL);133A8/130B (2060 kg przy 40 km/h);;Opona rolnicza;13.6 (340/85, 340/90);;38;13638K;3408538K;
411;952;3528702895733;5207034K;Opona 520/70R34 Kleber FITKER DOT23;148A8/148B TL;;4130.00;4130.00;5079.90;5079.90;23;23.00;PLN;Opony/Opony rolnicze i przemysłowe/Opony Kleber;Kleber;;1.0000;;https://static.abstore.pl/img/grasdorf/eb361ecc-2072-4347-a23a-f20dad39c760/l/opona-520%252F70r34-kleber-fitker-dot23.jpg;nowa (DOT 2023);Fitker;Radialna;Bezdętkowa (TL);148A8/148B (3150 kg przy 40 km/h);;Opona rolnicza;520/70;;34;5207034K;5207034K;
344;1547;3528707831606;5406538K;Opona 540/65R38 Kleber GRIPKER DOT2723;147D TL;;4130.00;4130.00;5079.90;5079.90;23;23.00;PLN;Opony/Opony rolnicze i przemysłowe/Opony Kleber;Kleber;;2.0000;;https://static.abstore.pl/img/grasdorf/ebf41659-2678-49a6-8245-b776a3c7ef2e/l/opona-540%252F65r38-kleber-gripker-dot2723.jpg;nowa (DOT 2023);Gripker;Radialna;Bezdętkowa (TL);147D (3075 kg przy 65 km/h);;Opona rolnicza;540/65;;38;5406538K;5406538K;
431;697;3528704728060;4207024k;Opona 420/70R24 Kleber FITKER 136A8/136B;TL;;2050.00;2050.00;2521.50;2521.50;23;23.00;PLN;Opony/Opony rolnicze i przemysłowe/Opony Kleber;Kleber;;11.0000;;https://static.abstore.pl/img/grasdorf/adf095c1-1c26-49de-8990-cf8a01a60abe/l/opona-420%252F70r24-kleber-fitker-136a8%252F136b.jpg;nowa;Fitker;Radialna;Bezdętkowa (TL);136A8/136B  (2240 kg przy 40 km/h);;Opona rolnicza;420/70;;24;4207024k;4207024k;
403;831;3528701617831;4608538K;Opona 460/85R38 Kleber TRAKER 149A8/146B;TL (18.4R38);;3750.00;3750.00;4612.50;4612.50;23;23.00;PLN;Opony/Opony rolnicze i przemysłowe/Opony Kleber;Kleber;;6.0000;;https://static.abstore.pl/img/grasdorf/aa240689-3dd4-4e8b-8bc2-e058148d437e/l/opona-460%252F85r38-kleber-traker-149a8%252F146b.png;nowa;Traker;Radialna;Bezdętkowa (TL);149A8/146B (3250 kg przy 40 km/h);;Opona rolnicza;18.4 (460/85, 480/80);;38;18438k;4608538K;
346;1561;3528702120880;5406528K;Opona 540/65R28 Kleber GRIPKER 142D TL;;;3270.00;3270.00;4022.10;4022.10;23;23.00;PLN;Opony/Opony rolnicze i przemysłowe/Opony Kleber;Kleber;;7.0000;;https://static.abstore.pl/img/grasdorf/a332f676-ad3d-45e5-872a-c02bbbcb616d/l/opona-540%252F65r28-kleber-gripker-142d-tl.jpg;nowa;Gripker;Radialna;Bezdętkowa (TL);142D (2650 kg przy 65 km/h);;Opona rolnicza;540/65;;28;5406528K;5406528K;
345;1550;;3207024K;Opona 320/70R24 Kleber FITKER 116A8/116B;TL;;1350.00;1350.00;1660.50;1660.50;23;23.00;PLN;Opony/Opony rolnicze i przemysłowe/Opony Kleber;Kleber;;2.0000;;https://static.abstore.pl/img/grasdorf/faf15f10-6a9b-4608-b01d-c73600e59cd2/l/opona-320%252F70r24-kleber-fitker-116a8%252F116b.jpg;nowa (DOT 2021);Fitker;Radialna;Bezdętkowa (TL);116A8/116B (1250 kg przy 40 km/h);;Opona rolnicza;320/70;;24;3207024K;3207024K;
379;1426;3528709556651;4208528K;Opona 420/85R28 Kleber TRAKER 144A8/141B;TL (16.9R28);;2370.00;2370.00;2915.10;2915.10;23;23.00;PLN;Opony/Opony rolnicze i przemysłowe/Opony Kleber;Kleber;;10.0000;;https://static.abstore.pl/img/grasdorf/ca382464-db0b-420b-9b1c-4a3d5a6ad5e5/l/opona-420%252F85r28-kleber-traker-144a8%252F141b.png;nowa;Traker;Radialna;Bezdętkowa (TL);144A8/141B (2800 kg przy 40 km/h);;Opona rolnicza;16.9 (420/85, 420/80, 440/80);;28;16928k;4208528K;
396;1007;3528701617732;3408528K;Opona 340/85R28 Kleber TRAKER 127A8/124B;TL (13.6R28);;1740.00;1740.00;2140.20;2140.20;23;23.00;PLN;Opony/Opony rolnicze i przemysłowe/Opony Kleber;Kleber;;6.0000;;https://static.abstore.pl/img/grasdorf/7341d996-aeba-4fc1-9f75-37b37a3c7c4a/l/opona-340%252F85r28-kleber-traker-127a8%252F124b.png;nowa;Traker;Radialna;Bezdętkowa (TL);127A8/124B (1750 kg przy 40 km/h);;Opona rolnicza;13.6 (340/85, 340/90);;28;13628K;3408528K;
365;1799;3528707610386;3607028K;Opona 360/70R28 Kleber FITKER 125A8/125B;TL;;1990.00;1990.00;2447.70;2447.70;23;23.00;PLN;Opony/Opony rolnicze i przemysłowe/Opony Kleber;Kleber;;2.0000;;https://static.abstore.pl/img/grasdorf/a71bc063-c816-4c8d-a276-b3731e59669b/l/opona-360%252F70r28-kleber-fitker-125a8%252F125b.jpg;nowa;Fitker;Radialna;Bezdętkowa (TL);125A8/125B (1650 kg przy 40 km/h);;Opona rolnicza;360/70;;28;3607028K;3607028K;
352;1785;3528700023220;2309532KK;Opona 230/95R32 Kleber CROPKER;128D/131A8 TL (9.5R32);;1690.00;1690.00;2078.70;2078.70;23;23.00;PLN;Opony/Opony rolnicze i przemysłowe/Opony Kleber;Kleber;;4.0000;;https://static.abstore.pl/img/grasdorf/536e89e6-3556-495a-b1fc-ed43d23c812d/l/opona-230%252F95r32-kleber-cropker.jpg;nowa;Cropker;Radialna;Bezdętkowa (TL);128D/131A8 (1800 kg przy 65 km/h);;Opona rolnicza;9.5 (250/85, 230/95);;32;9532kk;2309532KK;
420;528;3528707619815;3807024kk;Opona 380/70R24 Kleber FITKER 125A8/125B;TL;;1870.00;1870.00;2300.10;2300.10;23;23.00;PLN;Opony/Opony rolnicze i przemysłowe/Opony Kleber;Kleber;;6.0000;;https://static.abstore.pl/img/grasdorf/05c4966b-ca38-4a5a-bdf4-b5ece467a0fc/l/opona-380%252F70r24-kleber-fitker-125a8%252F125b.jpg;nowa;Fitker;Radialna;Bezdętkowa (TL);125A8/125B (1650 kg przy 40 km/h);;Opona rolnicza;380/70;;24;3807024kk;3807024kk;
367;1801;3528702823750;3807028K;Opona 380/70R28 Kleber FITKER 127A8/127B;TL;;2340.00;2340.00;2878.20;2878.20;23;23.00;PLN;Opony/Opony rolnicze i przemysłowe/Opony Kleber;Kleber;;3.0000;;https://static.abstore.pl/img/grasdorf/25bff558-cc11-4b30-af5f-70d225fd9edb/l/opona-380%252F70r28-kleber-fitker-127a8%252F127b.jpg;nowa;Fitker;Radialna;Bezdętkowa (TL);127A8/127B (1750 kg przy 40 km/h);;Opona rolnicza;380/70;;28;3807028K;3807028K;
372;1807;3528701617787;4608534K;Opona 460/85R34 Kleber TRAKER 147A8/144B;TL (18.4R34);;3340.00;3340.00;4108.20;4108.20;23;23.00;PLN;Opony/Opony rolnicze i przemysłowe/Opony Kleber;Kleber;;2.0000;;https://static.abstore.pl/img/grasdorf/fc563228-ede7-4916-9491-2ee30461c7ff/l/opona-460%252F85r34-kleber-traker-147a8%252F144b.png;nowa;Traker;Radialna;Bezdętkowa (TL);147A8/144B (3075 kg przy 40 km/h);;Opona rolnicza;18.4 (460/85, 480/80);;34;18434k;4608534K;
370;1804;3528708753907;4208524K;Opona 420/85R24 Kleber TRAKER 142A8/139B;TL (16.9R24);;2170.00;2170.00;2669.10;2669.10;23;23.00;PLN;Opony/Opony rolnicze i przemysłowe/Opony Kleber;Kleber;;2.0000;;https://static.abstore.pl/img/grasdorf/3db73b1b-6375-4367-93eb-ae633c5bef3d/l/opona-420%252F85r24-kleber-traker-142a8%252F139b.png;nowa;Traker;Radialna;Bezdętkowa (TL);142A8/139B (2650 kg przy 40 km/h);;Opona rolnicza;16.9 (420/85, 420/80, 440/80);;24;16924k;4208524K;Opona 420/85R24 Kleber TRAKER 142A8/139B TL (16.9R24)
1475;2988;3528701617749;3808528K;Opona 380/85R28 Kleber TRAKER 133A8/130B;TL (14.9R28);;1970.00;1970.00;2423.10;2423.10;23;23.00;PLN;Opony/Opony rolnicze i przemysłowe/Opony Kleber;Kleber;;8.0000;;https://static.abstore.pl/img/grasdorf/2b4b6fdf-8016-482f-9a27-e1de1be7d040/l/opona-380%252F85r28-kleber-traker-133a8%252F130b.png;nowa;Traker;Radialna;Bezdętkowa (TL);133A8/130B (2060 kg przy 40 km/h);;Opona rolnicza;14.9 (380/85, 380/90, 400/80);;28;14928k;3808528K;
415;103;3528701617671;2808524K;Opona 280/85R24 Kleber TRAKER 115A8/112B;TL (11.2R24);;1190.00;1190.00;1463.70;1463.70;23;23.00;PLN;Opony/Opony rolnicze i przemysłowe/Opony Kleber;Kleber;;6.0000;;https://static.abstore.pl/img/grasdorf/6685fa9d-8a65-4931-bec6-beaa072136f1/l/opona-280%252F85r24-kleber-traker-115a8%252F112b.png;nowa;Traker;Radialna;Bezdętkowa (TL);115A8/112B (1215 kg przy 40 km/h);;Opona rolnicza;11.2 (270/95, 280/85);;24;11224k;2808524K;
383;1454;3528701617824;4208538K;Opona 420/85R38 Kleber TRAKER 144A8/141B;TL (16.9R38);;3180.00;3180.00;3911.40;3911.40;23;23.00;PLN;Opony/Opony rolnicze i przemysłowe/Opony Kleber;Kleber;;6.0000;;https://static.abstore.pl/img/grasdorf/ba50b9e7-41c9-461b-b528-d55602984afd/l/opona-420%252F85r38-kleber-traker-144a8%252F141b.png;nowa;Traker;Radialna;Bezdętkowa (TL);144A8/141B (2800 kg przy 40 km/h);;Opona rolnicza;16.9 (420/85, 420/80, 440/80);;38;16938k;4208538K;
349;1290;3528701617701;3808524K;Opona 380/85R24 Kleber TRAKER 131A8/128B;TL (14.9R24);;1800.00;1800.00;2214.00;2214.00;23;23.00;PLN;Opony/Opony rolnicze i przemysłowe/Opony Kleber;Kleber;;12.0000;;https://static.abstore.pl/img/grasdorf/379f71e7-35a0-4578-8b68-b825d849e015/l/opona-380%252F85r24-kleber-traker-131a8%252F128b.png;nowa;Traker;Radialna;Bezdętkowa (TL);131A8/128B (1950 kg przy 40 km/h);;Opona rolnicza;14.9 (380/85, 380/90, 400/80);;24;14924k;3808524K;
419;516;3528704819737;4807034K;Opona 480/70R34 Kleber FITKER 143A8/143B;TL;;3580.00;3580.00;4403.40;4403.40;23;23.00;PLN;Opony/Opony rolnicze i przemysłowe/Opony Kleber;Kleber;;10.0000;;https://static.abstore.pl/img/grasdorf/4f496574-62b9-4815-aa1b-00ca55fe52ba/l/opona-480%252F70r34-kleber-fitker-143a8%252F143b.jpg;nowa;Fitker;Radialna;Bezdętkowa (TL);143A8/143B (2725 kg przy 40 km/h);;Opona rolnicza;480/70;;34;4807034K;4807034K;
220;1658;3528703879169;6506542MM;Opona VF650/65R42 Michelin AXIOBIB 2 NRO;174D/171E TL;;16000.00;13010.00;19680.00;16002.30;23;23.00;PLN;Opony/Opony rolnicze i przemysłowe/Opony Michelin;Michelin;;2.0000;;https://static.abstore.pl/img/grasdorf/4e8acd40-4271-4897-8df5-719dd7d21e28/l/opona-vf650%252F65r42-michelin-axiobib-2-nro.jpg;nowa;Axiobib 2;Radialna;Bezdętkowa (TL);174D/171E  (6700 kg przy 65 km/h);;Opona rolnicza;650/65;;42;6506542MM;6506542MM;
163;1072;3528703128755;4806028M;Opona VF480/60R28 Michelin XEOBIB DOT21;134D TL;;5330.00;3990.00;6555.90;4907.70;23;23.00;PLN;Opony/Opony rolnicze i przemysłowe/Opony Michelin;Michelin;;2.0000;;https://static.abstore.pl/img/grasdorf/8beaa80a-e3e9-484f-9475-bad0e7dabca0/l/opona-vf480%252F60r28-michelin-xeobib-dot21.jpg;nowa (DOT 2021);Xeobib;Radialna;Bezdętkowa (TL);134D (2120 kg przy 65 km/h);;Opona rolnicza;480/60;;28;4806028M;4806028M;
406;935;3528701618852;2808528K;Opona 280/85R28 Kleber TRAKER 118A8/115B;TL (11.2R28);;1460.00;1460.00;1795.80;1795.80;23;23.00;PLN;Opony/Opony rolnicze i przemysłowe/Opony Kleber;Kleber;;10.0000;;https://static.abstore.pl/img/grasdorf/ddeea531-3765-4aa2-b318-9634306070fc/l/opona-280%252F85r28-kleber-traker-118a8%252F115b.png;nowa;Traker;Radialna;Bezdętkowa (TL);118A8/115B (1320 kg przy 40 km/h);;Opona rolnicza;11.2 (270/95, 280/85);;28;11228k;2808528K;
317;1756;3528704891023;44570195M;Opona 445/70R19.5 Michelin XF;173A8/180A2 TL;;5270.00;4340.00;6482.10;5338.20;23;23.00;PLN;Opony/Opony rolnicze i przemysłowe/Opony Michelin;Michelin;;4.0000;;https://static.abstore.pl/img/grasdorf/87346710-5065-4a52-a4a9-3edbb1c5892c/l/opona-445%252F70r19-5-michelin-xf.jpg;nowa;XF;Radialna;Bezdętkowa (TL);173A8/180A2 (6500 kg przy 40 km/h);;Opona przemysłowa/komunalna;445/70;;19.5;44570195M;44570195M;
229;1667;3528700124453;4208534MM;Opona VF420/85R34 Michelin YIELDBIB;DOT22 154A8/154B TL (16.9R34);;6530.00;5490.00;8031.90;6752.70;23;23.00;PLN;Opony/Opony rolnicze i przemysłowe/Opony Michelin;Michelin;;2.0000;;https://static.abstore.pl/img/grasdorf/29ec039e-5fe5-4f3a-8e9a-d24fccff96b5/l/opona-vf420%252F85r34-michelin-yieldbib.jpg;nowa (DOT 2022);Yieldbib;Radialna;Bezdętkowa (TL);154A8/154B (3750 kg przy 40 km/h);;Opona rolnicza;16.9 (420/85, 420/80, 440/80);;34;16934mm;4208534MM;
1143;1624;8903635029670;4408030A;Opona 440/80R30 Alliance I-550;157A8/153D TL (16.9R30);;4170.00;2970.00;5129.10;3653.10;23;23.00;PLN;Opony/Opony rolnicze i przemysłowe/Opony Alliance;Alliance;;2.0000;;https://static.abstore.pl/img/grasdorf/65ddaceb-d6c4-4062-aec4-8f1cac895b68/l/opona-440%252F80r30-alliance-i-550.jpg;nowa;I-550;Radialna;Bezdętkowa (TL);157A8/153D (4125 kg przy 40 km/h);;Opona przemysłowa/komunalna;16.9 (420/85, 420/80, 440/80);;30;16930a;4408030A;
218;1656;3528702966389;5406530MM;Opona VF540/65R30 Michelin AXIOBIB 2 NRO;158D/155E TL;;7820.00;7240.00;9618.60;8905.20;23;23.00;PLN;Opony/Opony rolnicze i przemysłowe/Opony Michelin;Michelin;;2.0000;;https://static.abstore.pl/img/grasdorf/cac7bde8-b175-47e8-a88b-8c30028454b1/l/opona-vf540%252F65r30-michelin-axiobib-2-nro.jpg;nowa;Axiobib 2;Radialna;Bezdętkowa (TL);158D/155E  (4250 kg przy 65 km/h);;Opona rolnicza;540/65;;30;5406530MM;5406530MM;
761;1840;;2708036MIT;Opona 270/80R36 Mitas AC 90 134A8/131B;TL;;1710.00;1710.00;2103.30;2103.30;23;23.00;PLN;Opony/Opony rolnicze i przemysłowe/Opony Mitas;Mitas;;2.0000;;https://static.abstore.pl/img/grasdorf/3f28f13e-e540-441b-80ae-f6a61e72d020/l/opona-270%252F80r36-mitas-ac-90-134a8%252F131b.png;nowa;AC 90;Radialna;Bezdętkowa (TL);134A8/131B (2120 kg przy 40 km/h);;Opona rolnicza;270/80;;36;2708036MIT;2708036MIT;
4396;6742;3286340564212;5208538FIP85;Opona 520/85R38 Firestone Performer 85;155D/152E TL (20.8R38);;4510.00;4260.00;5547.30;5239.80;23;23.00;PLN;Opony/Opony rolnicze i przemysłowe/Opony Firestone;Firestone;;6.0000;;https://static.abstore.pl/img/grasdorf/2fb738a8-23c8-4296-aca3-8d2e01065a37/l/opona-520%252F85r38-firestone-performer-85.jpg;nowa;;Radialna;Bezdętkowa (TL);155D/152E (3875 kg przy 65 km/h);;Opona rolnicza;20.8 (520/85);;38;;5208538FIP85;
4146;6329;8906117621799;4807024CeatFAR70;Opona 480/70R24 Ceat FARMAX R70;138A8/138B TL;;1790.00;1790.00;2201.70;2201.70;23;23.00;PLN;Opony/Opony rolnicze i przemysłowe/Pozostałe;Ceat;;2.0000;;https://static.abstore.pl/img/grasdorf/e7b8c681-353d-4d67-b6b1-4841adbf85c0/l/opona-480%252F70r24-ceat-farmax-r70.png,https://static.abstore.pl/img/grasdorf/38b5c53a-a56f-4ebc-8dc7-619d85c8f46a/l/opona-480%252F70r24-ceat-farmax-r70.jpg,https://static.abstore.pl/img/grasdorf/8a48fa0e-a249-47b5-b6f3-42cb3ba49fb6/l/opona-480%252F70r24-ceat-farmax-r70.jpg,https://static.abstore.pl/img/grasdorf/53c16771-6482-41f0-b93c-db9ca1ae150a/l/opona-480%252F70r24-ceat-farmax-r70.jpg,https://static.abstore.pl/img/grasdorf/f6954c2b-acee-4a39-ad46-963944c5292b/l/opona-480%252F70r24-ceat-farmax-r70.jpg,https://static.abstore.pl/img/grasdorf/828caa87-2d9b-4e3d-92cb-9c0f55edafd3/l/opona-480%252F70r24-ceat-farmax-r70.jpg,https://static.abstore.pl/img/grasdorf/c71f9654-d875-40ba-9cf1-6a6cdfc93d9d/l/opona-480%252F70r24-ceat-farmax-r70.png,https://static.abstore.pl/img/grasdorf/4dfc187d-6dc8-4d0d-9121-f9391baebc8a/l/opona-480%252F70r24-ceat-farmax-r70.jpg;nowa;FARMAX R70;Radialna;Bezdętkowa (TL);138A8/138B (2360 kg przy 40 km/h);;Opona rolnicza;480/70;;24;;4807024CeatFAR70;
4564;6908;3286340696517;6506542BRVT-T;Opona VF650/65R42 Bridgestone VT-Tractor;170D/167E TL;;8710.00;8220.00;10713.30;10110.60;23;23.00;PLN;Opony/Opony rolnicze i przemysłowe/Opony Bridgestone;Bridgestone;;4.0000;;https://static.abstore.pl/img/grasdorf/849c0bbc-e341-4a4b-bad3-fc01f2dcae52/l/opona-vf650%252F65r42-bridgestone-vt-tractor.jpg;nowa;;Radialna;Bezdętkowa (TL);170D/167E (6000 kg przy 65 km/h);;Opona rolnicza;650/65;;42;;6506542BRVT-T;
4550;6894;3286340695213;5406530BRVT-T;Opona VF540/65R30 Bridgestone VT-Tractor;155D/152E TL;;4180.00;4180.00;5141.40;5141.40;23;23.00;PLN;Opony/Opony rolnicze i przemysłowe/Opony Bridgestone;Bridgestone;;2.0000;;https://static.abstore.pl/img/grasdorf/e349dd66-9e4c-4ddf-88be-e4d1aa65033f/l/opona-vf540%252F65r30-bridgestone-vt-tractor.jpg;nowa;;Radialna;Bezdętkowa (TL);155D/152E (3875 kg przy 65 km/h);;Opona rolnicza;540/65;;30;;5406530BRVT-T;
4393;6739;3286340564014;4208538FIP85;Opona 420/85R38 Firestone Performer 85;144D/141E TL (16.9R38);;2850.00;2770.00;3505.50;3407.10;23;23.00;PLN;Opony/Opony rolnicze i przemysłowe/Opony Firestone;Firestone;;2.0000;;https://static.abstore.pl/img/grasdorf/b79850cf-3dd1-4ce7-8e77-b81d514490cb/l/opona-420%252F85r38-firestone-performer-85.jpg;nowa;;Radialna;Bezdętkowa (TL);144D/141E (2800 kg przy 65 km/h);;Opona rolnicza;16.9 (420/85, 420/80, 440/80);;38;;4208538FIP85;
4975;7333;8903635009528;11580153A323tl12;Opona 11.5/80-15.3 Alliance A323 12PR TL;;;540.00;490.00;664.20;602.70;23;23.00;PLN;Opony/Opony rolnicze i przemysłowe/Opony Alliance;Alliance;;4.0000;;https://static.abstore.pl/img/grasdorf/c0c8f4c5-2f35-4b35-92e3-b96c60d069dd/l/opona-11-5%252F80-15-3-alliance-a323-12pr-tl.png;nowa;;Diagonalna;Bezdętkowa (TL);;12 PR;Opona rolnicza;11.5/80;;15.3;30080153A323tl12;11580153A323tl12;
3998;6181;8906117622727;10075153CeatAWI30514;Opona 10.0/75-15.3 Ceat AWI 305 14PR TL;;;270.00;270.00;332.10;332.10;23;23.00;PLN;Opony/Opony rolnicze i przemysłowe/Pozostałe;Ceat;;3.0000;;https://static.abstore.pl/img/grasdorf/a5161cd5-1032-4aea-81f7-ca446bf6b226/l/opona-10-0%252F75-15-3-ceat-awi-305-14pr-tl.jpg;nowa;AWI 305;Diagonalna;Bezdętkowa (TL);;14 PR;Opona rolnicza;10.0/75;;15.3;1075153;10075153CeatAWI30514;
4329;6651;8903635024972;60055265Af644f20tt;Opona 600/55-26.5 Alliance F-644;FORESTAR III 20PR TT;;6860.00;4610.00;8437.80;5670.30;23;23.00;PLN;Opony/Opony leśne;Alliance;;2.0000;;https://static.abstore.pl/img/grasdorf/10f663b9-7003-4399-a25e-9eb60ba14dfd/l/opona-600%252F55-26-5-alliance-f-644.png;nowa;F-644 FORESTAR III;Diagonalna;Dętkowa (TT);;20 PR;Opona leśna;600/55;;26,5;;60055265Af644f20tt;
4971;7431;8903635056331;6506542Aaii158;Opona 650/65R42 Alliance AGRISTAR II;158D TL;;5600.00;5020.00;6888.00;6174.60;23;23.00;PLN;Opony/Opony rolnicze i przemysłowe/Opony Alliance;Alliance;;2.0000;;https://static.abstore.pl/img/grasdorf/7379e7a8-c85a-4ec3-bf5f-5f0e99d835b7/l/opona-650%252F65r42-alliance-agristar-ii.jpg;nowa;;Radialna;Bezdętkowa (TL);158D (4250 kg przy 65 km/h);;Opona rolnicza;650/65;;42;;6506542Aaii158;
4065;6248;8906117622062;2709532CeatFARC;Opona 270/95R32 Ceat FARMAX RC;133D/136A8 TL;;1150.00;1150.00;1414.50;1414.50;23;23.00;PLN;Opony/Opony rolnicze i przemysłowe/Pozostałe;Ceat;;4.0000;;https://static.abstore.pl/img/grasdorf/eb1f6d02-59ae-4176-b929-18e48cd180aa/l/opona-270%252F95r32-ceat-farmax-rc.png;nowa;FARMAX RC;Radialna;Bezdętkowa (TL);133D/136A8 (2240 kg przy 40 km/h);;Opona rolnicza;11.2 (270/95, 280/85);;32;;2709532CeatFARC;
4467;6815;3286340603218;2709532FIP95;Opona 270/95R32 Firestone Performer 95;136D TL (11.2R32);;2430.00;1510.00;2988.90;1857.30;23;23.00;PLN;Opony/Opony rolnicze i przemysłowe/Opony Firestone;Firestone;;10.0000;;https://static.abstore.pl/img/grasdorf/6e6bf7e4-23f7-4517-81e0-9ff9b0d25249/l/opona-270%252F95r32-firestone-performer-95.jpg;nowa;;Radialna;Bezdętkowa (TL);136D (2240 kg przy 65 km/h);;Opona rolnicza;11.2 (270/95, 280/85);;32;;2709532FIP95;
4471;6819;3286340603614;2709538FIP95;Opona 270/95R38 Firestone Performer 95;140D TL (11.2R38);;2790.00;1970.00;3431.70;2423.10;23;23.00;PLN;Opony/Opony rolnicze i przemysłowe/Opony Firestone;Firestone;;12.0000;;https://static.abstore.pl/img/grasdorf/0497762f-37b2-4973-ad70-cbbb2a9d7310/l/opona-270%252F95r38-firestone-performer-95.jpg;nowa;;Radialna;Bezdętkowa (TL);140D (2500 kg przy 40 km/h);;Opona rolnicza;11.2 (270/95, 280/85);;38;;2709538FIP95;
4410;6756;3286340341110;3607024FIP70;Opona 360/70R24 Firestone Performer 70;122D/119E TL;;1360.00;1360.00;1672.80;1672.80;23;23.00;PLN;Opony/Opony rolnicze i przemysłowe/Opony Firestone;Firestone;;2.0000;;https://static.abstore.pl/img/grasdorf/1af72a2e-16ec-46ac-bd1f-1973f7370366/l/opona-360%252F70r24-firestone-performer-70.jpg;nowa;;Radialna;Bezdętkowa (TL);122D/119E (1500 kg przy 65 km/h);;Opona rolnicza;360/70;;24;;3607024FIP70;
4484;6832;3286340200813;3358020FIDU;Opona 335/80R20 Firestone Duraforce;Utility 136B TL;;2210.00;1870.00;2718.30;2300.10;23;23.00;PLN;Opony/Opony rolnicze i przemysłowe/Opony Firestone;Firestone;;4.0000;;https://static.abstore.pl/img/grasdorf/d854b38f-3b42-4792-a5c5-451f5208dd75/l/opona-335%252F80r20-firestone-duraforce.png;nowa;;Radialna;Bezdętkowa (TL);136B (2240 kg przy 50 km/h);;Opona przemysłowa/komunalna;335/80;;20;;3358020FIDU;
4483;6831;3286340200912;4057018FIDU;Opona 405/70R18 Firestone Duraforce;Utility 141B TL;;2260.00;2130.00;2779.80;2619.90;23;23.00;PLN;Opony/Opony rolnicze i przemysłowe/Opony Firestone;Firestone;;8.0000;;https://static.abstore.pl/img/grasdorf/8dbd5703-9db4-44b9-af0f-449f48a96140/l/opona-405%252F70r18-firestone-duraforce.png;nowa;;Radialna;Bezdętkowa (TL);141B (2575 kg przy 50 km/h);;Opona przemysłowa/komunalna;16.0/70 (400/70, 405/70);;18;;4057018FIDU;
4472;6820;3286340603713;3009542FIP95;Opona 300/95R42 Firestone Performer 95;147D/161A2 TL (12.4R42);;2380.00;2380.00;2927.40;2927.40;23;23.00;PLN;Opony/Opony rolnicze i przemysłowe/Opony Firestone;Firestone;;4.0000;;https://static.abstore.pl/img/grasdorf/2617289f-6ea2-4d25-a018-7ba2c7a14456/l/opona-300%252F95r42-firestone-performer-95.jpg;nowa;;Radialna;Bezdętkowa (TL);147D (3075 kg przy 65 km/h);;Opona rolnicza;12.4 (320/85, 300/95, 320/90);;42;;3009542FIP95;
4479;6827;3286340604413;3009552FIP95;Opona 300/95R52 Firestone Performer 95;151D TL (12.4R52);;4220.00;3260.00;5190.60;4009.80;23;23.00;PLN;Opony/Opony rolnicze i przemysłowe/Opony Firestone;Firestone;;3.0000;;https://static.abstore.pl/img/grasdorf/aa38e62f-2504-46af-9bdc-38e007ec026a/l/opona-300%252F95r52-firestone-performer-95.jpg;nowa;;Radialna;Bezdętkowa (TL);151D (3450 kg przy 65 km/h);;Opona rolnicza;12.4 (320/85, 300/95, 320/90);;52;12452fi;3009552FIP95;
4468;6816;3286340603317;3209032FIP90;Opona 320/90R32 Firestone Performer 90;134D TL;;3200.00;1700.00;3936.00;2091.00;23;23.00;PLN;Opony/Opony rolnicze i przemysłowe/Opony Firestone;Firestone;;2.0000;;https://static.abstore.pl/img/grasdorf/08d193ab-8e47-488c-be55-6a5553cabf40/l/opona-320%252F90r32-firestone-performer-90.jpg;nowa;;Radialna;Bezdętkowa (TL);134D (2120 kg przy 65 km/h);;Opona rolnicza;;;32;;3209032FIP90;
4482;6830;3286340174817;3408018FIDU;Opona 340/80R18 Firestone Duraforce;Utility 143A8 TL (12.5/80R18);;1650.00;1650.00;2029.50;2029.50;23;23.00;PLN;Opony/Opony rolnicze i przemysłowe/Opony Firestone;Firestone;;2.0000;;https://static.abstore.pl/img/grasdorf/9f4cab44-fe98-4830-8aba-9971361eb164/l/opona-340%252F80r18-firestone-duraforce.png;nowa;;Radialna;Bezdętkowa (TL);143A8 (2725 kg przy 40 km/h);;Opona przemysłowa/komunalna;340/80;;18;;3408018FIDU;
4542;6886;3286341339314;4806524BRVX-T;Opona 480/65R24 Bridgestone VX-Tractor;140D/137E TL;;2850.00;2690.00;3505.50;3308.70;23;23.00;PLN;Opony/Opony rolnicze i przemysłowe/Opony Bridgestone;Bridgestone;;4.0000;;https://static.abstore.pl/img/grasdorf/812b45a1-e2dc-44cf-ab1b-c661cc6e2101/l/opona-480%252F65r24-bridgestone-vx-tractor.jpg;nowa;;Radialna;Bezdętkowa (TL);140D/137E (2500 kg przy 40 km/h);;Opona rolnicza;480/65;;24;;4806524BRVX-T;
4999;7487;3286342808710;3408524BRvxr;Opona 340/85R24 Bridgestone VXR-TRACTOR;125D/122E TL;;1790.00;1710.00;2201.70;2103.30;23;23.00;PLN;Opony/Opony rolnicze i przemysłowe/Opony Bridgestone;Bridgestone;;4.0000;;https://static.abstore.pl/img/grasdorf/0e85b6ab-2150-4c27-8be1-95c424911262/l/opona-340%252F85r24-bridgestone-vxr-tractor.png;nowa;;Radialna;Bezdętkowa (TL);125D/122E (1650 kg przy 65 km/h);;Opona rolnicza;13.6 (340/85, 340/90);;24;;3408524BRvxr;
4381;6727;3286340563017;3408528FIP85;Opona 340/85R28 Firestone Performer 85;127D/124E TL (13.6R28);;1600.00;1510.00;1968.00;1857.30;23;23.00;PLN;Opony/Opony rolnicze i przemysłowe/Opony Firestone;Firestone;;2.0000;;https://static.abstore.pl/img/grasdorf/0bf5afce-e98f-4583-ba56-590ef897ddff/l/opona-340%252F85r28-firestone-performer-85.jpg;nowa;;Radialna;Bezdętkowa (TL);127D/124E (1750 kg przy 65 km/h);;Opona rolnicza;13.6 (340/85, 340/90);;28;;3408528FIP85;
4523;6867;3286341696912;2607016BRVX-T;Opona 260/70R16 Bridgestone VX-Tractor;109D/106E TL;;1130.00;610.00;1389.90;750.30;23;23.00;PLN;Opony/Opony rolnicze i przemysłowe/Opony Bridgestone;Bridgestone;;2.0000;;https://static.abstore.pl/img/grasdorf/6ee8f2f1-9715-41c2-89af-d22648a8ddac/l/opona-260%252F70r16-bridgestone-vx-tractor.jpg;nowa;;Radialna;Bezdętkowa (TL);109D/106E (1030 kg przy 65 km/h);;Opona rolnicza;260/70;;16;;2607016BRVX-T;
5117;7703;;7107042BRvtdemo;Opona VF710/70R42 Bridgestone VT-Tractor;demo 179D/176E TL;;14780.00;13440.00;18179.40;16531.20;23;23.00;PLN;Opony/Opony rolnicze i przemysłowe/Opony Bridgestone;Bridgestone;;2.0000;;https://static.abstore.pl/img/grasdorf/d36b0a91-e75f-4287-9821-92a31f4b0224/l/opona-vf710%252F70r42-bridgestone-vt-tractor.jpg,https://static.abstore.pl/img/grasdorf/1d4ed04c-f860-40ff-8e42-6b65f9988bb7/l/opona-vf710%252F70r42-bridgestone-vt-tractor.jpg,https://static.abstore.pl/img/grasdorf/e66fc86f-5d5e-4d39-bd49-05f0b136456a/l/opona-vf710%252F70r42-bridgestone-vt-tractor.jpg,https://static.abstore.pl/img/grasdorf/24ae555a-e3a2-4791-9ea6-95a8c562ed44/l/opona-vf710%252F70r42-bridgestone-vt-tractor.jpg,https://static.abstore.pl/img/grasdorf/faf09cad-4fdd-4e06-a743-3980c5335a1b/l/opona-vf710%252F70r42-bridgestone-vt-tractor.jpg,https://static.abstore.pl/img/grasdorf/e8baf954-f687-420e-bab6-753139fef3e9/l/opona-vf710%252F70r42-bridgestone-vt-tractor.jpg,https://static.abstore.pl/img/grasdorf/43cb2eea-fc76-460c-ab87-c8d411a7796b/l/opona-vf710%252F70r42-bridgestone-vt-tractor.jpg,https://static.abstore.pl/img/grasdorf/6cd8d646-58f5-4860-8f75-da0c4c38cd82/l/opona-vf710%252F70r42-bridgestone-vt-tractor.jpg,https://static.abstore.pl/img/grasdorf/62665b03-2474-4b81-9475-cb2e30884055/l/opona-vf710%252F70r42-bridgestone-vt-tractor.jpg,https://static.abstore.pl/img/grasdorf/a1221a10-18f7-4413-8acb-9678d4bceb23/l/opona-vf710%252F70r42-bridgestone-vt-tractor.jpg,https://static.abstore.pl/img/grasdorf/8dca12d2-d497-4214-a3bb-e7bb7145b6e4/l/opona-vf710%252F70r42-bridgestone-vt-tractor.jpg,https://static.abstore.pl/img/grasdorf/65fa355c-b57a-4db1-8fd7-4f14b2640f1f/l/opona-vf710%252F70r42-bridgestone-vt-tractor.jpg,https://static.abstore.pl/img/grasdorf/c48abdb0-e476-4640-8a7f-aed8f6fd635b/l/opona-vf710%252F70r42-bridgestone-vt-tractor.jpg,https://static.abstore.pl/img/grasdorf/925583b4-2fd9-4d97-92f4-8a85db81b33c/l/opona-vf710%252F70r42-bridgestone-vt-tractor.jpg;pokazowa;;Radialna;Bezdętkowa (TL);179D/176E (7750 kg przy 65 km/h);;Opona rolnicza;710/70;;42;3447;7107042BRvtdemo;
4388;6734;3286340563512;4208534FIP85;Opona 420/85R34 Firestone Performer 85;142D/139E TL (16.9R34);;2480.00;2340.00;3050.40;2878.20;23;23.00;PLN;Opony/Opony rolnicze i przemysłowe/Opony Firestone;Firestone;;2.0000;;https://static.abstore.pl/img/grasdorf/7251ff43-11ba-460c-862f-bfabd53fd52b/l/opona-420%252F85r34-firestone-performer-85.jpg;nowa;;Radialna;Bezdętkowa (TL);142D/139E (2650 kg przy 65 km/h);;Opona rolnicza;16.9 (420/85, 420/80, 440/80);;34;;4208534FIP85;
5005;7493;3286342814612;5207034BRvxr;Opona 520/70R34 Bridgestone VXR-TRACTOR;148D/145E TL;;4120.00;3840.00;5067.60;4723.20;23;23.00;PLN;Opony/Opony rolnicze i przemysłowe/Opony Bridgestone;Bridgestone;;2.0000;;https://static.abstore.pl/img/grasdorf/acd33fd8-551d-4fd4-9b5b-88183cc5712d/l/opona-520%252F70r34-bridgestone-vxr-tractor.png;nowa;;Radialna;Bezdętkowa (TL);148D/145E (3150 kg przy 65 km/h);;Opona rolnicza;520/70;;34;;5207034BRvxr;
5007;7495;3286342814810;5207038BRvxr;Opona 520/70R38 Bridgestone VXR-TRACTOR;150D/147E TL;;4870.00;4680.00;5990.10;5756.40;23;23.00;PLN;Opony/Opony rolnicze i przemysłowe/Opony Bridgestone;Bridgestone;;2.0000;;https://static.abstore.pl/img/grasdorf/a8ba4d00-83d2-4ddc-9909-c4a4f5f5796b/l/opona-520%252F70r38-bridgestone-vxr-tractor.png;nowa;;Radialna;Bezdętkowa (TL);150D/147E (3350 kg przy 65 km/h);;Opona rolnicza;520/70;;38;;5207038BRvxr;
5008;7496;3286342813813;4807028BRvxr;Opona 480/70R28 Bridgestone VXR-TRACTOR;140D/137E TL;;3210.00;3080.00;3948.30;3788.40;23;23.00;PLN;Opony/Opony rolnicze i przemysłowe/Opony Bridgestone;Bridgestone;;4.0000;;https://static.abstore.pl/img/grasdorf/d5c8ab61-c754-497c-a65f-2694d47813f7/l/opona-480%252F70r28-bridgestone-vxr-tractor.png;nowa;;Radialna;Bezdętkowa (TL);140D/137E (2500 kg przy 40 km/h);;Opona rolnicza;480/70;;28;;4807028BRvxr;
5012;7500;3286342817415;6006538BRvxr;Opona 600/65R38 Bridgestone VXR-TRACTOR;153D/150E TL;;5390.00;5170.00;6629.70;6359.10;23;23.00;PLN;Opony/Opony rolnicze i przemysłowe/Opony Bridgestone;Bridgestone;;6.0000;;https://static.abstore.pl/img/grasdorf/bb7f84b2-824a-4ac6-9646-77909ee6009d/l/opona-600%252F65r38-bridgestone-vxr-tractor.png;nowa;;Radialna;Bezdętkowa (TL);153D/150E (3650 kg przy 65 km/h);;Opona rolnicza;600/65;;38;;6006538BRvxr;
5010;7498;3286342817217;6006534BRvxr;Opona 600/65R34 Bridgestone VXR-TRACTOR;151D/148E TL;;5200.00;5200.00;6396.00;6396.00;23;23.00;PLN;Opony/Opony rolnicze i przemysłowe/Opony Bridgestone;Bridgestone;;2.0000;;https://static.abstore.pl/img/grasdorf/eec8001c-346c-46a9-80b9-b37981eb40e0/l/opona-600%252F65r34-bridgestone-vxr-tractor.png;nowa;;Radialna;Bezdętkowa (TL);151D/148E (3450 kg przy 65 km/h);;Opona rolnicza;600/65;;34;;6006534BRvxr;
4369;6714;3286340486811;3208520FIP85;Opona 320/85R20 Firestone Performer 85;119D/116E TL (12.4R20);;1160.00;1090.00;1426.80;1340.70;23;23.00;PLN;Opony/Opony rolnicze i przemysłowe/Opony Firestone;Firestone;;4.0000;;https://static.abstore.pl/img/grasdorf/da653acf-5523-4b4b-9d67-a5f1ccfba4cb/l/opona-320%252F85r20-firestone-performer-85.jpg;nowa;;Radialna;Bezdętkowa (TL);119D/116E (1360 kg przy 65 km/h);;Opona rolnicza;12.4 (320/85, 300/95, 320/90);;20;;3208520FIP85;
4373;6719;3286340562416;3408524FIP85;Opona 340/85R24 Firestone Performer 85;125D/122E TL (13.6R24);;1350.00;1280.00;1660.50;1574.40;23;23.00;PLN;Opony/Opony rolnicze i przemysłowe/Opony Firestone;Firestone;;6.0000;;https://static.abstore.pl/img/grasdorf/4903782d-095b-4a37-9a75-3260693ee030/l/opona-340%252F85r24-firestone-performer-85.jpg;nowa;;Radialna;Bezdętkowa (TL);125D/122E (1650 kg przy 65 km/h);;Opona rolnicza;13.6 (340/85, 340/90);;24;;3408524FIP85;
4375;6721;3286340562515;3808524FIP85;Opona 380/85R24 Firestone Performer 85;131D/128E TL (14.9R24);;1660.00;1560.00;2041.80;1918.80;23;23.00;PLN;Opony/Opony rolnicze i przemysłowe/Opony Firestone;Firestone;;2.0000;;https://static.abstore.pl/img/grasdorf/2016223d-3288-46d1-82ce-2d4c1954e9f5/l/opona-380%252F85r24-firestone-performer-85.jpg;nowa;;Radialna;Bezdętkowa (TL);131D/128E (1950 kg przy 65 km/h);;Opona rolnicza;14.9 (380/85, 380/90, 400/80);;24;;3808524FIP85;
4245;6521;8903094051199;4408028BKTcs;Opona 440/80-28 BKT Con Star 156A8 TL;(16.9-28);;2110.00;2110.00;2595.30;2595.30;23;23.00;PLN;Opony/Opony rolnicze i przemysłowe/Opony BKT;BKT;;4.0000;;https://static.abstore.pl/img/grasdorf/82aad496-e519-42c3-9bb9-d49cd2ff0ae5/l/opona-440%252F80-28-bkt-con-star-156a8-tl.jpg;nowa;Con Star;Diagonalna;Bezdętkowa (TL);156A8 (4000 kg przy 40 km/h);;Opona przemysłowa/komunalna;16.9 (420/85, 420/80, 440/80);;28;16928BKTcs;4408028BKTcs;
4383;6729;3286340563215;4208528FIP85;Opona 420/85R28 Firestone Performer 85;139D/136E TL (16.9R28);;2030.00;1910.00;2496.90;2349.30;23;23.00;PLN;Opony/Opony rolnicze i przemysłowe/Opony Firestone;Firestone;;4.0000;;https://static.abstore.pl/img/grasdorf/478e38e7-304a-446e-bde9-afda9d107677/l/opona-420%252F85r28-firestone-performer-85.jpg;nowa;;Radialna;Bezdętkowa (TL);139D/136E (2430 kg przy 65 km/h);;Opona rolnicza;16.9 (420/85, 420/80, 440/80);;28;;4208528FIP85;
4412;6759;3286340413015;4207024FIP70XL;Opona 420/70R24 Firestone Performer 70;XL 136A8/136B TL;;2100.00;1980.00;2583.00;2435.40;23;23.00;PLN;Opony/Opony rolnicze i przemysłowe/Opony Firestone;Firestone;;2.0000;;https://static.abstore.pl/img/grasdorf/ef3a537e-cda9-4b74-a9c4-933a46a9d5d4/l/opona-420%252F70r24-firestone-performer-70.jpg;nowa;;Radialna;Bezdętkowa (TL);136A8/136B (2240 kg przy 40 km/h);;Opona rolnicza;420/70;;24;;4207024FIP70XL;
4392;6738;3286340563918;3408538FIP85;Opona 340/85R38 Firestone Performer 85;133D/130E TL (13.6R38);;1850.00;1790.00;2275.50;2201.70;23;23.00;PLN;Opony/Opony rolnicze i przemysłowe/Opony Firestone;Firestone;;4.0000;;https://static.abstore.pl/img/grasdorf/bb871091-3815-4d8f-8929-c34fc575ac3c/l/opona-340%252F85r38-firestone-performer-85.jpg;nowa;;Radialna;Bezdętkowa (TL);133D/130E (2060 kg przy 65 km/h);;Opona rolnicza;13.6 (340/85, 340/90);;38;;3408538FIP85;
4394;6740;3286340564113;4608538FIP85;Opona 460/85R38 Firestone Performer 85;149D/146E TL (18.4R38);;3390.00;3200.00;4169.70;3936.00;23;23.00;PLN;Opony/Opony rolnicze i przemysłowe/Opony Firestone;Firestone;;2.0000;;https://static.abstore.pl/img/grasdorf/173eb9c9-8226-4ef0-a2d5-d388ae06c2f1/l/opona-460%252F85r38-firestone-performer-85.jpg;nowa;;Radialna;Bezdętkowa (TL);149D/146E (3250 kg przy 65 km/h);;Opona rolnicza;18.4 (460/85, 480/80);;38;;4608538FIP85;
4398;6744;3286340471114;4608542FIP85;Opona 460/85R42 Firestone Performer 85;150D/147E TL (18.4R42);;4510.00;4120.00;5547.30;5067.60;23;23.00;PLN;Opony/Opony rolnicze i przemysłowe/Opony Firestone;Firestone;;6.0000;;https://static.abstore.pl/img/grasdorf/db181255-b049-415b-b5b4-d44e782c1092/l/opona-460%252F85r42-firestone-performer-85.jpg;nowa;;Radialna;Bezdętkowa (TL);150D/147E (3350 kg przy 65 km/h);;Opona rolnicza;18.4 (460/85, 480/80);;42;;4608542FIP85;
4413;6760;3286340341417;4807024FIP70;Opona 480/70R24 Firestone Performer 70;138D/135E TL;;2370.00;1950.00;2915.10;2398.50;23;23.00;PLN;Opony/Opony rolnicze i przemysłowe/Opony Firestone;Firestone;;2.0000;;https://static.abstore.pl/img/grasdorf/2e0b397f-93ac-424f-a920-08284761f59b/l/opona-480%252F70r24-firestone-performer-70.jpg;nowa;;Radialna;Bezdętkowa (TL);138D/135E (2360 kg przy 65 km/h);;Opona rolnicza;480/70;;24;;4807024FIP70;
4416;6763;3286340341714;4207028FIP70;Opona 420/70R28 Firestone Performer 70;133D/130E TL;;2030.00;1910.00;2496.90;2349.30;23;23.00;PLN;Opony/Opony rolnicze i przemysłowe/Opony Firestone;Firestone;;6.0000;;https://static.abstore.pl/img/grasdorf/06e28585-1b9c-47d2-8d2f-a40f0d2ecd8f/l/opona-420%252F70r28-firestone-performer-70.jpg;nowa;;Radialna;Bezdętkowa (TL);133D/130E (2060 kg przy 65 km/h);;Opona rolnicza;420/70;;28;;4207028FIP70;
4423;6771;3286340342414;5207038FIP70;Opona 520/70R38 Firestone Performer 70;150D/147E TL;;4170.00;3930.00;5129.10;4833.90;23;23.00;PLN;Opony/Opony rolnicze i przemysłowe/Opony Firestone;Firestone;;4.0000;;https://static.abstore.pl/img/grasdorf/cc179697-aded-430c-97c7-45957668b1f9/l/opona-520%252F70r38-firestone-performer-70.jpg;nowa;;Radialna;Bezdętkowa (TL);150D/147E (3350 kg przy 65 km/h);;Opona rolnicza;520/70;;38;;5207038FIP70;
4424;6772;3286340342513;5807038FIP70;Opona 580/70R38 Firestone Performer 70;155D/152E TL;;5530.00;5220.00;6801.90;6420.60;23;23.00;PLN;Opony/Opony rolnicze i przemysłowe/Opony Firestone;Firestone;;2.0000;;https://static.abstore.pl/img/grasdorf/60794884-65d4-412e-99e8-27c2b7658981/l/opona-580%252F70r38-firestone-performer-70.jpg;nowa;;Radialna;Bezdętkowa (TL);155D/152E (3875 kg przy 65 km/h);;Opona rolnicza;580/70;;38;;5807038FIP70;
4434;6782;3286340896917;5406534FIMT65;Opona 540/65R34 Firestone Maxi Traction;65 145D/142E TL;;3650.00;3500.00;4489.50;4305.00;23;23.00;PLN;Opony/Opony rolnicze i przemysłowe/Opony Firestone;Firestone;;6.0000;;https://static.abstore.pl/img/grasdorf/de5de979-0286-4d39-b579-250e49483fb5/l/opona-540%252F65r34-firestone-maxi-traction.jpg;nowa;;Radialna;Bezdętkowa (TL);145D/142E (2900 kg przy 65 km/h);;Opona rolnicza;540/65;;34;;5406534FIMT65;
4438;6786;3286340898010;6006538FIMT65;Opona 600/65R38 Firestone Maxi Traction;65 153D/150E TL;;5030.00;4820.00;6186.90;5928.60;23;23.00;PLN;Opony/Opony rolnicze i przemysłowe/Opony Firestone;Firestone;;4.0000;;https://static.abstore.pl/img/grasdorf/6dfa81c2-af9c-4f76-a5a3-1908fd748eee/l/opona-600%252F65r38-firestone-maxi-traction.jpg;nowa;;Radialna;Bezdętkowa (TL);153D/150E (3650 kg przy 65 km/h);;Opona rolnicza;600/65;;38;;6006538FIMT65;
4486;6834;3286340106016;4007020FIDU;Opona 400/70R20 Firestone Duraforce;Utility 149A8 TL (16.0/70R20);;2180.00;2090.00;2681.40;2570.70;23;23.00;PLN;Opony/Opony rolnicze i przemysłowe/Opony Firestone;Firestone;;8.0000;;https://static.abstore.pl/img/grasdorf/f5cdbf9f-cc48-4225-9723-5e1fc525def2/l/opona-400%252F70r20-firestone-duraforce.png;nowa;;Radialna;Bezdętkowa (TL);149A8 (3250 kg przy 40 km/h);;Opona przemysłowa/komunalna;16.0/70 (400/70, 405/70);;20;;4007020FIDU;
4491;6839;3286341047417;4607024FIR8000U;Opona 460/70R24 Firestone R8000 Utility;159A8/159B TL (17.5R24);;2260.00;2160.00;2779.80;2656.80;23;23.00;PLN;Opony/Opony rolnicze i przemysłowe/Opony Firestone;Firestone;;24.0000;;https://static.abstore.pl/img/grasdorf/9759d6c5-a6c2-4fc1-975f-09b37ef8ee7a/l/opona-460%252F70r24-firestone-r8000-utility.jpg;nowa;;Radialna;Bezdętkowa (TL);159A8/159B ( kg przy 40 km/h);;Opona przemysłowa/komunalna;17.5 (460/70);;24;17524FI;4607024FIR8000U;
4539;6883;3286341975017;5807042BRVX-T;Opona 580/70R42 Bridgestone VX-Tractor;162D/159E TL;;7120.00;6830.00;8757.60;8400.90;23;23.00;PLN;Opony/Opony rolnicze i przemysłowe/Opony Bridgestone;Bridgestone;;2.0000;;https://static.abstore.pl/img/grasdorf/cea50b3d-ca6e-49e7-851f-1b8f6ccfd41d/l/opona-580%252F70r42-bridgestone-vx-tractor.jpg;nowa;;Radialna;Bezdętkowa (TL);162D/159E (4750 kg przy 65 km/h);;Opona rolnicza;580/70;;42;;5807042BRVX-T;
4562;6906;3286340696012;6506538BRVT-T;Opona VF650/65R38 Bridgestone VT-Tractor;169D/166E TL;;7530.00;7530.00;9261.90;9261.90;23;23.00;PLN;Opony/Opony rolnicze i przemysłowe/Opony Bridgestone;Bridgestone;;2.0000;;https://static.abstore.pl/img/grasdorf/29e5188d-cab4-48ea-9c01-fcd75a735ed0/l/opona-vf650%252F65r38-bridgestone-vt-tractor.jpg;nowa;;Radialna;Bezdętkowa (TL);169D/166E (5800 kg przy 65 km/h);;Opona rolnicza;650/65;;38;;6506538BRVT-T;
4604;6948;3286340696913;9006042BRVT-T;Opona VF900/60R42 Bridgestone VT-Tractor;189D/185E TL;;16310.00;16310.00;20061.30;20061.30;23;23.00;PLN;Opony/Opony rolnicze i przemysłowe/Opony Bridgestone;Bridgestone;;4.0000;;https://static.abstore.pl/img/grasdorf/32745106-27b1-4879-b857-960b032e9792/l/opona-vf900%252F60r42-bridgestone-vt-tractor.jpg;nowa;;Radialna;Bezdętkowa (TL);189D/185E (10300 kg przy 65 km/h);;Opona rolnicza;900/60;;42;;9006042BRVT-T;
4990;7478;3286342810416;3808528BRvxr;Opona 380/85R28 Bridgestone VXR-TRACTOR;133D/130E TL;;2190.00;2120.00;2693.70;2607.60;23;23.00;PLN;Opony/Opony rolnicze i przemysłowe/Opony Bridgestone;Bridgestone;;2.0000;;https://static.abstore.pl/img/grasdorf/67008b7f-0e90-4a71-89ad-01259f63c7b4/l/opona-380%252F85r28-bridgestone-vxr-tractor.png;nowa;;Radialna;Bezdętkowa (TL);133D/130E (2060 kg przy 65 km/h);;Opona rolnicza;14.9 (380/85, 380/90, 400/80);;28;;3808528BRvxr;
4991;7479;3286342812519;4608534BRvxr;Opona 460/85R34 Bridgestone VXR-TRACTOR;147D/144E TL;;3810.00;3660.00;4686.30;4501.80;23;23.00;PLN;Opony/Opony rolnicze i przemysłowe/Opony Bridgestone;Bridgestone;;2.0000;;https://static.abstore.pl/img/grasdorf/80e7ff12-6f2a-4f97-a147-c4399e3f37a6/l/opona-460%252F85r34-bridgestone-vxr-tractor.png;nowa;;Radialna;Bezdętkowa (TL);147D/144E (3075 kg przy 65 km/h);;Opona rolnicza;18.4 (460/85, 480/80);;34;;4608534BRvxr;
4492;6840;3286340602914;5007024FIDU;Opona 500/70R24 Firestone Duraforce;Utility 164A8/164B TL (19.5R24);;3010.00;2920.00;3702.30;3591.60;23;23.00;PLN;Opony/Opony rolnicze i przemysłowe/Opony Firestone;Firestone;;4.0000;;https://static.abstore.pl/img/grasdorf/9f67e6d0-1101-445c-a2a4-de8e5e38b21e/l/opona-500%252F70r24-firestone-duraforce.png;nowa;;Radialna;Bezdętkowa (TL);164A8/164B (5000 kg przy 40 km/h);;Opona przemysłowa/komunalna;500/70;;24;;5007024FIDU;
4389;6735;3286340563611;4608534FIP85;Opona 460/85R34 Firestone Performer 85;147D/144E TL (18.4R34);;3070.00;2890.00;3776.10;3554.70;23;23.00;PLN;Opony/Opony rolnicze i przemysłowe/Opony Firestone;Firestone;;4.0000;;https://static.abstore.pl/img/grasdorf/563d17bb-9a8e-44c6-8e27-dbbb5b37975e/l/opona-460%252F85r34-firestone-performer-85.jpg;nowa;;Radialna;Bezdętkowa (TL);147D/144E (3075 kg przy 65 km/h);;Opona rolnicza;18.4 (460/85, 480/80);;34;;4608534FIP85;
4568;6912;9774104840411;6006528BRVT-T;Opona VF600/65R28 Bridgestone VT-Tractor;159D/156E TL;;4470.00;4470.00;5498.10;5498.10;23;23.00;PLN;Opony/Opony rolnicze i przemysłowe/Opony Bridgestone;Bridgestone;;2.0000;;https://static.abstore.pl/img/grasdorf/418f6ece-c9a4-4f7c-9f21-98103acaaaa3/l/opona-vf600%252F65r28-bridgestone-vt-tractor.jpg;nowa;;Radialna;Bezdętkowa (TL);159D/156E (4375 km/h przy 65 km/h);;Opona rolnicza;600/65;;28;;6006528BRVT-T;
4490;6838;3286340293716;4607024FIDU;Opona 460/70R24 Firestone Duraforce;Utility 159A8 TL (17.5R24);;2630.00;2520.00;3234.90;3099.60;23;23.00;PLN;Opony/Opony rolnicze i przemysłowe/Opony Firestone;Firestone;;8.0000;;https://static.abstore.pl/img/grasdorf/74a898ef-d912-48ca-a25e-8124d27c9c32/l/opona-460%252F70r24-firestone-duraforce.png;nowa;;Radialna;Bezdętkowa (TL);159A8 (4375 kg przy 40 km/h);;Opona przemysłowa/komunalna;17.5 (460/70);;24;;4607024FIDU;
4379;6725;3286340562812;2808528FIP85;Opona 280/85R28 Firestone Performer 85;118D/115E TL (11.2R28);;1110.00;1050.00;1365.30;1291.50;23;23.00;PLN;Opony/Opony rolnicze i przemysłowe/Opony Firestone;Firestone;;6.0000;;https://static.abstore.pl/img/grasdorf/c0c2f0db-34b9-41bb-a5fa-62e7708a2cf7/l/opona-280%252F85r28-firestone-performer-85.jpg;nowa;;Radialna;Bezdętkowa (TL);118D/115E (1320 kg przy 65 km/h);;Opona rolnicza;11.2 (270/95, 280/85);;28;;2808528FIP85;
4992;7480;3286342812717;4608538BRvxr;Opona 460/85R38 Bridgestone VXR-TRACTOR;149D/146E TL;;4170.00;4000.00;5129.10;4920.00;23;23.00;PLN;Opony/Opony rolnicze i przemysłowe/Opony Bridgestone;Bridgestone;;2.0000;;https://static.abstore.pl/img/grasdorf/aa0a685f-2069-417c-83ec-c570e5b9af33/l/opona-460%252F85r38-bridgestone-vxr-tractor.png;nowa;;Radialna;Bezdętkowa (TL);149D/146E (3250 kg przy 65 km/h);;Opona rolnicza;18.4 (460/85, 480/80);;38;;4608538BRvxr;
5000;7488;3286342811116;4208524BRvxr;Opona 420/85R24 Bridgestone VXR-TRACTOR;137D/134E TL;;2300.00;2210.00;2829.00;2718.30;23;23.00;PLN;Opony/Opony rolnicze i przemysłowe/Opony Bridgestone;Bridgestone;;2.0000;;https://static.abstore.pl/img/grasdorf/ef09e845-c5d5-4281-9da8-2074997a4606/l/opona-420%252F85r24-bridgestone-vxr-tractor.png;nowa;;Radialna;Bezdętkowa (TL);137D/134E (2300 kg przy 65 km/h);;Opona rolnicza;16.9 (420/85, 420/80, 440/80);;24;;4208524BRvxr;
5001;7489;3286342811215;4207024BRvxr;Opona 420/70R24 Bridgestone VXR-TRACTOR;130D/127E TL;;2180.00;2100.00;2681.40;2583.00;23;23.00;PLN;Opony/Opony rolnicze i przemysłowe/Opony Bridgestone;Bridgestone;;2.0000;;https://static.abstore.pl/img/grasdorf/f2cc3930-cec8-434b-8ea3-930946a38dc8/l/opona-420%252F70r24-bridgestone-vxr-tractor.png;nowa;;Radialna;Bezdętkowa (TL);130D/127E (1900 kg przy 65 km/h);;Opona rolnicza;420/70;;24;;4207024BRvxr;
5018;7506;3286342810010;3807024BRvxr;Opona 380/70R24 Bridgestone VXR-TRACTOR;125D/122E TL;;2000.00;1920.00;2460.00;2361.60;23;23.00;PLN;Opony/Opony rolnicze i przemysłowe/Opony Bridgestone;Bridgestone;;2.0000;;https://static.abstore.pl/img/grasdorf/9260afa9-4f14-42d8-a50c-36471aff5b91/l/opona-380%252F70r24-bridgestone-vxr-tractor.png;nowa;;Radialna;Bezdętkowa (TL);125D/122E (1650 kg przy 65 km/h);;Opona rolnicza;380/70;;24;;3807024BRvxr;
5020;7508;3286342811710;4208530BRvxr;Opona 420/85R30 Bridgestone VXR-TRACTOR;140D/137E TL;;2700.00;2590.00;3321.00;3185.70;23;23.00;PLN;Opony/Opony rolnicze i przemysłowe/Opony Bridgestone;Bridgestone;;4.0000;;https://static.abstore.pl/img/grasdorf/f97be5f5-46ca-47f4-b25d-8b19c63f3737/l/opona-420%252F85r30-bridgestone-vxr-tractor.png;nowa;;Radialna;Bezdętkowa (TL);140D/137E (2500 kg przy 40 km/h);;Opona rolnicza;16.9 (420/85, 420/80, 440/80);;30;;4208530BRvxr;
5022;7510;3286342815015;5807038BRvxr;Opona 580/70R38 Bridgestone VXR-TRACTOR;155D/152E TL;;6330.00;6080.00;7785.90;7478.40;23;23.00;PLN;Opony/Opony rolnicze i przemysłowe/Opony Bridgestone;Bridgestone;;4.0000;;https://static.abstore.pl/img/grasdorf/930cf8b1-6cfc-4157-bd03-1db125ff6da4/l/opona-580%252F70r38-bridgestone-vxr-tractor.png;nowa;;Radialna;Bezdętkowa (TL);155D/152E (3875 kg przy 65 km/h);;Opona rolnicza;580/70;;38;;5807038BRvxr;
5024;7512;3286342815411;4406524BRvxr;Opona 440/65R24 Bridgestone VXR-TRACTOR;128D/125E TL;;2530.00;2360.00;3111.90;2902.80;23;23.00;PLN;Opony/Opony rolnicze i przemysłowe/Opony Bridgestone;Bridgestone;;4.0000;;https://static.abstore.pl/img/grasdorf/96547ddc-1333-4438-ac6f-a659a9c7fe26/l/opona-440%252F65r24-bridgestone-vxr-tractor.png;nowa;;Radialna;Bezdętkowa (TL);128D/125E (1800 kg przy 65 km/h);;Opona rolnicza;440/65;;24;;4406524BRvxr;
5025;7513;3286342815619;4406528BRvxr;Opona 440/65R28 Bridgestone VXR-TRACTOR;131D/128E TL;;2680.00;2570.00;3296.40;3161.10;23;23.00;PLN;Opony/Opony rolnicze i przemysłowe/Opony Bridgestone;Bridgestone;;4.0000;;https://static.abstore.pl/img/grasdorf/6ecdd43e-b73f-4f0c-b0e2-f19dd9ec2915/l/opona-440%252F65r28-bridgestone-vxr-tractor.png;nowa;;Radialna;Bezdętkowa (TL);131D/128E (1950 kg przy 65 km/h);;Opona rolnicza;440/65;;28;;4406528BRvxr;
5026;7514;3286342814414;4807038BRvxr;Opona 480/70R38 Bridgestone VXR-TRACTOR;145D/142E TL;;4130.00;3990.00;5079.90;4907.70;23;23.00;PLN;Opony/Opony rolnicze i przemysłowe/Opony Bridgestone;Bridgestone;;2.0000;;https://static.abstore.pl/img/grasdorf/76626ca3-c991-4679-befe-0861e442be32/l/opona-480%252F70r38-bridgestone-vxr-tractor.png;nowa;;Radialna;Bezdętkowa (TL);145D/142E (2900 kg przy 65 km/h);;Opona rolnicza;480/70;;38;;4807038BRvxr;
5028;7516;3286342816418;5406528BRvxr;Opona 540/65R28 Bridgestone VXR-TRACTOR;142D/139E TL;;3540.00;3390.00;4354.20;4169.70;23;23.00;PLN;Opony/Opony rolnicze i przemysłowe/Opony Bridgestone;Bridgestone;;6.0000;;https://static.abstore.pl/img/grasdorf/93a6e826-c6ae-4d38-b9c3-8f8048b51387/l/opona-540%252F65r28-bridgestone-vxr-tractor.png;nowa;;Radialna;Bezdętkowa (TL);142D/139E (2650 kg przy 65 km/h);;Opona rolnicza;540/65;;28;;5406528BRvxr;
5030;7518;3286342817613;6506538BRvxr;Opona 650/65R38 Bridgestone VXR-TRACTOR;157D/154E TL;;7030.00;6750.00;8646.90;8302.50;23;23.00;PLN;Opony/Opony rolnicze i przemysłowe/Opony Bridgestone;Bridgestone;;8.0000;;https://static.abstore.pl/img/grasdorf/79566afb-7031-4d8a-83f7-8fd6463dd31b/l/opona-650%252F65r38-bridgestone-vxr-tractor.png;nowa;;Radialna;Bezdętkowa (TL);157D/154E (4125 kg przy 65 km/h);;Opona rolnicza;650/65;;38;;6506538BRvxr;
5031;7519;3286342812113;4208538BRvxr;Opona 420/85R38 Bridgestone VXR-TRACTOR;144D/141E TL;;3620.00;3470.00;4452.60;4268.10;23;23.00;PLN;Opony/Opony rolnicze i przemysłowe/Opony Bridgestone;Bridgestone;;2.0000;;https://static.abstore.pl/img/grasdorf/bf0b2007-d429-443a-9dba-441e5db0bb12/l/opona-420%252F85r38-bridgestone-vxr-tractor.png;nowa;;Radialna;Bezdętkowa (TL);144D/141E (2800 kg przy 65 km/h);;Opona rolnicza;16.9 (420/85, 420/80, 440/80);;38;;4208538BRvxr;
5019;7507;3286342811918;4208534BRvxr;Opona 420/85R34 Bridgestone VXR-TRACTOR;142D/139E TL;;3170.00;3000.00;3899.10;3690.00;23;23.00;PLN;Opony/Opony rolnicze i przemysłowe/Opony Bridgestone;Bridgestone;;7.0000;;https://static.abstore.pl/img/grasdorf/fc58ba01-e028-4fbe-9b95-b2dabf8ed2b1/l/opona-420%252F85r34-bridgestone-vxr-tractor.png;nowa;;Radialna;Bezdętkowa (TL);142D/139E (2650 kg przy 65 km/h);;Opona rolnicza;16.9 (420/85, 420/80, 440/80);;34;;4208534BRvxr;
4494;6842;3286340177016;4408028FIDU;Opona 440/80R28 Firestone Duraforce;Utility 156A8 TL (16.9R28);;3280.00;3090.00;4034.40;3800.70;23;23.00;PLN;Opony/Opony rolnicze i przemysłowe/Opony Firestone;Firestone;;4.0000;;https://static.abstore.pl/img/grasdorf/72520030-ecee-4b49-9fe7-9a0c76b8c02e/l/opona-440%252F80r28-firestone-duraforce.png;nowa;;Radialna;Bezdętkowa (TL);156A8 (4000 kg przy 40 km/h);;Opona przemysłowa/komunalna;16.9 (420/85, 420/80, 440/80);;28;;4408028FIDU;
4386;6732;3286340563314;4208530FIP85;Opona 420/85R30 Firestone Performer 85;140D/137E TL (16.9R30);;2300.00;2100.00;2829.00;2583.00;23;23.00;PLN;Opony/Opony rolnicze i przemysłowe/Opony Firestone;Firestone;;2.0000;;https://static.abstore.pl/img/grasdorf/dbddda57-210a-4356-97a3-045c84c37889/l/opona-420%252F85r30-firestone-performer-85.jpg;nowa;;Radialna;Bezdętkowa (TL);140D/137E (2500 kg przy 40 km/h);;Opona rolnicza;16.9 (420/85, 420/80, 440/80);;30;;4208530FIP85;
5038;7535;;6007030Mdemo;Opona 600/70R30 Michelin Machxbib demo;158D TL;;9790.00;8070.00;12041.70;9926.10;23;23.00;PLN;Opony/Opony rolnicze i przemysłowe/Opony Michelin;Michelin;;2.0000;;https://static.abstore.pl/img/grasdorf/4525d5b8-2df0-4dd7-a745-e14773ac6128/l/opona-600%252F70r30-michelin-machxbib-demo.jpg,https://static.abstore.pl/img/grasdorf/c084d975-c7ae-4df8-8d53-e54f53b61513/l/opona-600%252F70r30-michelin-machxbib-demo.jpg,https://static.abstore.pl/img/grasdorf/6e54d1d9-26e3-4210-b1c2-0aaaef3c31ca/l/opona-600%252F70r30-michelin-machxbib-demo.jpg,https://static.abstore.pl/img/grasdorf/68b016a1-2c0e-4417-a4ce-3af1ced8a0e6/l/opona-600%252F70r30-michelin-machxbib-demo.jpg,https://static.abstore.pl/img/grasdorf/152e705f-6eed-49bd-9229-84d43aa0e0d1/l/opona-600%252F70r30-michelin-machxbib-demo.jpg,https://static.abstore.pl/img/grasdorf/73ae85fa-c708-467f-b5fb-24dc418e8fbc/l/opona-600%252F70r30-michelin-machxbib-demo.jpg;pokazowa;;Radialna;Bezdętkowa (TL);158D (4250 kg przy 65 km/h);;Opona rolnicza;600/70;;30;003318;6007030Mdemo;
4547;6891;3286340694919;5406528BRVT-T;Opona VF540/65R28 Bridgestone VT-Tractor;154D/151E TL;;3740.00;3740.00;4600.20;4600.20;23;23.00;PLN;Opony/Opony rolnicze i przemysłowe/Opony Bridgestone;Bridgestone;;4.0000;;https://static.abstore.pl/img/grasdorf/dd07f272-4984-41f5-af4b-c12032983a5e/l/opona-vf540%252F65r28-bridgestone-vt-tractor.jpg;nowa;;Radialna;Bezdętkowa (TL);154D/151E (3750 kg przy 65 km/h);;Opona rolnicza;540/65;;28;;5406528BRVT-T;
4419;6766;3286340342018;4807030FIP70;Opona 480/70R30 Firestone Performer 70;141D/138E TL;;2820.00;2820.00;3468.60;3468.60;23;23.00;PLN;Opony/Opony rolnicze i przemysłowe/Opony Firestone;Firestone;;4.0000;;https://static.abstore.pl/img/grasdorf/272506ae-538d-40f0-8f48-7f88fe10227f/l/opona-480%252F70r30-firestone-performer-70.jpg;nowa;;Radialna;Bezdętkowa (TL);141D/138E (2575 kg przy 65 km/h);;Opona rolnicza;480/70;;30;;4807030FIP70;
4453;6801;3286341702910;8006532FIMTHarvest;Opona 800/65R32 Firestone Maxi Traction;Harvest 178A8/178B TL (30.5R32);;9330.00;8500.00;11475.90;10455.00;23;23.00;PLN;Opony/Opony rolnicze i przemysłowe/Opony Firestone;Firestone;;4.0000;;https://static.abstore.pl/img/grasdorf/32dba6b6-d699-4b96-b401-22e5dcb12453/l/opona-800%252F65r32-firestone-maxi-traction.jpg;nowa;;Radialna;Bezdętkowa (TL);178A8/178B (7500 kg przy 40 km/h);;Opona rolnicza;800/65;;32;;8006532FIMTHarvest;
4411;6758;3286340341318;4207024FIP70;Opona 420/70R24 Firestone Performer 70;130D/127E TL;;2000.00;1890.00;2460.00;2324.70;23;23.00;PLN;Opony/Opony rolnicze i przemysłowe/Opony Firestone;Firestone;;4.0000;;https://static.abstore.pl/img/grasdorf/fa4acaf4-e1db-4a9b-936e-f5e8868e5b94/l/opona-420%252F70r24-firestone-performer-70.jpg;nowa;;Radialna;Bezdętkowa (TL);130D/127E (1900 kg przy 65 km/h);;Opona rolnicza;420/70;;24;;4207024FIP70;
4968;7428;8903635056379;6006528Aaii;Opona 600/65R28 Alliance AGRISTAR II;154D TL;;3820.00;3820.00;4698.60;4698.60;23;23.00;PLN;Opony/Opony rolnicze i przemysłowe/Opony Alliance;Alliance;;2.0000;;https://static.abstore.pl/img/grasdorf/3b8751fb-f603-4a9a-8323-7a9159bd2bf4/l/opona-600%252F65r28-alliance-agristar-ii.jpg;nowa;;Radialna;Bezdętkowa (TL);154D (3750 kg przy 65 km/h);;Opona rolnicza;600/65;;28;;6006528Aaii;
4370;6716;3286340562218;2808524FIP85;Opona 280/85R24 Firestone Performer 85;115D/112E TL (11.2R24);;1030.00;970.00;1266.90;1193.10;23;23.00;PLN;Opony/Opony rolnicze i przemysłowe/Opony Firestone;Firestone;;3.0000;;https://static.abstore.pl/img/grasdorf/bf7fe507-a421-4146-ab5c-36bde60a23d7/l/opona-280%252F85r24-firestone-performer-85.jpg;nowa;;Radialna;Bezdętkowa (TL);115D/112E (1215 kg przy 65 km/h);;Opona rolnicza;11.2 (270/95, 280/85);;24;;2808524FIP85;
4431;6779;3286340896115;5406528FIMT65;Opona 540/65R28 Firestone Maxi Traction;65 142D/139E TL;;3220.00;3220.00;3960.60;3960.60;23;23.00;PLN;Opony/Opony rolnicze i przemysłowe/Opony Firestone;Firestone;;2.0000;;https://static.abstore.pl/img/grasdorf/c1276e57-fc0e-4a1c-bfe1-d29bcaa2066f/l/opona-540%252F65r28-firestone-maxi-traction.jpg;nowa;;Radialna;Bezdętkowa (TL);142D/139E (2650 kg przy 65 km/h);;Opona rolnicza;540/65;;28;;5406528FIMT65;
4461;6809;3286340590716;8007038FIMT;Opona IF800/70R38 Firestone Maxi;Traction 184D/181E TL;;12460.00;12460.00;15325.80;15325.80;23;23.00;PLN;Opony/Opony rolnicze i przemysłowe/Opony Firestone;Firestone;;2.0000;;https://static.abstore.pl/img/grasdorf/fcd69461-dadf-4332-983b-ace5fe238866/l/opona-if800%252F70r38-firestone-maxi.jpg;nowa;;Radialna;Bezdętkowa (TL);184D/181E (9000 kg przy 65 km/h);;Opona rolnicza;800/70;;38;;8007038FIMT;
5014;7502;3286342811512;4208528BRvxr;Opona 420/85R28 Bridgestone VXR-TRACTOR;139D/136E TL;;2590.00;2480.00;3185.70;3050.40;23;23.00;PLN;Opony/Opony rolnicze i przemysłowe/Opony Bridgestone;Bridgestone;;6.0000;;https://static.abstore.pl/img/grasdorf/1c6cedce-df2f-4718-81c3-da3e77cbe163/l/opona-420%252F85r28-bridgestone-vxr-tractor.png;nowa;;Radialna;Bezdętkowa (TL);139D/136E (2430 kg przy 65 km/h);;Opona rolnicza;16.9 (420/85, 420/80, 440/80);;28;;4208528BRvxr;
4237;5193;8903094007790;5008BKTpthd;Opona 5.00-8 BKT PT-HD 10PR TT;;;150.00;150.00;184.50;184.50;23;23.00;PLN;Opony/Opony rolnicze i przemysłowe/Opony BKT;BKT;;5.0000;;https://static.abstore.pl/img/grasdorf/2887fa8e-068a-42ab-bb81-88f9fc0ab174/l/opona-5-00-8-bkt-pt-hd-10pr-tt.jpg;nowa;Power Trax HD;Diagonalna;Dętkowa (TT);;10 PR;Opona przemysłowa/komunalna;5.00;;8;58BKTpthd;5008BKTpthd;
5017;7505;3286342813110;5208538BRvxr;Opona 520/85R38 Bridgestone VXR-TRACTOR;155D/152E TL;;5220.00;4930.00;6420.60;6063.90;23;23.00;PLN;Opony/Opony rolnicze i przemysłowe/Opony Bridgestone;Bridgestone;;4.0000;;https://static.abstore.pl/img/grasdorf/9a12af84-81f8-4c29-934f-75571b5588b6/l/opona-520%252F85r38-bridgestone-vxr-tractor.png;nowa;;Radialna;Bezdętkowa (TL);155D/152E (3875 kg przy 65 km/h);;Opona rolnicza;20.8 (520/85);;38;20838;5208538BRvxr;
4892;4144;3286344901518;4756520BR;Opona 475/65-20 Bridgestone PD1 4PR TT;122A6 (475/65D20);;2310.00;2310.00;2841.30;2841.30;23;23.00;PLN;Opony/Opony rolnicze i przemysłowe/Opony Bridgestone;Bridgestone;;2.0000;;https://static.abstore.pl/img/grasdorf/8cd4f9be-cf3e-49f7-8386-63df4d527c7d/l/opona-475%252F65-20-bridgestone-pd1-4pr-tt.jpg;nowa;;Diagonalna;Dętkowa (TT);122A6;4 PR;Opona przemysłowa/komunalna;;;20;1916;4756520BR;
5039;7541;;2709532trdemo;Opona 270/95R32 Trelleborg TM 100 demo;136A8/136B TL (11.2R32);;2250.00;1990.00;2767.50;2447.70;23;23.00;PLN;Opony/Opony rolnicze i przemysłowe/Opony Trelleborg;Trelleborg;;2.0000;;https://static.abstore.pl/img/grasdorf/e4b02494-4e5a-49b0-9e9d-c125d041c6e3/l/opona-270%252F95r32-trelleborg-tm-100-demo.jpg,https://static.abstore.pl/img/grasdorf/6543ae9b-fed2-47bf-b8ac-4a140a3a14c8/l/opona-270%252F95r32-trelleborg-tm-100-demo.jpg,https://static.abstore.pl/img/grasdorf/28f4f46f-07f2-47d1-a4bf-0331e59eb1a5/l/opona-270%252F95r32-trelleborg-tm-100-demo.jpg,https://static.abstore.pl/img/grasdorf/75bdb1b4-5943-488f-9a1b-b9a9ab85bb0f/l/opona-270%252F95r32-trelleborg-tm-100-demo.jpg,https://static.abstore.pl/img/grasdorf/76fe424d-af4a-4b16-bb67-ce056702966a/l/opona-270%252F95r32-trelleborg-tm-100-demo.jpg,https://static.abstore.pl/img/grasdorf/3e598fbb-3a65-460b-a88d-20bf7bcb5640/l/opona-270%252F95r32-trelleborg-tm-100-demo.jpg,https://static.abstore.pl/img/grasdorf/91339552-890b-4136-bed5-5ee4041511eb/l/opona-270%252F95r32-trelleborg-tm-100-demo.jpg;pokazowa;;Radialna;Bezdętkowa (TL);136A8/136B (2240 kg przy 40 km/h);;Opona rolnicza;11.2 (270/95, 280/85);;32;11232trdemo;2709532trdemo;
4380;6726;3286340562911;3208528FIP85;Opona 320/85R28 Firestone Performer 85;124D/121E TL (12.4R28);;1330.00;1330.00;1635.90;1635.90;23;23.00;PLN;Opony/Opony rolnicze i przemysłowe/Opony Firestone;Firestone;;4.0000;;https://static.abstore.pl/img/grasdorf/fa1408fb-63c9-46de-b3bc-bcb55ec4a5cc/l/opona-320%252F85r28-firestone-performer-85.jpg;nowa;;Radialna;Bezdętkowa (TL);124D/121E (1600 kg przy 65 km/h);;Opona rolnicza;12.4 (320/85, 300/95, 320/90);;28;;3208528FIP85;
4091;6274;8906117626930;8006532CeatYIELDMAX2;Opona 800/65R32 Ceat YIELDMAX SB;181A8/181B TL;;7130.00;7130.00;8769.90;8769.90;23;23.00;PLN;Opony/Opony rolnicze i przemysłowe/Pozostałe;Ceat;;2.0000;;https://static.abstore.pl/img/grasdorf/ca3008ff-52bf-4f41-8a81-3af0889450ec/l/opona-800%252F65r32-ceat-yieldmax-sb.jpg;nowa;YIELDMAX;Radialna;Bezdętkowa (TL);181A8/181B (8250 kg przy 40 km/h);;Opona rolnicza;800/65;;32;;8006532CeatYIELDMAX2;
4414;6761;3286340341516;3607028FIP70;Opona 360/70R28 Firestone Performer 70;125D/122E TL;;1700.00;1600.00;2091.00;1968.00;23;23.00;PLN;Opony/Opony rolnicze i przemysłowe/Opony Firestone;Firestone;;2.0000;;https://static.abstore.pl/img/grasdorf/de366e2d-c303-4a52-8f53-cf4418a4c140/l/opona-360%252F70r28-firestone-performer-70.jpg;nowa;;Radialna;Bezdętkowa (TL);125D/122E (1650 kg przy 65 km/h);;Opona rolnicza;360/70;;28;;3607028FIP70;
4973;7437;6973033769395;2385012Jh85018;Opona 23x8.50-12 Journey H8501 8PR TL;;;250.00;250.00;307.50;307.50;23;23.00;PLN;Opony/Opony rolnicze i przemysłowe/Pozostałe;Journey;;5.0000;;https://static.abstore.pl/img/grasdorf/cebd483e-8451-4ec3-a76e-dd763190577a/l/opona-23x8-50-12-journey-h8501-8pr-tl.jpg;nowa;;Diagonalna;Bezdętkowa (TL);;8 PR;Opona przemysłowa/komunalna;23x8.50;;12;238512Jh85018;2385012Jh85018;
4454;6802;3286341703412;9006032FIMTHarvest;Opona 900/60R32 Firestone Maxi Traction;Harvest 181A8/181B TL;;13190.00;13190.00;16223.70;16223.70;23;23.00;PLN;Opony/Opony rolnicze i przemysłowe/Opony Firestone;Firestone;;2.0000;;https://static.abstore.pl/img/grasdorf/a9aa723d-c0c7-480d-99e1-4a57c3e79a8c/l/opona-900%252F60r32-firestone-maxi-traction.jpg;nowa;;Radialna;Bezdętkowa (TL);181A8/181B (8250 kg przy 40 km/h);;Opona rolnicza;900/60;;32;;9006032FIMTHarvest;
5021;7509;3286342809519;3607024BRvxr;Opona 360/70R24 Bridgestone VXR-TRACTOR;122D/119E TL;;1660.00;1660.00;2041.80;2041.80;23;23.00;PLN;Opony/Opony rolnicze i przemysłowe/Opony Bridgestone;Bridgestone;;1.0000;;https://static.abstore.pl/img/grasdorf/bd2f33da-3e25-467f-b6c7-1e33b28cddae/l/opona-360%252F70r24-bridgestone-vxr-tractor.png;nowa;;Radialna;Bezdętkowa (TL);122D/119E (1500 kg przy 65 km/h);;Opona rolnicza;360/70;;24;;3607024BRvxr;
4984;7456;;6506542mtsstdemo;Opona 650/65R42 Mitas SST demo;165D/168A8 TL;;8650.00;6600.00;10639.50;8118.00;23;23.00;PLN;Opony/Opony rolnicze i przemysłowe/Opony Mitas;Mitas;;2.0000;;https://static.abstore.pl/img/grasdorf/e3810a65-da5e-4e5b-9831-663b2d0860b1/l/opona-650%252F65r42-mitas-sst-demo.jpg,https://static.abstore.pl/img/grasdorf/3c0d032c-d385-4ce2-b5da-4b0b26032773/l/opona-650%252F65r42-mitas-sst-demo.jpg,https://static.abstore.pl/img/grasdorf/80cc79be-b343-4e7a-b151-25ce8f480a48/l/opona-650%252F65r42-mitas-sst-demo.jpg,https://static.abstore.pl/img/grasdorf/a1539ad3-2c8c-4a4e-b8e4-fa82443f294c/l/opona-650%252F65r42-mitas-sst-demo.jpg,https://static.abstore.pl/img/grasdorf/8c248cf9-7cbe-4514-ad54-040393317327/l/opona-650%252F65r42-mitas-sst-demo.jpg,https://static.abstore.pl/img/grasdorf/c0071bbc-03f0-4ca6-b0f4-09b9c9eddc54/l/opona-650%252F65r42-mitas-sst-demo.jpg;pokazowa;;Radialna;Bezdętkowa (TL);165D/168A8 (5600 kg przy 40 km/h);;Opona rolnicza;650/65;;42;003299;6506542mtsstdemo;
4703;7050;8714692344756;3607020vtr70129;Opona 360/70R20 Vredestein Traxion70;129D TL;;1160.00;1160.00;1426.80;1426.80;23;23.00;PLN;Opony/Opony rolnicze i przemysłowe/Opony Vredestein;Vredestein;;2.0000;;https://static.abstore.pl/img/grasdorf/8ba4f249-adf2-4035-985c-cd8e4ac299eb/l/opona-360%252F70r20-vredestein-traxion70.png;nowa;;Radialna;Bezdętkowa (TL);129D (1850 kg przy 65 km/h);;Opona rolnicza;360/70;;20;;3607020vtr70129;
4602;6946;3286340696715;7107542BRVT-T;Opona VF710/75R42 Bridgestone VT-Tractor;181D/178E TL;;15860.00;15860.00;19507.80;19507.80;23;23.00;PLN;Opony/Opony rolnicze i przemysłowe/Opony Bridgestone;Bridgestone;;4.0000;;https://static.abstore.pl/img/grasdorf/ae583d75-9dd5-4e3b-a5e5-1519dca9e5ef/l/opona-vf710%252F75r42-bridgestone-vt-tractor.jpg;nowa;;Radialna;Bezdętkowa (TL);181D/178E (8250 kg przy 65 km/h);;Opona rolnicza;710/75;;42;;7107542BRVT-T;
4421;6769;3286340342216;5207034FIP70;Opona 520/70R34 Firestone Performer 70;148D/145E TL;;3770.00;3550.00;4637.10;4366.50;23;23.00;PLN;Opony/Opony rolnicze i przemysłowe/Opony Firestone;Firestone;;2.0000;;https://static.abstore.pl/img/grasdorf/0025143a-a4bb-4507-af5f-54272e493df3/l/opona-520%252F70r34-firestone-performer-70.jpg;nowa;;Radialna;Bezdętkowa (TL);148D/145E (3150 kg przy 40 km/h);;Opona rolnicza;520/70;;34;;5207034FIP70;
5042;6505;8906117622161;3209042Ceat;Opona 320/90R42 Ceat Farmax RC;144D/147A8 TL (12.4R42);;2070.00;2070.00;2546.10;2546.10;23;23.00;PLN;Opony/Opony rolnicze i przemysłowe/Pozostałe;Ceat;;2.0000;;https://static.abstore.pl/img/grasdorf/8131859b-f65e-4154-a91b-bcdb2af25d3d/l/opona-320%252F90r42-ceat-farmax-rc.png;nowa;;Radialna;Bezdętkowa (TL);144D (2800 kg przy 65 km/h);;Opona rolnicza;12.4 (320/85, 300/95, 320/90);;42;12442Ceat;3209042Ceat;
5045;7552;6976129254065;41140020J3324;Opona 41x14.00-20 Journey P332 4PR TL;(355/80D20);;660.00;660.00;811.80;811.80;23;23.00;PLN;Opony/Opony rolnicze i przemysłowe/Pozostałe;Journey;;4.0000;;https://static.abstore.pl/img/grasdorf/f07bd0c8-2430-4e69-ae37-01d344b605bb/l/opona-41x14-00-20-journey-p332-4pr-tl.png;nowa;;Diagonalna;Bezdętkowa (TL);120A3;4 PR;Opona przemysłowa/komunalna;41x14.00;;20;411420J3324;41140020J3324;
4907;7261;;12428G;Opona 12.4-28 Galaxy EarthPro 8PR TT;;;770.00;770.00;947.10;947.10;23;23.00;PLN;Opony/Opony rolnicze i przemysłowe/Pozostałe;Galaxy;;2.0000;;https://static.abstore.pl/img/grasdorf/a0dc798e-86e2-4185-bf1b-5d2c257cc026/l/opona-12-4-28-galaxy-earthpro-8pr-tt.jpg;nowa;;Diagonalna;Dętkowa (TT);;8 PR;Opona rolnicza;12.4 (320/85, 300/95, 320/90);;28;3208528G;12428G;
5046;4746;6975222071630;166508J3326;Opona 16x6.50-8 Journey P332 6PR TL;;;80.00;80.00;98.40;98.40;23;23.00;PLN;Opony/Opony rolnicze i przemysłowe/Pozostałe;Journey;;5.0000;;https://static.abstore.pl/img/grasdorf/8d5b1daa-2792-40a6-ad46-88eec1db1262/l/opona-16x6-50-8-journey-p332-6pr-tl.png;nowa;;Diagonalna;Bezdętkowa (TL);;6 PR;Opona rolnicza;;;8;16658J3326;166508J3326;
5136;7746;;1318F8221et0demo;Felga 13x18 8/275/221/ET10 FAD demo;;;690.00;690.00;848.70;848.70;23;23.00;PLN;Felgi;FAD;;2.0000;;;demo;;;;;;;;;18;130018;1318F8221et0demo;
4625;6985;6975222073016;2485014Jp332;Opona 24x8.50-14 Journey P332 4PR TL;(215/60-14);;170.00;170.00;209.10;209.10;23;23.00;PLN;Opony/Opony rolnicze i przemysłowe/Pozostałe;Journey;;6.0000;;https://static.abstore.pl/img/grasdorf/e33b2a4b-8148-4da4-bd7d-d6243855ff51/l/opona-24x8-50-14-journey-p332-4pr-tl.png;nowa;;Diagonalna;Bezdętkowa (TL);87A3;4 PR;Opona rolnicza;24x8.50;;14;248514Jp332;2485014Jp332;
4963;7423;8903635054214;5406528Aaii;Opona 540/65R28 Alliance AGRISTAR II;149D TL;;2810.00;2810.00;3456.30;3456.30;23;23.00;PLN;Opony/Opony rolnicze i przemysłowe/Opony Alliance;Alliance;;2.0000;;https://static.abstore.pl/img/grasdorf/c17754c6-9c49-4f16-9e0c-fbf2c573bb16/l/opona-540%252F65r28-alliance-agristar-ii.jpg;nowa;;Radialna;Bezdętkowa (TL);149D (3250 kg przy 65 km/h);;Opona rolnicza;540/65;;28;3282;5406528Aaii;
4613;6962;;6506034Cdemo;Opona VF650/60R34 Continental;TractorMaster demo DOT22 168D/165E TL;;9670.00;5250.00;11894.10;6457.50;23;23.00;PLN;Opony/Opony rolnicze i przemysłowe/Pozostałe;Continental;;2.0000;;https://static.abstore.pl/img/grasdorf/96d3adc6-94b3-431f-80e5-ad370f9d9ab7/l/opona-vf650%252F60r34-continental.jpg,https://static.abstore.pl/img/grasdorf/d1897d55-e3a1-4390-9848-92547de137b4/l/opona-vf650%252F60r34-continental.jpg,https://static.abstore.pl/img/grasdorf/7a171840-45c1-48a9-9476-4abe3cad7cdb/l/opona-vf650%252F60r34-continental.jpg,https://static.abstore.pl/img/grasdorf/f809edce-0d8a-4178-9de0-d7c046366625/l/opona-vf650%252F60r34-continental.jpg,https://static.abstore.pl/img/grasdorf/281f148a-36c0-41d4-9bf8-32c2143c3e42/l/opona-vf650%252F60r34-continental.jpg,https://static.abstore.pl/img/grasdorf/56df9329-2c80-4d47-9459-c758e5f5634c/l/opona-vf650%252F60r34-continental.jpg,https://static.abstore.pl/img/grasdorf/79bcc4e0-7245-4447-a4ea-1d686a3fb32d/l/opona-vf650%252F60r34-continental.jpg;pokazowa (DOT 2022);;Radialna;Bezdętkowa (TL);168D/165E (5600 kg przy 65 km/h);;Opona rolnicza;650/60;;34;003106;6506034Cdemo;
5052;7565;8904365503638;3408548Asc;Opona 340/85R48 Ascenso TDR 900 151D TL;(13.6R48);;2340.00;2340.00;2878.20;2878.20;23;23.00;PLN;Opony/Opony rolnicze i przemysłowe/Pozostałe;Ascenso;;2.0000;;https://static.abstore.pl/img/grasdorf/e281a30c-daf9-4dc7-8565-4fb62dfde6db/l/opona-340%252F85r48-ascenso-tdr-900-151d-tl.png;nowa;;Radialna;Bezdętkowa (TL);151D (3450 kg przy 65 km/h);;Opona rolnicza;13.6 (340/85, 340/90);;48;13648Asc;3408548Asc;
4268;6585;3528705894351;9006546Max2;Opona VF900/65R46 Michelin AXIOBIB 2;193D/189E TL;;33720.00;33720.00;41475.60;41475.60;23;23.00;PLN;Opony/Opony rolnicze i przemysłowe/Opony Michelin;Michelin;;2.0000;;https://static.abstore.pl/img/grasdorf/a56cef82-ae18-41b3-b096-f1d307ee87f0/l/opona-vf900%252F65r46-michelin-axiobib-2.jpg;nowa;Axiobib 2;Radialna;Bezdętkowa (TL);193D/189E (11500 kg przy 65 km/h);;Opona rolnicza;900/65;;46;3011;9006546Max2;
4933;5369;6975222075409;23105012J328;Opona 23x10.50-12 Journey P328 6PR TL;;;200.00;200.00;246.00;246.00;23;23.00;PLN;Opony/Opony rolnicze i przemysłowe/Pozostałe;Journey;;8.0000;;https://static.abstore.pl/img/grasdorf/d08fcfcd-6e2d-43b9-bae6-0bf2f2cd70e3/l/opona-23x10-50-12-journey-p328-6pr-tl.png;nowa;;Diagonalna;Bezdętkowa (TL);;6 PR;Opona przemysłowa/komunalna;23x10.50;;12;2310512J328;23105012J328;
5122;7715;;6007030TRdemo;Opona 600/70R30 Trelleborg TM 900 HP;demo 158D/155E TL;;7790.00;6560.00;9581.70;8068.80;23;23.00;PLN;Opony/Opony rolnicze i przemysłowe/Opony Trelleborg;Trelleborg;;2.0000;;https://static.abstore.pl/img/grasdorf/692cf3bc-ec2f-47fb-b0f6-99e77da7389d/l/opona-600%252F70r30-trelleborg-tm-900-hp.jpg,https://static.abstore.pl/img/grasdorf/80798b52-6d20-485d-a3ec-bde8aef8e409/l/opona-600%252F70r30-trelleborg-tm-900-hp.jpg,https://static.abstore.pl/img/grasdorf/b4ca2bef-5cc2-4a24-be43-c545539f6b8d/l/opona-600%252F70r30-trelleborg-tm-900-hp.jpg,https://static.abstore.pl/img/grasdorf/580d0880-697b-4e84-9db7-7a598fb23e43/l/opona-600%252F70r30-trelleborg-tm-900-hp.jpg,https://static.abstore.pl/img/grasdorf/f42c4260-9b9d-4dda-a4df-286843de52ef/l/opona-600%252F70r30-trelleborg-tm-900-hp.jpg,https://static.abstore.pl/img/grasdorf/e0b575bd-e5a9-44cc-bfd4-d8cf6af356f0/l/opona-600%252F70r30-trelleborg-tm-900-hp.jpg;pokazowa;;Radialna;Bezdętkowa (TL);158D/155E (4250 kg przy 65 km/h);;Opona rolnicza;600/70;;30;003458;6007030TRdemo;
4951;6043;6975222073184;114005J;Opona 11x4.00-5 Journey P332 4PR TL;;;35.00;35.00;43.05;43.05;23;23.00;PLN;Opony/Opony rolnicze i przemysłowe/Pozostałe;Journey;;8.0000;;https://static.abstore.pl/img/grasdorf/8355534d-4434-4ddd-aed9-cd1af7bd0afc/l/opona-11x4-00-5-journey-p332-4pr-tl.png;nowa;;Diagonalna;Bezdętkowa (TL);;4 PR;Opona rolnicza;;;;1145J;114005J;
4254;6552;8903094043774;31155015BKTtr10;Opona 31x15.50-15 BKT TR 315 10PR TL;;;790.00;790.00;971.70;971.70;23;23.00;PLN;Opony/Opony rolnicze i przemysłowe/Opony BKT;BKT;;1.0000;;https://static.abstore.pl/img/grasdorf/ce1e31a8-15a7-4292-87c2-e8b26537ad4e/l/opona-31x15-50-15-bkt-tr-315-10pr-tl.jpg;nowa;TR 315;Diagonalna;Bezdętkowa (TL);;10 PR;Opona rolnicza;31x15.50;;15;3115515BKTtr10;31155015BKTtr10;
4626;5964;6975222071319;31135015Jp332;Opona 31x13.50-15 Journey P332 4PR TL;;;380.00;380.00;467.40;467.40;23;23.00;PLN;Opony/Opony rolnicze i przemysłowe/Pozostałe;Journey;;2.0000;;https://static.abstore.pl/img/grasdorf/b3ab7560-dc22-4cbf-a68a-da2fa452ab9a/l/opona-31x13-50-15-journey-p332-4pr-tl.png;nowa;;Diagonalna;Bezdętkowa (TL);;4 PR;Opona rolnicza;;;15;3113515Jp332;31135015Jp332;
4189;6383;3286340341219;3807024fiP70;Opona 380/70R24 Firestone Performer 70;125D/122E TL;;1670.00;1570.00;2054.10;1931.10;23;23.00;PLN;Opony/Opony rolnicze i przemysłowe/Opony Firestone;Firestone;;2.0000;;https://static.abstore.pl/img/grasdorf/2255f865-bf6f-417f-98f9-ca004db9c39d/l/opona-380%252F70r24-firestone-performer-70.jpg;nowa;Performer 70;Radialna;Bezdętkowa (TL);125D/122E (1650 kg przy 65 km/h);;Opona rolnicza;380/70;;24;2879;3807024fiP70;
5139;7749;;5518G61176et-90;Felga 5.5x18 6/152,4/117,6/ET-90;Grasdorf C825;;1160.00;1160.00;1426.80;1426.80;23;23.00;PLN;Felgi;Grasdorf;;2.0000;;https://static.abstore.pl/img/grasdorf/009d2c54-db53-4b10-ac3d-cdcbe2fcf959/l/felga-5-5x18-6%252F152-4%252F117-6%252Fet-90.jpg,https://static.abstore.pl/img/grasdorf/61d6f8fa-1bc9-4e6f-94fd-851882bd0c4f/l/felga-5-5x18-6%252F152-4%252F117-6%252Fet-90.jpg,https://static.abstore.pl/img/grasdorf/f21b5579-2a74-4eeb-93d2-e363a590b633/l/felga-5-5x18-6%252F152-4%252F117-6%252Fet-90.jpg;nowa;;;;;;;;;18;55018;5518G61176et-90;
5061;7599;2001701000908;82520Onyx16;Opona 8.25R20 Onyx HO303 16PR 139/137K;KPL. dętka i ochraniacz w komplecie;;930.00;930.00;1143.90;1143.90;23;23.00;PLN;Opony/Opony rolnicze i przemysłowe/Pozostałe;Onyx;;3.0000;;https://static.abstore.pl/img/grasdorf/659eafef-4dd6-4a15-8091-0ecd5359d881/l/opona-8-25r20-onyx-ho303-16pr-139%252F137k.png;nowa;;Radialna;Dętkowa (TT);139K/137K;16 PR;Opona rolnicza;8.25;;20;3359;82520Onyx16;
5143;7753;;824G81526et+106;Felga 8x24 8/203,2/152,6/ET+106 Grasdorf;C713;;2540.00;2540.00;3124.20;3124.20;23;23.00;PLN;Felgi;Grasdorf;;2.0000;;https://static.abstore.pl/img/grasdorf/84078a35-f1c5-453e-a17d-e9abd99feacd/l/felga-8x24-8%252F203-2%252F152-6%252Fet-106-grasdorf.jpg,https://static.abstore.pl/img/grasdorf/5eaa3ce9-6780-497c-aced-7513650398ed/l/felga-8x24-8%252F203-2%252F152-6%252Fet-106-grasdorf.jpg,https://static.abstore.pl/img/grasdorf/069396de-314e-418b-9648-a73c6addd94c/l/felga-8x24-8%252F203-2%252F152-6%252Fet-106-grasdorf.jpg;nowa;;;;;;;;;24;248;824G81526et+106;
4980;7452;8903635056393;4806528Aaii;Opona 480/65R28 Alliance AGRISTAR II;142D TL;;2340.00;2340.00;2878.20;2878.20;23;23.00;PLN;Opony/Opony rolnicze i przemysłowe/Opony Alliance;Alliance;;2.0000;;https://static.abstore.pl/img/grasdorf/59bded22-4432-4768-bea7-d6fc2a025f76/l/opona-480%252F65r28-alliance-agristar-ii.jpg;nowa;;Radialna;Bezdętkowa (TL);142D (2650 kg przy 65 km/h);;Opona rolnicza;480/65;;28;3295;4806528Aaii;
5129;7309;8903635008828;10518A99;Opona 10.5-18 Alliance 317 MPT używana;99% 10PR TL;;660.00;490.00;811.80;602.70;23;23.00;PLN;Opony/Opony rolnicze i przemysłowe/Opony Alliance;Alliance;;1.0000;;https://static.abstore.pl/img/grasdorf/1f52aca2-eccf-44ff-8c15-8844abcfeaa5/l/opona-10-5-18-alliance-317-mpt-uzywana.jpg,https://static.abstore.pl/img/grasdorf/59440000-98f4-49c6-9e18-35970e4fdf20/l/opona-10-5-18-alliance-317-mpt-uzywana.jpg,https://static.abstore.pl/img/grasdorf/7eb64b04-ddee-4641-8013-407e8ec29a81/l/opona-10-5-18-alliance-317-mpt-uzywana.jpg,https://static.abstore.pl/img/grasdorf/77aae731-da32-43c5-9b90-8fa168f0611e/l/opona-10-5-18-alliance-317-mpt-uzywana.jpg,https://static.abstore.pl/img/grasdorf/f6b780c5-592d-4a36-bbff-824e53d2a0eb/l/opona-10-5-18-alliance-317-mpt-uzywana.jpg,https://static.abstore.pl/img/grasdorf/4ad2edb1-d671-47ea-b01f-ba300df40c2b/l/opona-10-5-18-alliance-317-mpt-uzywana.jpg,https://static.abstore.pl/img/grasdorf/0684b461-372d-43ce-a18a-034cab08e9cd/l/opona-10-5-18-alliance-317-mpt-uzywana.jpg;używana (bieżnik 99%);;Diagonalna;Bezdętkowa (TL);;10 PR;Opona przemysłowa/komunalna;10.5;;18;3210;10518A99;
4440;6788;3286340898515;6506538FIMT65s;Opona 650/65R38 Firestone Maxi Traction;65 157D/154E TL;;6580.00;6580.00;8093.40;8093.40;23;23.00;PLN;Opony/Opony rolnicze i przemysłowe/Opony Firestone;Firestone;;2.0000;;https://static.abstore.pl/img/grasdorf/dbca50bb-ca5f-491f-b266-bc3f6a5d2717/l/opona-650%252F65r38-firestone-maxi-traction.jpg;nowa;;Radialna;Bezdętkowa (TL);157D/154E (4125 kg przy 65 km/h);;Opona rolnicza;650/65;;38;;6506538FIMT65s;
5099;7689;6975222074754;26120012Jou3326;Opona 26x12.00-12 Journey P332 6PR TL;;;210.00;210.00;258.30;258.30;23;23.00;PLN;Opony/Opony rolnicze i przemysłowe/Pozostałe;Journey;;2.0000;;https://static.abstore.pl/img/grasdorf/85def857-fc4c-4081-a6c9-181393d6e8be/l/opona-26x12-00-12-journey-p332-6pr-tl.png;nowa;;Diagonalna;Bezdętkowa (TL);;6 PR;Opona rolnicza;26x12.00;;12;261212Jou3326;26120012Jou3326;
4198;6405;8903094065479;3809050bkt160;Opona 380/90R50 BKT Agrimax RT 945;160A8/160B TL (14.9R50);;3920.00;3920.00;4821.60;4821.60;23;23.00;PLN;Opony/Opony rolnicze i przemysłowe/Opony BKT;BKT;;6.0000;;https://static.abstore.pl/img/grasdorf/6266abdd-c401-4c22-ac43-825fb942d2d7/l/opona-380%252F90r50-bkt-agrimax-rt-945.jpg;nowa;Agrimax RT 945;Radialna;Bezdętkowa (TL);160A8/160B (4500 kg przy 40 km/h);;Opona rolnicza;14.9 (380/85, 380/90, 400/80);;50;2893;3809050bkt160;
4250;6536;;7107542TR900demo;Opona 710/75R42 Trelleborg TM 900 HP;demo 175D/172E TL;;17690.00;16950.00;21758.70;20848.50;23;23.00;PLN;Opony/Opony rolnicze i przemysłowe/Opony Trelleborg;Trelleborg;;2.0000;;https://static.abstore.pl/img/grasdorf/aeba0966-b91c-4796-8990-67282cdc246d/l/opona-710%252F75r42-trelleborg-tm-900-hp.jpg,https://static.abstore.pl/img/grasdorf/ef884a1b-6aa4-4c87-8b2f-9488f0ea7c89/l/opona-710%252F75r42-trelleborg-tm-900-hp.jpg,https://static.abstore.pl/img/grasdorf/39ac9583-6ace-43a1-969e-9e1341e558ae/l/opona-710%252F75r42-trelleborg-tm-900-hp.jpg,https://static.abstore.pl/img/grasdorf/521b55b3-06e6-4dd3-8f48-e2055d322303/l/opona-710%252F75r42-trelleborg-tm-900-hp.jpg,https://static.abstore.pl/img/grasdorf/1307c88e-296a-4128-a721-4e7f38f4456c/l/opona-710%252F75r42-trelleborg-tm-900-hp.jpg,https://static.abstore.pl/img/grasdorf/925c0421-e262-4c6d-a05f-61d0cd017bc5/l/opona-710%252F75r42-trelleborg-tm-900-hp.jpg,https://static.abstore.pl/img/grasdorf/56f129cf-f76c-4227-9ad9-7d9518a12889/l/opona-710%252F75r42-trelleborg-tm-900-hp.jpg,https://static.abstore.pl/img/grasdorf/b849ce13-38eb-4a4f-911e-d0dd05da9c9b/l/opona-710%252F75r42-trelleborg-tm-900-hp.jpg,https://static.abstore.pl/img/grasdorf/b2317b42-2c59-4a55-bfa1-2649cb35bb93/l/opona-710%252F75r42-trelleborg-tm-900-hp.jpg,https://static.abstore.pl/img/grasdorf/2bfb8e86-9ef9-4f5c-ad69-d0a5eb516f29/l/opona-710%252F75r42-trelleborg-tm-900-hp.jpg,https://static.abstore.pl/img/grasdorf/00e05183-25bb-4f64-848c-bdfb99196d7b/l/opona-710%252F75r42-trelleborg-tm-900-hp.jpg,https://static.abstore.pl/img/grasdorf/c10484e3-e962-4ec0-b39f-de7b53d59603/l/opona-710%252F75r42-trelleborg-tm-900-hp.jpg,https://static.abstore.pl/img/grasdorf/565b00df-fafb-4e22-aaef-63c3c4c6c61f/l/opona-710%252F75r42-trelleborg-tm-900-hp.jpg,https://static.abstore.pl/img/grasdorf/365bb8d9-9448-44c4-90b2-d111a0fd5aa0/l/opona-710%252F75r42-trelleborg-tm-900-hp.jpg,https://static.abstore.pl/img/grasdorf/7ad8bade-e7b4-46a2-8281-cbfac4ea60a4/l/opona-710%252F75r42-trelleborg-tm-900-hp.jpg,https://static.abstore.pl/img/grasdorf/7c72edfb-4026-4de6-84f1-752317f31358/l/opona-710%252F75r42-trelleborg-tm-900-hp.jpg,https://static.abstore.pl/img/grasdorf/e0ede4ae-a623-4214-9bc2-5634cc371059/l/opona-710%252F75r42-trelleborg-tm-900-hp.jpg;pokazowa;TM 900 HP;Radialna;Bezdętkowa (TL);175D/172E (6900 kg przy 65 km/h);;Opona rolnicza;710/75;;42;2976;7107542TR900demo;
4391;6737;3286340563819;3408536FIP85;Opona 340/85R36 Firestone Performer 85;132D/129E TL (13.6R36);;1670.00;1670.00;2054.10;2054.10;23;23.00;PLN;Opony/Opony rolnicze i przemysłowe/Opony Firestone;Firestone;;2.0000;;https://static.abstore.pl/img/grasdorf/10f69cf2-6709-4308-bab9-b8fa72989ab0/l/opona-340%252F85r36-firestone-performer-85.jpg;nowa;;Radialna;Bezdętkowa (TL);132D/129E (2000 kg przy 65 km/h);;Opona rolnicza;13.6 (340/85, 340/90);;36;;3408536FIP85;
4520;6864;3286341975314;4608542BRVX-T;Opona 460/85R42 Bridgestone VX-Tractor;156D/153E TL (18.4R42);;5080.00;4490.00;6248.40;5522.70;23;23.00;PLN;Opony/Opony rolnicze i przemysłowe/Opony Bridgestone;Bridgestone;;2.0000;;https://static.abstore.pl/img/grasdorf/3acd6025-1add-4005-b189-e4327434e6e2/l/opona-460%252F85r42-bridgestone-vx-tractor.jpg;nowa;;Radialna;Bezdętkowa (TL);156D/153E (4000 kg przy 65 km/h);;Opona rolnicza;18.4 (460/85, 480/80);;42;;4608542BRVX-T;
5044;5299;6975222074709;27105015J3328;Opona 27x10.50-15 Journey P332 8PR TL;;;380.00;380.00;467.40;467.40;23;23.00;PLN;Opony/Opony rolnicze i przemysłowe/Pozostałe;Journey;;4.0000;;https://static.abstore.pl/img/grasdorf/c41f653b-d801-4be1-a82f-b2aaa6fb51bb/l/opona-27x10-50-15-journey-p332-8pr-tl.png;nowa;;Diagonalna;Bezdętkowa (TL);;8 PR;Opona przemysłowa/komunalna;27x10.50;;15;2710515J3328;27105015J3328;
5053;7569;8903635012320;1956515a;Opona 195/65-15 Alliance 768 8PR TL;;;350.00;350.00;430.50;430.50;23;23.00;PLN;Opony/Opony rolnicze i przemysłowe/Opony Alliance;Alliance;;1.0000;;https://static.abstore.pl/img/grasdorf/771f754d-688b-4f48-8b2e-700edd088dd0/l/opona-195%252F65-15-alliance-768-8pr-tl.png;nowa;;Diagonalna;Bezdętkowa (TL);;8 PR;Opona rolnicza;;;15;3339;1956515a;
4242;6518;8903094051311;3408020BKTcs;Opona 340/80-20 BKT Con Star 144A8 TL;(12.5/80-20);;1100.00;1100.00;1353.00;1353.00;23;23.00;PLN;Opony/Opony rolnicze i przemysłowe/Opony BKT;BKT;;2.0000;;https://static.abstore.pl/img/grasdorf/78b259c1-8769-4a9e-b419-7544ff859375/l/opona-340%252F80-20-bkt-con-star-144a8-tl.jpg;nowa;Con Star;Diagonalna;Bezdętkowa (TL);144A8 (2800 kg przy 40 km/h);;Opona przemysłowa/komunalna;340/80;;20;1258020BKTcs;3408020BKTcs;
4284;6605;8903094066148;7107042BKTvf;Opona VF710/70R42 BKT Agrimax V-Flecto;185D TL;;9350.00;9350.00;11500.50;11500.50;23;23.00;PLN;Opony/Opony rolnicze i przemysłowe/Opony BKT;BKT;;2.0000;;https://static.abstore.pl/img/grasdorf/7a65de4e-3d62-46fc-a55f-6a600d7e7101/l/opona-vf710%252F70r42-bkt-agrimax-v-flecto.jpg;nowa;Agrimax V-Flecto;Radialna;Bezdętkowa (TL);185D (9250 kg przy 65 km/h);;Opona rolnicza;710/70;;42;3027;7107042BKTvf;
4477;6825;3286340604215;2709548FIP95;Opona 270/95R48 Firestone Performer 95;144D TL (11.2R48);;3030.00;2400.00;3726.90;2952.00;23;23.00;PLN;Opony/Opony rolnicze i przemysłowe/Opony Firestone;Firestone;;4.0000;;https://static.abstore.pl/img/grasdorf/89bcb38b-6633-4244-8b27-02005135e60d/l/opona-270%252F95r48-firestone-performer-95.jpg;nowa;;Radialna;Bezdętkowa (TL);144D (2800 kg przy 65 km/h);;Opona rolnicza;11.2 (270/95, 280/85);;48;;2709548FIP95;
4244;6520;8903094051977;4007024BKTcs;Opona 400/70-24 BKT Con Star 158A8 TL;(16.0/70-24, 405/70-24);;1610.00;1610.00;1980.30;1980.30;23;23.00;PLN;Opony/Opony rolnicze i przemysłowe/Opony BKT;BKT;;2.0000;;https://static.abstore.pl/img/grasdorf/13ce9ddc-e750-4ba2-83db-87b2fa857914/l/opona-400%252F70-24-bkt-con-star-158a8-tl.jpg;nowa;Con Star;Diagonalna;Bezdętkowa (TL);158A8 (4250 kg przy 40 km/h);;Opona przemysłowa/komunalna;400/70;;24;4057024BKTcs;4007024BKTcs;
5142;7752;;824G81526et+122;Felga 8x24 8/203,2/152,6/ET+122 Kubota;M4 rozstaw 1400;;2540.00;2540.00;3124.20;3124.20;23;23.00;PLN;Felgi;Grasdorf;;1.0000;;https://static.abstore.pl/img/grasdorf/49aa7413-5bff-4155-bc75-d56b3b92889d/l/felga-8x24-8%252F203-2%252F152-6%252Fet-122-kubota.jpg,https://static.abstore.pl/img/grasdorf/610ca797-18de-4619-9c89-b68507484958/l/felga-8x24-8%252F203-2%252F152-6%252Fet-122-kubota.jpg;nowa;;;;;;;;;24;248;824G81526et+122;
4555;6899;3286340695619;6006534BRVT-T;Opona VF600/65R34 Bridgestone VT-Tractor;163D/159E TL;;5460.00;5460.00;6715.80;6715.80;23;23.00;PLN;Opony/Opony rolnicze i przemysłowe/Opony Bridgestone;Bridgestone;;2.0000;;https://static.abstore.pl/img/grasdorf/cd5bb822-1062-408b-8176-63985b1163ea/l/opona-vf600%252F65r34-bridgestone-vt-tractor.jpg;nowa;;Radialna;Bezdętkowa (TL);163D/159E (4875 kg przy 65 km/h);;Opona rolnicza;600/65;;34;;6006534BRVT-T;
4969;7429;8903635056294;4406524Aaii;Opona 440/65R24 Alliance AGRISTAR II;135D TL;;1730.00;1730.00;2127.90;2127.90;23;23.00;PLN;Opony/Opony rolnicze i przemysłowe/Opony Alliance;Alliance;;2.0000;;https://static.abstore.pl/img/grasdorf/a6b2f925-8c05-4941-9cfb-a4158364aba1/l/opona-440%252F65r24-alliance-agristar-ii.jpg;nowa;;Radialna;Bezdętkowa (TL);135D (2180 kg przy 65 km/h);;Opona rolnicza;440/65;;24;;4406524Aaii;
4600;6944;3286340696616;7107042BRVT-T;Opona VF710/70R42 Bridgestone VT-Tractor;179D/176E TL;;14780.00;14060.00;18179.40;17293.80;23;23.00;PLN;Opony/Opony rolnicze i przemysłowe/Opony Bridgestone;Bridgestone;;3.0000;;https://static.abstore.pl/img/grasdorf/7013f38f-3895-4261-a473-5ab07ecdcec2/l/opona-vf710%252F70r42-bridgestone-vt-tractor.jpg;nowa;;Radialna;Bezdętkowa (TL);179D/176E (7750 kg przy 65 km/h);;Opona rolnicza;710/70;;42;;7107042BRVT-T;
5128;6158;8903635012450;411800225G;Opona 41x18.00-22.5 Galaxy Turf Special;używana 99% 14PR TL (41x18LL-22.5);;1720.00;1390.00;2115.60;1709.70;23;23.00;PLN;Opony/Opony rolnicze i przemysłowe/Pozostałe;Galaxy;;2.0000;;https://static.abstore.pl/img/grasdorf/23cbee3c-1b79-4093-9271-b0ac06ee662b/l/opona-41x18-00-22-5-galaxy-turf-special.jpg;używana (bieżnik 99%);;Diagonalna;Bezdętkowa (TL);;14 PR;Opona przemysłowa/komunalna;41x18.00;;22,5;4118225G;411800225G;
4238;4078;8903094007806;6009BKTpthd;Opona 6.00-9 BKT PT-HD 10PR TT;;;220.00;220.00;270.60;270.60;23;23.00;PLN;Opony/Opony rolnicze i przemysłowe/Opony BKT;BKT;;1.0000;;https://static.abstore.pl/img/grasdorf/85444e0b-aaeb-479c-a7dc-584056cc8e10/l/opona-6-00-9-bkt-pt-hd-10pr-tt.jpg;nowa;Power Trax HD;Diagonalna;Dętkowa (TT);;10 PR;Opona przemysłowa/komunalna;6;;9;69BKTpthd;6009BKTpthd;
4317;6639;9777997823691;1904517S;Opona 19.0/45-17 Speedways PK-307 14PR;TL (480/45-17);;750.00;750.00;922.50;922.50;23;23.00;PLN;Opony/Opony rolnicze i przemysłowe/Pozostałe;Speedways;;1.0000;;https://static.abstore.pl/img/grasdorf/3ee0399b-6a73-4c69-aa36-4d84c51682fd/l/opona-19-0%252F45-17-speedways-pk-307-14pr.jpg;nowa;PK-307;Diagonalna;Bezdętkowa (TL);;14 PR;Opona rolnicza;19.0/45 (480/45);;17;4804517S;1904517S;
4594;6938;3286340854818;8007038BRVT-C;Opona IF800/70R38 Bridgestone VT-Combine;184A8 TL;;15220.00;15220.00;18720.60;18720.60;23;23.00;PLN;Opony/Opony rolnicze i przemysłowe/Opony Bridgestone;Bridgestone;;1.0000;;https://static.abstore.pl/img/grasdorf/b270f3bc-58bb-46cf-9190-39cb2dc56228/l/opona-if800%252F70r38-bridgestone-vt-combine.jpg;nowa;;Radialna;Bezdętkowa (TL);184A8 (9000 kg przy 40 km/h);;Opona rolnicza;800/70;;38;;8007038BRVT-C;
4706;7053;8714692344763;3807020vtr70132;Opona 380/70R20 Vredestein Traxion70;132D TL;;1270.00;1270.00;1562.10;1562.10;23;23.00;PLN;Opony/Opony rolnicze i przemysłowe/Opony Vredestein;Vredestein;;2.0000;;https://static.abstore.pl/img/grasdorf/01ffc75f-1d58-49a8-854e-9f043f208384/l/opona-380%252F70r20-vredestein-traxion70.png;nowa;;Radialna;Bezdętkowa (TL);132D (2000 kg przy 65 km/h);;Opona rolnicza;380/70;;20;;3807020vtr70132;
3910;6077;8903635051657;3209042Aaii;Opona 320/90R42 Alliance AGRISTAR II;147D TL (12.4R42);;2750.00;2750.00;3382.50;3382.50;23;23.00;PLN;Opony/Opony rolnicze i przemysłowe/Opony Alliance;Alliance;;2.0000;;https://static.abstore.pl/img/grasdorf/b6d40ccf-7ff9-4233-ab19-18a431c86f83/l/opona-320%252F90r42-alliance-agristar-ii.jpg;nowa;AGRISTAR II;Radialna;Bezdętkowa (TL);147D (3075 kg przy 65 km/h);;Opona rolnicza;12.4 (320/85, 300/95, 320/90);;42;12442Aaii;3209042Aaii;
4993;7481;3286342816814;5406534BRvxr;Opona 540/65R34 Bridgestone VXR-TRACTOR;145D/142E TL;;4580.00;3870.00;5633.40;4760.10;23;23.00;PLN;Opony/Opony rolnicze i przemysłowe/Opony Bridgestone;Bridgestone;;2.0000;;https://static.abstore.pl/img/grasdorf/4c7dba66-7d7a-432a-b147-b54b8cb230db/l/opona-540%252F65r34-bridgestone-vxr-tractor.png;nowa;;Radialna;Bezdętkowa (TL);145D/142E (2900 kg przy 65 km/h);;Opona rolnicza;540/65;;34;;5406534BRvxr;
4075;6258;8906117623243;3009552CeatFARC;Opona 300/95R52 Ceat FARMAX RC;149D/152A8 TL;;2500.00;2500.00;3075.00;3075.00;23;23.00;PLN;Opony/Opony rolnicze i przemysłowe/Pozostałe;Ceat;;2.0000;;https://static.abstore.pl/img/grasdorf/470d690e-9540-4906-b597-5deedfdf4513/l/opona-300%252F95r52-ceat-farmax-rc.png;nowa;FARMAX RC;Radialna;Bezdętkowa (TL);149D/152A8 (3550 kg przy 40 km/h);;Opona rolnicza;12.4 (320/85, 300/95, 320/90);;52;;3009552CeatFARC;
4206;6423;8906117622116;2709538Ceat;Opona 270/95R38 Ceat FARMAX RC;140D/143A8 TL (11.2R38);;1520.00;1520.00;1869.60;1869.60;23;23.00;PLN;Opony/Opony rolnicze i przemysłowe/Pozostałe;Ceat;;2.0000;;https://static.abstore.pl/img/grasdorf/ca78220a-1d65-4c28-900c-829791fe4f60/l/opona-270%252F95r38-ceat-farmax-rc.png;nowa;Farmax RC;Radialna;Bezdętkowa (TL);140D/143A8 (2500 kg przy 65 km/h);;Opona rolnicza;11.2 (270/95, 280/85);;38;11238Ceat;2709538Ceat;
4203;6414;8903094069699;6506034BKTvf;Opona VF650/60R34 BKT Agrimax V-Flecto;168D TL;;6280.00;6280.00;7724.40;7724.40;23;23.00;PLN;Opony/Opony rolnicze i przemysłowe/Opony BKT;BKT;;2.0000;;https://static.abstore.pl/img/grasdorf/fc9e21df-3245-4e2e-b7a2-847da6e3f54f/l/opona-vf650%252F60r34-bkt-agrimax-v-flecto.jpg;nowa;Agrimax V-Flecto;Radialna;Bezdętkowa (TL);168D (5600 kg przy 65 km/h);;Opona rolnicza;650/60;;34;2900;6506034BKTvf;
4718;7065;8714692335402;4007024vE152;Opona 400/70R24 Vredestein Endurion;152A8/B TL (16.0/70R24, 405/70R24);;2690.00;2310.00;3308.70;2841.30;23;23.00;PLN;Opony/Opony rolnicze i przemysłowe/Opony Vredestein;Vredestein;;4.0000;;https://static.abstore.pl/img/grasdorf/35d69e41-1737-414e-babd-47b8955cd60c/l/opona-400%252F70r24-vredestein-endurion.jpg;nowa;;Radialna;Bezdętkowa (TL);152A8/152B (3550 kg przy 40 km/h);;Opona rolnicza;400/70;;24;4057024vE152;4007024vE152;
5141;7751;;1620G6161et-100używ;Felga 16x20 6/205/161/ET-100 Grasdorf;A442 używana;;950.00;950.00;1168.50;1168.50;23;23.00;PLN;Felgi;Grasdorf;;2.0000;;https://static.abstore.pl/img/grasdorf/f7380e7f-b1b0-4bc6-881a-b6c22e61631d/l/felga-16x20-6%252F205%252F161%252Fet-100-grasdorf.jpg,https://static.abstore.pl/img/grasdorf/b67e1153-ea2d-490a-886b-e00e6c73101f/l/felga-16x20-6%252F205%252F161%252Fet-100-grasdorf.jpg,https://static.abstore.pl/img/grasdorf/2edfc26c-87e0-4cd5-b120-f02c54bf4afb/l/felga-16x20-6%252F205%252F161%252Fet-100-grasdorf.jpg;używana;;;;;;;;;20;160020;1620G6161et-100używ;
5137;7747;;20265G10281et-100;Felga 20x26.5 10/335/281/ET-100 GKN S828;1126461;;1490.00;1490.00;1832.70;1832.70;23;23.00;PLN;Felgi;GKN;;3.0000;;https://static.abstore.pl/img/grasdorf/2cc053af-3f44-4ece-8848-bbf2a7019010/l/felga-20x26-5-10%252F335%252F281%252Fet-100-gkn-s828.jpg,https://static.abstore.pl/img/grasdorf/99804b3e-fb6a-443c-a012-60bedded82d4/l/felga-20x26-5-10%252F335%252F281%252Fet-100-gkn-s828.jpg,https://static.abstore.pl/img/grasdorf/2f6305c8-0b91-4160-81b3-39ee82221d0c/l/felga-20x26-5-10%252F335%252F281%252Fet-100-gkn-s828.jpg;nowa;;;;;;;;;26.5;2000265;20265G10281et-100;
4545;6889;3286340694810;4806528BRVT-T;Opona VF480/65R28 Bridgestone VT-Tractor;148D/145E TL;;2830.00;2830.00;3480.90;3480.90;23;23.00;PLN;Opony/Opony rolnicze i przemysłowe/Opony Bridgestone;Bridgestone;;2.0000;;https://static.abstore.pl/img/grasdorf/10f20f9a-f12b-494d-8b3f-84515b998dec/l/opona-vf480%252F65r28-bridgestone-vt-tractor.jpg;nowa;;Radialna;Bezdętkowa (TL);148D/145E (3150 kg przy 65 km/h);;Opona rolnicza;480/65;;28;;4806528BRVT-T;
4908;7262;;14928G;Opona 14.9-28 Galaxy EarthPro 8PR TT;;;910.00;910.00;1119.30;1119.30;23;23.00;PLN;Opony/Opony rolnicze i przemysłowe/Pozostałe;Galaxy;;2.0000;;https://static.abstore.pl/img/grasdorf/7f0c1d0c-c6af-4bd4-83ac-671fe3ece65c/l/opona-14-9-28-galaxy-earthpro-8pr-tt.jpg;nowa;;Diagonalna;Dętkowa (TT);;8 PR;Opona rolnicza;14.9 (380/85, 380/90, 400/80);;28;1491328G;14928G;
4068;6251;8906117623205;2309542CeatFARC;Opona 230/95R42 Ceat FARMAX RC;133D/136A8 TL;;1360.00;1360.00;1672.80;1672.80;23;23.00;PLN;Opony/Opony rolnicze i przemysłowe/Pozostałe;Ceat;;6.0000;;https://static.abstore.pl/img/grasdorf/430b707b-12b0-4f30-ab87-cc53be03a5b9/l/opona-230%252F95r42-ceat-farmax-rc.png;nowa;FARMAX RC;Radialna;Bezdętkowa (TL);133D/136A8 (2240 kg przy 40 km/h);;Opona rolnicza;9.5 (250/85, 230/95);;42;;2309542CeatFARC;
4493;6841;3286340177115;4808026FIDU;Opona 480/80R26 Firestone Duraforce;Utility 160A8 TL (18.4R26);;3330.00;3140.00;4095.90;3862.20;23;23.00;PLN;Opony/Opony rolnicze i przemysłowe/Opony Firestone;Firestone;;8.0000;;https://static.abstore.pl/img/grasdorf/db1e6797-f210-4454-a38a-4ed88b6bf82a/l/opona-480%252F80r26-firestone-duraforce.png;nowa;;Radialna;Bezdętkowa (TL);160A8 (4500 kg przy 40 km/h);;Opona przemysłowa/komunalna;18.4 (460/85, 480/80);;26;;4808026FIDU;
5055;7572;;3807020TRdemo;Opona 380/70R20 Trelleborg TM 700 demo;122A8/122B TL;;2070.00;1860.00;2546.10;2287.80;23;23.00;PLN;Opony/Opony rolnicze i przemysłowe/Opony Trelleborg;Trelleborg;;2.0000;;https://static.abstore.pl/img/grasdorf/4fe1b0ff-0c7e-4fb2-a68b-9a27576a21ab/l/opona-380%252F70r20-trelleborg-tm-700-demo.jpg,https://static.abstore.pl/img/grasdorf/d8655bc3-929f-4e3e-9063-bb08e9c3c9e6/l/opona-380%252F70r20-trelleborg-tm-700-demo.jpg,https://static.abstore.pl/img/grasdorf/7fba3598-3689-4c39-b4f3-5b5ccc97c498/l/opona-380%252F70r20-trelleborg-tm-700-demo.jpg,https://static.abstore.pl/img/grasdorf/a75dfd07-0a60-4c3b-856b-cc5005875cc4/l/opona-380%252F70r20-trelleborg-tm-700-demo.jpg,https://static.abstore.pl/img/grasdorf/2a0db678-cb8d-474c-b086-16950a5905b8/l/opona-380%252F70r20-trelleborg-tm-700-demo.jpg,https://static.abstore.pl/img/grasdorf/8b77b273-a8ab-47b0-bb2f-2f0b7fe612c0/l/opona-380%252F70r20-trelleborg-tm-700-demo.jpg,https://static.abstore.pl/img/grasdorf/1e168bac-b4ff-4e28-b056-52fb1b03131b/l/opona-380%252F70r20-trelleborg-tm-700-demo.jpg;pokazowa;;Radialna;Bezdętkowa (TL);122A8/122B (1500 kg przy 40 km/h);;Opona rolnicza;380/70;;20;3341;3807020TRdemo;
4436;6784;3286340897815;6006534FIMT65;Opona 600/65R34 Firestone Maxi Traction;65 151D/148E TL;;4620.00;4430.00;5682.60;5448.90;23;23.00;PLN;Opony/Opony rolnicze i przemysłowe/Opony Firestone;Firestone;;2.0000;;https://static.abstore.pl/img/grasdorf/355ec12b-5bc3-484b-ab05-693bd5b9b294/l/opona-600%252F65r34-firestone-maxi-traction.jpg;nowa;;Radialna;Bezdętkowa (TL);151D/148E (3450 kg przy 65 km/h);;Opona rolnicza;600/65;;34;;6006534FIMT65;
5034;6681;;3807024BKTdemo;Opona 380/70R24 BKT Agrimax RT 765 demo;125D TL;;1440.00;1220.00;1771.20;1500.60;23;23.00;PLN;Opony/Opony rolnicze i przemysłowe/Opony BKT;BKT;;1.0000;;https://static.abstore.pl/img/grasdorf/4d89e372-7cdc-4338-94f8-0ed38326e043/l/opona-380%252F70r24-bkt-agrimax-rt-765-demo.jpg,https://static.abstore.pl/img/grasdorf/8ea5ab69-9208-4a9f-af11-7d8e64d9afbf/l/opona-380%252F70r24-bkt-agrimax-rt-765-demo.jpg,https://static.abstore.pl/img/grasdorf/eaca5520-7cf1-4e37-8dd8-bfbd765f3d1d/l/opona-380%252F70r24-bkt-agrimax-rt-765-demo.jpg,https://static.abstore.pl/img/grasdorf/d9791b40-93e7-4a94-9f93-d303271d6e58/l/opona-380%252F70r24-bkt-agrimax-rt-765-demo.jpg,https://static.abstore.pl/img/grasdorf/59e67f37-fe17-49a3-a028-035d36a99c9b/l/opona-380%252F70r24-bkt-agrimax-rt-765-demo.jpg,https://static.abstore.pl/img/grasdorf/b9806725-e9fa-4505-9bc8-9d7264ff49a7/l/opona-380%252F70r24-bkt-agrimax-rt-765-demo.jpg,https://static.abstore.pl/img/grasdorf/96dbe016-db65-4211-a776-df27e56038da/l/opona-380%252F70r24-bkt-agrimax-rt-765-demo.jpg;pokazowa;;Radialna;Bezdętkowa (TL);125D (1650 kg przy 65 km/h);;Opona rolnicza;380/70;;24;003076;3807024BKTdemo;
4012;6195;8906117622857;55045225CeatFLT422vp;Opona 550/45-22.5 Ceat Flotation T422;16PR ValuePro TL;;1260.00;1260.00;1549.80;1549.80;23;23.00;PLN;Opony/Opony rolnicze i przemysłowe/Pozostałe;Ceat;;1.0000;;https://static.abstore.pl/img/grasdorf/6a223edf-81e3-4eee-a92b-1f0c5a040a11/l/opona-550%252F45-22-5-ceat-flotation-t422.jpg;nowa;Flotation T422 Value Pro;Diagonalna;Bezdętkowa (TL);;16 PR;Opona rolnicza;550/45;;22,5;;55045225CeatFLT422vp;
4427;6775;3286340895019;4806524FIMT65;Opona 480/65R24 Firestone Maxi Traction;65 133D/130E TL;;2250.00;2160.00;2767.50;2656.80;23;23.00;PLN;Opony/Opony rolnicze i przemysłowe/Opony Firestone;Firestone;;2.0000;;https://static.abstore.pl/img/grasdorf/b8a83fc7-e876-4609-adaa-9049f5ee4613/l/opona-480%252F65r24-firestone-maxi-traction.jpg;nowa;;Radialna;Bezdętkowa (TL);133D/130E (2060 kg przy 65 km/h);;Opona rolnicza;480/65;;24;;4806524FIMT65;
4630;6988;;5406528BKTvf;Opona VF540/65R28 BKT Agrimax V-Flecto;154D TL;;4130.00;4130.00;5079.90;5079.90;23;23.00;PLN;Opony/Opony rolnicze i przemysłowe/Opony BKT;BKT;;2.0000;;https://static.abstore.pl/img/grasdorf/0f86151e-fc18-4913-afbf-668d9832a299/l/opona-vf540%252F65r28-bkt-agrimax-v-flecto.jpg;nowa;;Radialna;Bezdętkowa (TL);154D (3750 kg przy 65 km/h);;Opona rolnicza;540/65;;28;3129;5406528BKTvf;
4017;6200;8906117622888;55060225CeatFLT422vp;Opona 550/60-22.5 Ceat Flotation T422;16PR ValuePro TL;;1560.00;1560.00;1918.80;1918.80;23;23.00;PLN;Opony/Opony rolnicze i przemysłowe/Pozostałe;Ceat;;1.0000;;https://static.abstore.pl/img/grasdorf/3a82fd12-71c1-4745-a818-7a0090339bee/l/opona-550%252F60-22-5-ceat-flotation-t422.jpg;nowa;Flotation T422 Value Pro;Diagonalna;Bezdętkowa (TL);;16 PR;Opona rolnicza;550/60;;22,5;;55060225CeatFLT422vp;
4247;6531;;3807028mtHCdemo;Opona 380/70R28 Mitas HC 70 demo;127D/130A8 TL;;2090.00;1780.00;2570.70;2189.40;23;23.00;PLN;Opony/Opony rolnicze i przemysłowe/Opony Mitas;Mitas;;1.0000;;https://static.abstore.pl/img/grasdorf/fa023ebc-e993-4dd5-ad08-d6bf392cc872/l/opona-380%252F70r28-mitas-hc-70-demo.jpg,https://static.abstore.pl/img/grasdorf/0f4633c3-03d7-4b00-9809-c94ce2accbdc/l/opona-380%252F70r28-mitas-hc-70-demo.jpg,https://static.abstore.pl/img/grasdorf/814c2b9d-cbe3-46b7-a349-441b95c95427/l/opona-380%252F70r28-mitas-hc-70-demo.jpg,https://static.abstore.pl/img/grasdorf/3b695399-5812-46e5-9d9c-ac37bdc4dc24/l/opona-380%252F70r28-mitas-hc-70-demo.jpg,https://static.abstore.pl/img/grasdorf/59ce8d50-6182-4a3c-aafa-56cf6b020037/l/opona-380%252F70r28-mitas-hc-70-demo.jpg,https://static.abstore.pl/img/grasdorf/304f0b1b-46ee-40a1-aa98-afe93a36e6c3/l/opona-380%252F70r28-mitas-hc-70-demo.jpg,https://static.abstore.pl/img/grasdorf/70143fef-94d3-4b10-9113-26b6bb2c7fe8/l/opona-380%252F70r28-mitas-hc-70-demo.jpg,https://static.abstore.pl/img/grasdorf/2ffbbe54-7f5c-4aaf-83a4-9f3b81b124b7/l/opona-380%252F70r28-mitas-hc-70-demo.jpg,https://static.abstore.pl/img/grasdorf/bd48bcdb-eaac-433c-9152-3f338a63dc04/l/opona-380%252F70r28-mitas-hc-70-demo.jpg,https://static.abstore.pl/img/grasdorf/29b5386a-1189-42cb-ba0a-06e769f13720/l/opona-380%252F70r28-mitas-hc-70-demo.jpg,https://static.abstore.pl/img/grasdorf/50bc3106-d2b7-405a-868c-06215862b74a/l/opona-380%252F70r28-mitas-hc-70-demo.jpg,https://static.abstore.pl/img/grasdorf/d063fdde-79c6-48d2-8559-c01e7ebcd835/l/opona-380%252F70r28-mitas-hc-70-demo.jpg,https://static.abstore.pl/img/grasdorf/127f09c8-4c0e-44d1-996c-a4a6be980e90/l/opona-380%252F70r28-mitas-hc-70-demo.jpg,https://static.abstore.pl/img/grasdorf/dca27a26-44c9-4bc6-a8c8-06e89d2ce405/l/opona-380%252F70r28-mitas-hc-70-demo.jpg,https://static.abstore.pl/img/grasdorf/11828392-a036-44b7-a1e1-94138f330949/l/opona-380%252F70r28-mitas-hc-70-demo.jpg;pokazowa;HC 70;Radialna;Bezdętkowa (TL);127D/130A8 (1900 kg przy 40 km/h);;Opona rolnicza;380/70;;28;002973;3807028mtHCdemo;
4108;6291;8906117625940;4208046CeatFAR80;Opona 420/80R46 Ceat FARMAX R80;159D/162A8 TL;;3550.00;3530.00;4366.50;4341.90;23;23.00;PLN;Opony/Opony rolnicze i przemysłowe/Pozostałe;Ceat;;3.0000;;https://static.abstore.pl/img/grasdorf/190ef016-e62b-498d-b61e-286d86dd911b/l/opona-420%252F80r46-ceat-farmax-r80.png;nowa;FARMAX R80;Radialna;Bezdętkowa (TL);159D/162A8 (4750 kg przy 40 km/h);;Opona rolnicza;16.9 (420/85, 420/80, 440/80);;46;;4208046CeatFAR80;
4227;6492;8903094052813;4808026BKTcs;Opona 480/80-26 BKT Con Star 160A8 TL;(18.4-26);;2350.00;2350.00;2890.50;2890.50;23;23.00;PLN;Opony/Opony rolnicze i przemysłowe/Opony BKT;BKT;;2.0000;;https://static.abstore.pl/img/grasdorf/15534baf-e716-4062-8b4e-024e9775597c/l/opona-480%252F80-26-bkt-con-star-160a8-tl.jpg;nowa;CON STAR;Diagonalna;Bezdętkowa (TL);160A8 (4500 kg przy 40 km/h);;Opona przemysłowa/komunalna;18.4 (460/85, 480/80);;26;18426BKTcs;4808026BKTcs;
4815;7162;8714692295560;71040225vFlProR161;Opona 710/40R22.5 Vredestein Flotation;Pro Radial 161D TL;;4280.00;4280.00;5264.40;5264.40;23;23.00;PLN;Opony/Opony rolnicze i przemysłowe/Opony Vredestein;Vredestein;;1.0000;;https://static.abstore.pl/img/grasdorf/c7813775-6c35-4d72-ba99-917aaa6a451d/l/opona-710%252F40r22-5-vredestein-flotation.png;nowa;;Radialna;Bezdętkowa (TL);161D (4625 kg przy 65 km/h);;Opona rolnicza;710/40;;22,5;;71040225vFlProR161;
4190;6384;3286340342117;4807034FIP70;Opona 480/70R34 Firestone Performer 70;143D/140E TL;;3270.00;3080.00;4022.10;3788.40;23;23.00;PLN;Opony/Opony rolnicze i przemysłowe/Opony Firestone;Firestone;;6.0000;;https://static.abstore.pl/img/grasdorf/9e45b7ad-319d-4b71-8940-331e42242bbe/l/opona-480%252F70r34-firestone-performer-70.jpg;nowa;Performer 70;Radialna;Bezdętkowa (TL);143D/140E (2725 kg przy 65 km/h);;Opona rolnicza;480/70;;34;2880;4807034FIP70;
3989;294;;k614;Dętka 155/165-14 Kabat TR13 (6-14);DEO006;;55.00;55.00;67.65;67.65;23;23.00;PLN;Dętki;Kabat;;3.0000;;;;;;;;;;;;;k60014;k614;
3990;3427;;k714;Dętka 175/185-14 Kabat TR13 (7-14);;;59.00;59.00;72.57;72.57;23;23.00;PLN;Dętki;Kabat;;2.0000;;;;;;;;;;;;;HAN00255;k714;
4229;6494;;4406528Mdemo;Opona 440/65R28 Michelin MULTIBIB demo;131D TL;;3910.00;3490.00;4809.30;4292.70;23;23.00;PLN;Opony/Opony rolnicze i przemysłowe/Opony Michelin;Michelin;;1.0000;;https://static.abstore.pl/img/grasdorf/11e3fcbe-ddc3-4a37-b35d-dcb7a97ad2de/l/opona-440%252F65r28-michelin-multibib-demo.jpg,https://static.abstore.pl/img/grasdorf/9e29cf43-bfe3-4693-a78b-8010e362a408/l/opona-440%252F65r28-michelin-multibib-demo.jpg,https://static.abstore.pl/img/grasdorf/fee9e789-c1c6-434f-8a58-7e553dd2a51c/l/opona-440%252F65r28-michelin-multibib-demo.jpg,https://static.abstore.pl/img/grasdorf/6ce35fd9-60ae-4c81-b542-aa63f8d78e35/l/opona-440%252F65r28-michelin-multibib-demo.jpg,https://static.abstore.pl/img/grasdorf/6c0e1aac-32ed-4e10-87cc-8e477c6a5ef8/l/opona-440%252F65r28-michelin-multibib-demo.jpg,https://static.abstore.pl/img/grasdorf/292e5a96-0552-4691-aa1f-96465ed27d6f/l/opona-440%252F65r28-michelin-multibib-demo.jpg,https://static.abstore.pl/img/grasdorf/c39bc2e6-0dfa-484a-9e77-d4803bf7a322/l/opona-440%252F65r28-michelin-multibib-demo.jpg;pokazowa;Multibib;Radialna;Bezdętkowa (TL);131D (1950 kg przy 65 km/h);;Opona rolnicza;440/65;;28;2945;4406528Mdemo;
5036;7531;8903635056348;6506538Aaii166d;Opona 650/65R38 Alliance AGRISTAR II;166D TL;;4550.00;4550.00;5596.50;5596.50;23;23.00;PLN;Opony/Opony rolnicze i przemysłowe/Opony Alliance;Alliance;;2.0000;;https://static.abstore.pl/img/grasdorf/25c298d1-d394-4b12-9f8b-985c6d7e0612/l/opona-650%252F65r38-alliance-agristar-ii.jpg;nowa;;Radialna;Bezdętkowa (TL);166D (5300 kg przy 65 km/h);;Opona rolnicza;650/65;;38;3315;6506538Aaii166d;
4063;6246;8906117622048;2109532CeatFARC;Opona 210/95R32 Ceat FARMAX RC;117D/120A8 TL;;930.00;930.00;1143.90;1143.90;23;23.00;PLN;Opony/Opony rolnicze i przemysłowe/Pozostałe;Ceat;;2.0000;;https://static.abstore.pl/img/grasdorf/fcb4905e-9001-4658-8621-0d96c2612980/l/opona-210%252F95r32-ceat-farmax-rc.png;nowa;FARMAX RC;Radialna;Bezdętkowa (TL);117D/120A8 (1400 kg przy 40 km/h);;Opona rolnicza;8.3 (210/95);;32;;2109532CeatFARC;
4231;6496;3286342816012;4806528BRvxr;Opona 480/65R28 Bridgestone VXR-TRACTOR;136D/133E TL;;2830.00;2710.00;3480.90;3333.30;23;23.00;PLN;Opony/Opony rolnicze i przemysłowe/Opony Bridgestone;Bridgestone;;4.0000;;https://static.abstore.pl/img/grasdorf/5424e315-8ef5-4e3a-a59d-45e2407c2f1c/l/opona-480%252F65r28-bridgestone-vxr-tractor.png;nowa;VX-Tractor;Radialna;Bezdętkowa (TL);136D (2240 kg przy 65 km/h);;Opona rolnicza;480/65;;28;2947;4806528BRvxr;
4573;6917;3286341045611;6007030BRVT-T;Opona VF600/70R30 Bridgestone VT-Tractor;165D/161E TL;;7960.00;7960.00;9790.80;9790.80;23;23.00;PLN;Opony/Opony rolnicze i przemysłowe/Opony Bridgestone;Bridgestone;;2.0000;;https://static.abstore.pl/img/grasdorf/4b7e6d0a-2c6a-4e7d-a5a7-0222fd3aa666/l/opona-vf600%252F70r30-bridgestone-vt-tractor.jpg;nowa;;Radialna;Bezdętkowa (TL);165D/161E (4625 kg przy 70 km/h);;Opona rolnicza;600/70;;30;;6007030BRVT-T;
4903;7247;3286347045714;31155015BR;Opona 31x15.50-15 Bridgestone PD1 4PR TL;;;1240.00;1120.00;1525.20;1377.60;23;23.00;PLN;Opony/Opony rolnicze i przemysłowe/Opony Bridgestone;Bridgestone;;2.0000;;https://static.abstore.pl/img/grasdorf/c0447e11-0551-426a-a9cb-1eb7b78f83fa/l/opona-31x15-50-15-bridgestone-pd1-4pr-tl.jpg;nowa;;Diagonalna;Bezdętkowa (TL);;4 PR;Opona rolnicza;31x15.50;;15;3115515BR;31155015BR;
4955;6030;6975222070220;156006J5086;Opona 15x6.00-6 Journey P508A 6PR TL;;;60.00;60.00;73.80;73.80;23;23.00;PLN;Opony/Opony rolnicze i przemysłowe/Pozostałe;Journey;;2.0000;;https://static.abstore.pl/img/grasdorf/ce31d336-04a2-478f-b740-1ff85b44226f/l/opona-15x6-00-6-journey-p508a-6pr-tl.jpg;nowa;;Diagonalna;Bezdętkowa (TL);;6 PR;Opona rolnicza;;;;1566J5086;156006J5086;
4629;6986;6975222073450;29125015Jp332;Opona 29x12.50-15 Journey P332 10PR TL;;;470.00;470.00;578.10;578.10;23;23.00;PLN;Opony/Opony rolnicze i przemysłowe/Pozostałe;Journey;;4.0000;;https://static.abstore.pl/img/grasdorf/42f704b7-d463-47c1-a6dd-8a7fd83341ae/l/opona-29x12-50-15-journey-p332-10pr-tl.png;nowa;;Diagonalna;Bezdętkowa (TL);;10 PR;Opona przemysłowa/komunalna;29x12.50;;15;2912515Jp332;29125015Jp332;
3956;6122;7291050082426;3808534a354+;Opona VF380/85R34 Alliance Agriflex 354+;149D TL (14.9R34);;3660.00;3660.00;4501.80;4501.80;23;23.00;PLN;Opony/Opony rolnicze i przemysłowe/Opony Alliance;Alliance;;2.0000;;https://static.abstore.pl/img/grasdorf/cc5d08d7-c594-48d0-bc20-43e353a1928d/l/opona-vf380%252F85r34-alliance-agriflex-354-.png;nowa;A-354+;Radialna;Bezdętkowa (TL);149D (3250 kg przy 65 km/h);;Opona rolnicza;14.9 (380/85, 380/90, 400/80);;34;14934a354+;3808534a354+;
4249;6533;;6506034TRdemo;Opona 650/60R34 Trelleborg TM 900 HP;demo 159D/156E TL;;8650.00;7180.00;10639.50;8831.40;23;23.00;PLN;Opony/Opony rolnicze i przemysłowe/Opony Trelleborg;Trelleborg;;2.0000;;https://static.abstore.pl/img/grasdorf/871f2c99-7984-49db-9f30-088e6aba177d/l/opona-650%252F60r34-trelleborg-tm-900-hp.jpg,https://static.abstore.pl/img/grasdorf/8a58388a-b04c-48b0-8fc4-c9504f083fa3/l/opona-650%252F60r34-trelleborg-tm-900-hp.jpg,https://static.abstore.pl/img/grasdorf/d238bd6f-d604-4736-a77c-6ef873dcd97c/l/opona-650%252F60r34-trelleborg-tm-900-hp.jpg,https://static.abstore.pl/img/grasdorf/2c030ad2-e0ac-41ad-95a0-5568e05ee7b4/l/opona-650%252F60r34-trelleborg-tm-900-hp.jpg,https://static.abstore.pl/img/grasdorf/d78f607b-9b17-4369-93c7-80d7f88ee2c9/l/opona-650%252F60r34-trelleborg-tm-900-hp.jpg,https://static.abstore.pl/img/grasdorf/c5280f16-41ca-41ea-9370-4de867d15c4a/l/opona-650%252F60r34-trelleborg-tm-900-hp.jpg,https://static.abstore.pl/img/grasdorf/303fb7fb-7214-43bc-ac9d-1ddc93e8f277/l/opona-650%252F60r34-trelleborg-tm-900-hp.jpg;pokazowa;TM 900 HP;Radialna;Bezdętkowa (TL);159D/156E (4375 km/h przy 65 km/h);;Opona rolnicza;650/60;;34;2975;6506034TRdemo;
4429;6777;3286340894517;4406528FIMT65;Opona 440/65R28 Firestone Maxi Traction;65 131D/128E TL;;2200.00;2200.00;2706.00;2706.00;23;23.00;PLN;Opony/Opony rolnicze i przemysłowe/Opony Firestone;Firestone;;4.0000;;https://static.abstore.pl/img/grasdorf/e5a8255b-e16a-427b-bef7-64a63b21b069/l/opona-440%252F65r28-firestone-maxi-traction.jpg;nowa;;Radialna;Bezdętkowa (TL);131D/128E (1950 kg przy 65 km/h);;Opona rolnicza;440/65;;28;;4406528FIMT65;
4628;6045;6973033769685;1885010Jp332;Opona 18x8.50-10 Journey P332 4PR TL;;;110.00;110.00;135.30;135.30;23;23.00;PLN;Opony/Opony rolnicze i przemysłowe/Pozostałe;Journey;;6.0000;;https://static.abstore.pl/img/grasdorf/8fb275cd-2c8a-438e-8f19-3f6d26363adb/l/opona-18x8-50-10-journey-p332-4pr-tl.png;nowa;;Diagonalna;Bezdętkowa (TL);;4PR;Opona rolnicza;18x8.50;;10;188510Jp332;1885010Jp332;
4442;6790;3286340543514;6006528FIMT154;Opona 600/65R28 Firestone Maxi Traction;154D/151E TL;;4600.00;4600.00;5658.00;5658.00;23;23.00;PLN;Opony/Opony rolnicze i przemysłowe/Opony Firestone;Firestone;;4.0000;;https://static.abstore.pl/img/grasdorf/c7bbf696-86d5-43b3-8b84-986fa87634a0/l/opona-600%252F65r28-firestone-maxi-traction.jpg;nowa;;Radialna;Bezdętkowa (TL);154D/151E (3750 kg przy 65 km/h);;Opona rolnicza;600/65;;28;;6006528FIMT154;
5089;7664;6905431758329;1657018Fkf9716;Opona 16.5/70-18 Forerunner KF-97 16PR;TT + dętka i ochraniacz;;1130.00;1130.00;1389.90;1389.90;23;23.00;PLN;Opony/Opony rolnicze i przemysłowe/Pozostałe;Forerunner;;3.0000;;https://static.abstore.pl/img/grasdorf/5834c4c6-84ba-4d6a-b4e2-e1ec9efde028/l/opona-16-5%252F70-18-forerunner-kf-97-16pr.jpg;nowa;;Diagonalna;Dętkowa (TT);;16 PR;Opona rolnicza;;;18;3417;1657018Fkf9716;
4080;6263;8906117625292;4406524CeatFAR65;Opona 440/65R24 Ceat FARMAX R65;135D/138A8 TL;;1670.00;1670.00;2054.10;2054.10;23;23.00;PLN;Opony/Opony rolnicze i przemysłowe/Pozostałe;Ceat;;2.0000;;https://static.abstore.pl/img/grasdorf/d64d13a6-d91d-4fc5-8f21-ee473fcc06ab/l/opona-440%252F65r24-ceat-farmax-r65.png,https://static.abstore.pl/img/grasdorf/9036e0e4-2fd7-40a9-934b-9c7fc8650ef2/l/opona-440%252F65r24-ceat-farmax-r65.jpg,https://static.abstore.pl/img/grasdorf/1f339857-3bbe-4e6d-bc31-0023c8bc6066/l/opona-440%252F65r24-ceat-farmax-r65.jpg,https://static.abstore.pl/img/grasdorf/308eea87-843e-4c69-82d3-eda31ba418f7/l/opona-440%252F65r24-ceat-farmax-r65.jpg,https://static.abstore.pl/img/grasdorf/813a9dfe-6da4-472a-ac0f-83ca51c3cf2f/l/opona-440%252F65r24-ceat-farmax-r65.jpg,https://static.abstore.pl/img/grasdorf/01d4cba3-5f8f-474b-9f24-935bd3c1ca3c/l/opona-440%252F65r24-ceat-farmax-r65.jpg,https://static.abstore.pl/img/grasdorf/144e3168-fd81-4a3f-a1dd-b15a55f28c55/l/opona-440%252F65r24-ceat-farmax-r65.png,https://static.abstore.pl/img/grasdorf/e70dd88b-a1da-4689-b17c-39527c84eaa5/l/opona-440%252F65r24-ceat-farmax-r65.jpg;nowa;FARMAX R65;Radialna;Bezdętkowa (TL);135D/138A8 (2360 kg przy 40 km/h);;Opona rolnicza;440/65;;24;;4406524CeatFAR65;
5110;7673;6915328787738;1558024sat;Opona 15.5/80-24 Satoya R1 12PR TL;;;1150.00;1150.00;1414.50;1414.50;23;23.00;PLN;Opony/Opony rolnicze i przemysłowe/Pozostałe;Satoya;;2.0000;;https://static.abstore.pl/img/grasdorf/518aa106-784d-45ff-b422-d3ef3fdd754a/l/opona-15-5%252F80-24-satoya-r1-12pr-tl.jpg;nowa;;Diagonalna;Bezdętkowa (TL);;12 PR;Opona rolnicza;15.5/80 (400/80);;24;4008024sat;1558024sat;
4384;6730;3286340412810;4208528FIP85XL;Opona 420/85R28 Firestone Performer 85;XL 144A8/144B TL (16.9R28);;2130.00;2130.00;2619.90;2619.90;23;23.00;PLN;Opony/Opony rolnicze i przemysłowe/Opony Firestone;Firestone;;2.0000;;https://static.abstore.pl/img/grasdorf/2a35a9ad-ecc1-4afb-b299-a8ef601e8387/l/opona-420%252F85r28-firestone-performer-85.jpg;nowa;;Radialna;Bezdętkowa (TL);144A8/144B  (2800 kg przy 40 km/h);;Opona rolnicza;16.9 (420/85, 420/80, 440/80);;28;;4208528FIP85XL;
4275;6592;8903094067282;3206012BKTtt;Opona 320/60-12 BKT TR 678 132A8 TT;;;450.00;450.00;553.50;553.50;23;23.00;PLN;Opony/Opony rolnicze i przemysłowe/Opony BKT;BKT;;5.0000;;https://static.abstore.pl/img/grasdorf/38e8ccb8-b2f9-4209-94a9-53f2e1c0a6e0/l/opona-320%252F60-12-bkt-tr-678-132a8-tt.jpg;nowa;TR 678;Diagonalna;Dętkowa (TT);132A8 (2000 kg przy 40 km/h);;Opona rolnicza;320/60;;12;3018;3206012BKTtt;
5126;7728;8903635046288;3408020A585;Opona 340/80R20 Alliance 585 144A8/144B;TL (12.5/80R20);;1740.00;1740.00;2140.20;2140.20;23;23.00;PLN;Opony/Opony rolnicze i przemysłowe/Opony Alliance;Alliance;;2.0000;;https://static.abstore.pl/img/grasdorf/79379256-5297-42f7-8192-1f029faa28bc/l/opona-340%252F80r20-alliance-585-144a8%252F144b.jpg;nowa;;Radialna;Bezdętkowa (TL);144A8/144B (2800 kg przy 40 km/h);;Opona przemysłowa/komunalna;340/80;;20;1258020A585;3408020A585;
4228;6493;8903094042067;4408024BKTcs;Opona 440/80-24 BKT Con Star 168A8 22PR;TL (16.9-24);;2100.00;2100.00;2583.00;2583.00;23;23.00;PLN;Opony/Opony rolnicze i przemysłowe/Opony BKT;BKT;;4.0000;;https://static.abstore.pl/img/grasdorf/8f0c93a5-ddb6-42b1-a029-d610448b59e6/l/opona-440%252F80-24-bkt-con-star-168a8-22pr.jpg;nowa;CON STAR;Diagonalna;Bezdętkowa (TL);168A8 (5600 kg przy 40 km/h);22 PR;Opona przemysłowa/komunalna;16.9 (420/85, 420/80, 440/80);;24;16924BKTcs;4408024BKTcs;
4978;7450;8903635056454;4206520Aaii;Opona 420/65R20 Alliance Agristar II;135D TL;;1350.00;1350.00;1660.50;1660.50;23;23.00;PLN;Opony/Opony rolnicze i przemysłowe/Opony Alliance;Alliance;;1.0000;;https://static.abstore.pl/img/grasdorf/b4e89035-bc34-4e63-9a8d-a84f0cc36d71/l/opona-420%252F65r20-alliance-agristar-ii.jpg;nowa;;Radialna;Bezdętkowa (TL);135D (2180 kg przy 65 km/h);;Opona rolnicza;420/65;;20;3293;4206520Aaii;
4209;6432;;4406520Mdemo;Opona 440/65R20 Michelin MULTIBIB demo;128D TL;;3280.00;2290.00;4034.40;2816.70;23;23.00;PLN;Opony/Opony rolnicze i przemysłowe/Opony Michelin;Michelin;;2.0000;;https://static.abstore.pl/img/grasdorf/3b869c51-4680-4954-81de-f64b7d7b3560/l/opona-440%252F65r20-michelin-multibib-demo.jpg,https://static.abstore.pl/img/grasdorf/fb401bb7-9b3a-47b9-8590-6a9e36c07fb3/l/opona-440%252F65r20-michelin-multibib-demo.jpg,https://static.abstore.pl/img/grasdorf/34480211-a3eb-404c-9e5d-67fb06593d21/l/opona-440%252F65r20-michelin-multibib-demo.jpg,https://static.abstore.pl/img/grasdorf/4480a5e9-5ab3-4a1f-8401-14c527629bf2/l/opona-440%252F65r20-michelin-multibib-demo.jpg,https://static.abstore.pl/img/grasdorf/a0ede9f1-4d0e-4d33-875e-3196306d7c10/l/opona-440%252F65r20-michelin-multibib-demo.jpg,https://static.abstore.pl/img/grasdorf/3181bfb2-9593-46a6-a6fd-a26d57aa89a6/l/opona-440%252F65r20-michelin-multibib-demo.jpg,https://static.abstore.pl/img/grasdorf/af0b192a-6c54-4231-9792-7caaf61e1e14/l/opona-440%252F65r20-michelin-multibib-demo.jpg,https://static.abstore.pl/img/grasdorf/2beb659e-66e9-4d25-819e-9338b7953cd5/l/opona-440%252F65r20-michelin-multibib-demo.jpg,https://static.abstore.pl/img/grasdorf/f79da505-2432-419d-87ab-9208b9a43bcd/l/opona-440%252F65r20-michelin-multibib-demo.jpg,https://static.abstore.pl/img/grasdorf/d878cff4-f290-457e-a423-68fcd9f19619/l/opona-440%252F65r20-michelin-multibib-demo.jpg,https://static.abstore.pl/img/grasdorf/0afb6257-312a-41a3-aea6-9a41b6b6c0b0/l/opona-440%252F65r20-michelin-multibib-demo.jpg,https://static.abstore.pl/img/grasdorf/c39aced4-bbff-46dd-9ac9-ee173484a8ff/l/opona-440%252F65r20-michelin-multibib-demo.jpg,https://static.abstore.pl/img/grasdorf/fe5dca90-6f02-4848-b652-9bdd56dd26f0/l/opona-440%252F65r20-michelin-multibib-demo.jpg,https://static.abstore.pl/img/grasdorf/2dc0ef17-ff9a-457d-91dd-782b0fb55b00/l/opona-440%252F65r20-michelin-multibib-demo.jpg;pokazowa;Multibib;Radialna;Bezdętkowa (TL);128 D (1800 kg przy 65 km/h);;Opona rolnicza;440/65;;20;2912;4406520Mdemo;
4324;6645;8903635022916;71045265Af643f20tt;Opona 710/45-26.5 Alliance F-643;FORESTAR III 20PR TT;;7700.00;5310.00;9471.00;6531.30;23;23.00;PLN;Opony/Opony leśne;Alliance;;4.0000;;https://static.abstore.pl/img/grasdorf/528a1c9e-9507-4530-acee-13a18129d24e/l/opona-710%252F45-26-5-alliance-f-643.png;nowa;F-643 FORESTAR III;Diagonalna;Dętkowa (TT);;20 PR;Opona leśna;710/45;;26,5;;71045265Af643f20tt;
3903;6070;8903635049593;2808520Aaii;Opona 280/85R20 Alliance AGRISTAR II 85;112D TL (11.2R20);;770.00;770.00;947.10;947.10;23;23.00;PLN;Opony/Opony rolnicze i przemysłowe/Opony Alliance;Alliance;;2.0000;;https://static.abstore.pl/img/grasdorf/f5201245-8ff7-4f71-8c08-7d0b90ab8e44/l/opona-280%252F85r20-alliance-agristar-ii-85.jpg;nowa;AGRISTAR II;Radialna;Bezdętkowa (TL);112D (1120 kg przy 65 km/h);;Opona rolnicza;11.2 (270/95, 280/85);;20;11220Aaii;2808520Aaii;
3895;6063;8903094051694;3209046BKT;Opona 320/90R46 BKT Agrimax RT 945;148D/151A8 TL (12.4R46);;2710.00;2710.00;3333.30;3333.30;23;23.00;PLN;Opony/Opony rolnicze i przemysłowe/Opony BKT;BKT;;2.0000;;https://static.abstore.pl/img/grasdorf/331996fe-6dfe-4c8b-b7e4-b8aee628a334/l/opona-320%252F90r46-bkt-agrimax-rt-945.jpg;nowa;Agrimax RT 945;Radialna;Bezdętkowa (TL);148D/151A8 (3150 kg przy 65 km/h);;Opona rolnicza;12.4 (320/85, 300/95, 320/90);;46;12446BKT;3209046BKT;
4037;6220;8906117622475;16924CeatFA8PR;Opona 16.9-24 Ceat FARMAX 8PR TT;;;1110.00;1110.00;1365.30;1365.30;23;23.00;PLN;Opony/Opony rolnicze i przemysłowe/Pozostałe;Ceat;;2.0000;;https://static.abstore.pl/img/grasdorf/96e60968-54b1-48f4-95c8-6989363fb1dd/l/opona-16-9-24-ceat-farmax-8pr-tt.jpg;nowa;FARMAX;Diagonalna;Dętkowa (TT);;8 PR;Opona rolnicza;16.9 (420/85, 420/80, 440/80);;24;;16924CeatFA8PR;
4255;6557;;4408024Ndemo;Opona 440/80R24 Nokian TRI 2 TL demo;;;4780.00;2970.00;5879.40;3653.10;23;23.00;PLN;Opony/Opony rolnicze i przemysłowe/Pozostałe;Nokian;;2.0000;;https://static.abstore.pl/img/grasdorf/8a944fb4-3b1c-454f-a588-83fe24143f0d/l/opona-440%252F80r24-nokian-tri-2-tl-demo.jpg,https://static.abstore.pl/img/grasdorf/12e5761c-c5a3-42c3-8f0a-b74630bd1461/l/opona-440%252F80r24-nokian-tri-2-tl-demo.jpg,https://static.abstore.pl/img/grasdorf/48801257-e98f-4119-915f-86f6fa82a4da/l/opona-440%252F80r24-nokian-tri-2-tl-demo.jpg,https://static.abstore.pl/img/grasdorf/278448ef-7076-416d-b6c1-c25a369bcd02/l/opona-440%252F80r24-nokian-tri-2-tl-demo.jpg,https://static.abstore.pl/img/grasdorf/97c2f62d-eafd-433e-bff2-6deaa4e23e5a/l/opona-440%252F80r24-nokian-tri-2-tl-demo.jpg,https://static.abstore.pl/img/grasdorf/fd3e8208-320f-4738-8a46-e3b6668359ad/l/opona-440%252F80r24-nokian-tri-2-tl-demo.jpg;pokazowa;TRI 2 TL;Radialna;Bezdętkowa (TL);154A8/149D (3750 kg przy 40 km/h);;Opona przemysłowa/komunalna;440/80;;24;2986;4408024Ndemo;
4239;4276;8903094007820;70012BKTpthd;Opona 7.00-12 BKT PT-HD 14PR TT;;;380.00;380.00;467.40;467.40;23;23.00;PLN;Opony/Opony rolnicze i przemysłowe/Opony BKT;BKT;;3.0000;;https://static.abstore.pl/img/grasdorf/6c4d73dc-23f5-4827-b4e6-2168dc0ae239/l/opona-7-00-12-bkt-pt-hd-14pr-tt.jpg;nowa;Power Trax HD;Diagonalna;Dętkowa (TT);;14 PR;Opona przemysłowa/komunalna;7;;12;712BKTpthd;70012BKTpthd;
5119;7705;;7107542TRvfdemo;Opona VF710/75R42 Trelleborg TM 1000 PT;demo 184D/181E TL;;17730.00;17730.00;21807.90;21807.90;23;23.00;PLN;Opony/Opony rolnicze i przemysłowe/Opony Trelleborg;Trelleborg;;1.0000;;https://static.abstore.pl/img/grasdorf/572c4f3b-5f3e-4b2f-8ed8-22d27cef4487/l/opona-vf710%252F75r42-trelleborg-tm-1000-pt.jpg,https://static.abstore.pl/img/grasdorf/8bcd0740-6d4e-4f29-893d-1c8feb2e35a6/l/opona-vf710%252F75r42-trelleborg-tm-1000-pt.jpg,https://static.abstore.pl/img/grasdorf/97d8deef-27a5-4dff-a02e-af3833252ad4/l/opona-vf710%252F75r42-trelleborg-tm-1000-pt.jpg,https://static.abstore.pl/img/grasdorf/c84ad64b-3d1b-4330-a236-85851c38f2ec/l/opona-vf710%252F75r42-trelleborg-tm-1000-pt.jpg,https://static.abstore.pl/img/grasdorf/4d7b87ff-1a2c-4dca-bade-2d10288c16eb/l/opona-vf710%252F75r42-trelleborg-tm-1000-pt.jpg,https://static.abstore.pl/img/grasdorf/97de650f-9233-49e2-a16f-c8f355248c28/l/opona-vf710%252F75r42-trelleborg-tm-1000-pt.jpg,https://static.abstore.pl/img/grasdorf/b937257b-be3d-45ba-9d05-872a5657b0dc/l/opona-vf710%252F75r42-trelleborg-tm-1000-pt.jpg,https://static.abstore.pl/img/grasdorf/97e65786-3183-4a2f-87c8-a3a3de190d31/l/opona-vf710%252F75r42-trelleborg-tm-1000-pt.jpg,https://static.abstore.pl/img/grasdorf/8aa1f633-baee-439f-be65-7510c918fc1a/l/opona-vf710%252F75r42-trelleborg-tm-1000-pt.jpg,https://static.abstore.pl/img/grasdorf/1ac9086d-1337-4d1d-bf56-138f5068e682/l/opona-vf710%252F75r42-trelleborg-tm-1000-pt.jpg,https://static.abstore.pl/img/grasdorf/4c5038fc-9bcb-4db2-addc-f34031c83f6c/l/opona-vf710%252F75r42-trelleborg-tm-1000-pt.jpg,https://static.abstore.pl/img/grasdorf/532d0605-c891-4cd7-b433-737faea1e83e/l/opona-vf710%252F75r42-trelleborg-tm-1000-pt.jpg,https://static.abstore.pl/img/grasdorf/5909b583-b2b3-45b0-a466-b4447d9910ed/l/opona-vf710%252F75r42-trelleborg-tm-1000-pt.jpg,https://static.abstore.pl/img/grasdorf/8fa16b73-8884-4e26-9467-b3b1d7a1b77d/l/opona-vf710%252F75r42-trelleborg-tm-1000-pt.jpg,https://static.abstore.pl/img/grasdorf/8e17beab-8120-4ee2-8068-94df262289d6/l/opona-vf710%252F75r42-trelleborg-tm-1000-pt.jpg,https://static.abstore.pl/img/grasdorf/3610aeb4-3d89-4d77-8a2e-8c448e9d1a6c/l/opona-vf710%252F75r42-trelleborg-tm-1000-pt.jpg;pokazowa;;Radialna;Bezdętkowa (TL);184D/181E (9000 kg przy 65 km/h);;Opona rolnicza;710/75;;42;3449;7107542TRvfdemo;
4215;6451;8903094040599;4008024BKTcs;Opona 400/80-24 BKT Con Star 162A8 20PR;TL (15.5/80-24);;1730.00;1730.00;2127.90;2127.90;23;23.00;PLN;Opony/Opony rolnicze i przemysłowe/Opony BKT;BKT;;4.0000;;https://static.abstore.pl/img/grasdorf/55d8b9e7-a201-4e14-ba56-58a14071095f/l/opona-400%252F80-24-bkt-con-star-162a8-20pr.jpg;nowa;Con Star;Diagonalna;Bezdętkowa (TL);162A8 (4750 kg przy 40 km/h);20 PR;Opona przemysłowa/komunalna;15.5/80 (400/80);;24;1558024BKTcs;4008024BKTcs;
4932;5965;6975222071333;2385012J;Opona 23x8.50-12 Journey P332 6PR TL;;;170.00;170.00;209.10;209.10;23;23.00;PLN;Opony/Opony rolnicze i przemysłowe/Pozostałe;Journey;;4.0000;;https://static.abstore.pl/img/grasdorf/b2774ebf-2a48-429e-b55c-adaadbbf4f6e/l/opona-23x8-50-12-journey-p332-6pr-tl.png;nowa;;Diagonalna;Bezdętkowa (TL);;6 PR;Opona przemysłowa/komunalna;23x8.50;;12;238512J;2385012J;
4962;7405;8903635056423;5406530Aaii;Opona 540/65R30 Alliance AGRISTAR II;150D TL;;2870.00;2870.00;3530.10;3530.10;23;23.00;PLN;Opony/Opony rolnicze i przemysłowe/Opony Alliance;Alliance;;2.0000;;https://static.abstore.pl/img/grasdorf/12c97636-4b39-41cd-9f64-0f1bc1f8505c/l/opona-540%252F65r30-alliance-agristar-ii.jpg;nowa;;Radialna;Bezdętkowa (TL);150D (3350 kg przy 65 km/h);;Opona rolnicza;540/65;;30;3270;5406530Aaii;
4949;6479;;000681;Śruba Duofixx;;;105.00;105.00;129.15;129.15;23;23.00;PLN;Łączniki kół bliźniaczych;Starco;;15.0000;;https://static.abstore.pl/img/grasdorf/1901aba5-cf5b-4ad7-9e2b-75cc333d0be1/l/sruba-duofixx.jpg,https://static.abstore.pl/img/grasdorf/c570ca61-22d0-4769-913b-e6a469cc63ec/l/sruba-duofixx.jpg;;;;;;;;;;;000705;000681;
4475;6823;3286340604017;3009546FIP95;Opona 300/95R46 Firestone Performer 95;148D TL (12.4R46);;3680.00;2730.00;4526.40;3357.90;23;23.00;PLN;Opony/Opony rolnicze i przemysłowe/Opony Firestone;Firestone;;7.0000;;https://static.abstore.pl/img/grasdorf/3501dfe0-dfc8-40c6-b775-afe2c1a96788/l/opona-300%252F95r46-firestone-performer-95.jpg;nowa;;Radialna;Bezdętkowa (TL);148D (3150 kg przy 40 km/h);;Opona rolnicza;12.4 (320/85, 300/95, 320/90);;46;;3009546FIP95;
4478;6826;3286340604314;3408548FIP85;Opona 340/85R48 Firestone Performer 85;151D TL (13.6R48);;4090.00;3070.00;5030.70;3776.10;23;23.00;PLN;Opony/Opony rolnicze i przemysłowe/Opony Firestone;Firestone;;6.0000;;https://static.abstore.pl/img/grasdorf/52e815d0-4998-4520-96d6-19c2b3434e6d/l/opona-340%252F85r48-firestone-performer-85.jpg;nowa;;Radialna;Bezdętkowa (TL);151D (3450 kg przy 65 km/h);;Opona rolnicza;13.6 (340/85, 340/90);;48;;3408548FIP85;
3867;6022;8059971028379;9006042TR1000pt;Opona VF900/60R42 Trelleborg TM 1000 PT;189D/186E TL;;23950.00;20180.00;29458.50;24821.40;23;23.00;PLN;Opony/Opony rolnicze i przemysłowe/Opony Trelleborg;Trelleborg;;2.0000;;https://static.abstore.pl/img/grasdorf/a32777d2-a12c-41fd-8e96-4d7c15e84d2e/l/opona-vf900%252F60r42-trelleborg-tm-1000-pt.jpg;nowa;TM 1000 PT;Radialna;Bezdętkowa (TL);189D/186E (10300 kg przy 65 km/h);;Opona rolnicza;900/60;;42;2733;9006042TR1000pt;
4374;6720;3286340412414;3408524FIP85XL;Opona 340/85R24 Firestone Performer 85;XL 136A8/136B TL (13.6R24);;1350.00;1350.00;1660.50;1660.50;23;23.00;PLN;Opony/Opony rolnicze i przemysłowe/Opony Firestone;Firestone;;2.0000;;https://static.abstore.pl/img/grasdorf/2d8dfba4-a99f-4385-a594-9037a719f966/l/opona-340%252F85r24-firestone-performer-85.jpg;nowa;;Radialna;Bezdętkowa (TL);136A8/136B  (2240 kg przy 40 km/h);;Opona rolnicza;13.6 (340/85, 340/90);;24;;3408524FIP85XL;
4318;6614;8903635010357;5007024A580;Opona 500/70R24 Alliance 580 164A8/164B;TL (19.5R24);;3090.00;2610.00;3800.70;3210.30;23;23.00;PLN;Opony/Opony rolnicze i przemysłowe/Opony Alliance;Alliance;;4.0000;;https://static.abstore.pl/img/grasdorf/7d6819b7-ef5b-4c9a-af8f-6a4a88812aaf/l/opona-500%252F70r24-alliance-580-164a8%252F164b.png;nowa;A-580;Radialna;Bezdętkowa (TL);164A8/164B (5000 kg przy 40 km/h);;Opona rolnicza;500/70;;24;19524A580;5007024A580;
4330;6652;8903635022930;71045265Af644f20tt;Opona 710/45-26.5 Alliance F-644;FORESTAR III 20PR TT;;6890.00;5460.00;8474.70;6715.80;23;23.00;PLN;Opony/Opony leśne;Alliance;;4.0000;;https://static.abstore.pl/img/grasdorf/5fec3019-dcf8-477c-978c-69cf77aab455/l/opona-710%252F45-26-5-alliance-f-644.png;nowa;F-644 FORESTAR III;Diagonalna;Dętkowa (TT);;20 PR;Opona leśna;710/45;;26,5;;71045265Af644f20tt;
4924;7299;3528709211314;7105534Max;Opona VF710/55R34 Michelin AXIOBIB 2;170D/167E TL;;13940.00;12570.00;17146.20;15461.10;23;23.00;PLN;Opony/Opony rolnicze i przemysłowe/Opony Michelin;Michelin;;4.0000;;https://static.abstore.pl/img/grasdorf/fd8096f0-6fde-46d6-92e5-563905bf1a28/l/opona-vf710%252F55r34-michelin-axiobib-2.jpg;nowa;;Radialna;Bezdętkowa (TL);170D/167E (6000 kg przy 65 km/h);;Opona rolnicza;710/55;;34;3201;7105534Max;
5004;7492;3286342814018;4807030BRvxr;Opona 480/70R30 Bridgestone VXR-TRACTOR;141D/138E TL;;3370.00;3370.00;4145.10;4145.10;23;23.00;PLN;Opony/Opony rolnicze i przemysłowe/Opony Bridgestone;Bridgestone;;2.0000;;https://static.abstore.pl/img/grasdorf/cc236fde-53c1-4e4f-9eba-deeb27bc97cd/l/opona-480%252F70r30-bridgestone-vxr-tractor.png;nowa;;Radialna;Bezdętkowa (TL);141D/138E (2575 kg przy 65 km/h);;Opona rolnicza;480/70;;30;;4807030BRvxr;
4382;6728;3286340563116;3808528FIP85;Opona 380/85R28 Firestone Performer 85;133D/130E TL (14.9R28);;1750.00;1690.00;2152.50;2078.70;23;23.00;PLN;Opony/Opony rolnicze i przemysłowe/Opony Firestone;Firestone;;2.0000;;https://static.abstore.pl/img/grasdorf/beec1f78-47f0-4fb2-b3eb-2cd1ef6643c6/l/opona-380%252F85r28-firestone-performer-85.jpg;nowa;;Radialna;Bezdętkowa (TL);133D/130E (2060 kg przy 65 km/h);;Opona rolnicza;14.9 (380/85, 380/90, 400/80);;28;;3808528FIP85;
3824;5990;3528700197372;3809054MsprayCFO;Opona VF380/90R54 Michelin SPRAYBIB CFO;176D/172E TL (14.9R54);;11460.00;11460.00;14095.80;14095.80;23;23.00;PLN;Opony/Opony rolnicze i przemysłowe/Opony Michelin;Michelin;;2.0000;;https://static.abstore.pl/img/grasdorf/fff8339e-2d0a-489c-ae23-4aace361aaf2/l/opona-vf380%252F90r54-michelin-spraybib-cfo.jpg;nowa;Spraybib CFO;Radialna;Bezdętkowa (TL);176D/172E (6300 kg przy 70 km/h);;Opona rolnicza;14.9 (380/85, 380/90, 400/80);;54;14954MsprayCFO;3809054MsprayCFO;
4221;6474;;3607020BKTdemo;Opona 360/70R20 BKT Agrimax RT 765 demo;129A8/129B TL;;1220.00;1040.00;1500.60;1279.20;23;23.00;PLN;Opony/Opony rolnicze i przemysłowe/Opony BKT;BKT;;2.0000;;;pokazowa;RT 765;Radialna;Bezdętkowa (TL);129A8/129B (1850 kg przy 40 km/h);;Opona rolnicza;360/70;;20;002934;3607020BKTdemo;
5076;7637;5901765100293;60016Kabat8PR;Opona 6.00-16 Kabat SRF-01 8PR TT;;;220.00;220.00;270.60;270.60;23;23.00;PLN;Opony/Opony rolnicze i przemysłowe/Pozostałe;Kabat;;4.0000;;https://static.abstore.pl/img/grasdorf/83e0545e-c294-4ee9-88e4-aa90e2c7d45f/l/opona-6-00-16-kabat-srf-01-8pr-tt.png;nowa;;Diagonalna;Dętkowa (TT);;8 PR;Opona rolnicza;6;;16;3394;60016Kabat8PR;
5550;8166;;1238e984;Felga 12x38 8/275/221/regulowana E984;Fendt;;2840.00;2840.00;3493.20;3493.20;23;23.00;PLN;Felgi;Grasdorf;;2.0000;;https://static.abstore.pl/img/grasdorf/82e07900-862d-4527-8b0d-e1c65efe0463/l/felga-12x38-8%252F275%252F221%252Fregulowana-e984.jpg,https://static.abstore.pl/img/grasdorf/2136b97a-b5ce-4343-ba3f-41c58d3fde48/l/felga-12x38-8%252F275%252F221%252Fregulowana-e984.jpg,https://static.abstore.pl/img/grasdorf/9c00e699-7d95-4767-834a-df6a99404ebe/l/felga-12x38-8%252F275%252F221%252Fregulowana-e984.jpg;demo;;;;;;;;;38;3812;1238e984;
5148;7758;;1224G8221et+110demo;Felga 12x24 8/275/221/ET+110 Grasdorf;B379 demo Fendt;;1720.00;1720.00;2115.60;2115.60;23;23.00;PLN;Felgi;Grasdorf;;2.0000;;https://static.abstore.pl/img/grasdorf/ba81645e-2091-481e-91ef-5544499804b7/l/felga-12x24-8%252F275%252F221%252Fet-110-grasdorf.jpg,https://static.abstore.pl/img/grasdorf/64e242b3-eb0c-4e2c-85e4-2caf75560932/l/felga-12x24-8%252F275%252F221%252Fet-110-grasdorf.jpg,https://static.abstore.pl/img/grasdorf/3b850c24-2a95-44be-b32f-66614b3ef88a/l/felga-12x24-8%252F275%252F221%252Fet-110-grasdorf.jpg;demo;;;;;;;;;24;2412;1224G8221et+110demo;
5383;7993;;1250N81526et+26;Felga 12x50 8/203,2/152,6/ET+26 NDI D264;;;3480.00;3480.00;4280.40;4280.40;23;23.00;PLN;Felgi;NDI;;2.0000;;https://static.abstore.pl/img/grasdorf/c35c59e3-fd65-4d92-9fbb-1d2684064adc/l/felga-12x50-8%252F203-2%252F152-6%252Fet-26-ndi-d264.jpg,https://static.abstore.pl/img/grasdorf/b1daff7b-7c4d-48f5-a3d7-dd0e9581ab8b/l/felga-12x50-8%252F203-2%252F152-6%252Fet-26-ndi-d264.jpg,https://static.abstore.pl/img/grasdorf/b22bcdec-7bb6-4c2d-b0b1-4795c1cc338d/l/felga-12x50-8%252F203-2%252F152-6%252Fet-26-ndi-d264.jpg;nowa;;;;;;;;;50;5012;1250N81526et+26;
5432;8047;;9153P61176et+12;Felga 9x15.3 6/152,4/117,6/ET+12 Pronar;153.09.07 Ostrówek;;300.00;300.00;369.00;369.00;23;23.00;PLN;Felgi;Pronar;;4.0000;;https://static.abstore.pl/img/grasdorf/487e98dc-3276-40bd-bbac-ef04334811f0/l/felga-9x15-3-6%252F152-4%252F117-6%252Fet-12-pronar.jpg,https://static.abstore.pl/img/grasdorf/52f91d62-af2e-4c85-b8d8-8f52bc4877c4/l/felga-9x15-3-6%252F152-4%252F117-6%252Fet-12-pronar.jpg,https://static.abstore.pl/img/grasdorf/48a8c517-b227-4f96-927c-eedf2bc722e5/l/felga-9x15-3-6%252F152-4%252F117-6%252Fet-12-pronar.jpg;nowa;;;;;;;;;15.3;900153;9153P61176et+12;
5323;7933;;1120N61145et-120;Felga 11x20 6/152/114,5/ET-120 NDI D174;;;1520.00;1520.00;1869.60;1869.60;23;23.00;PLN;Felgi;NDI;;2.0000;;https://static.abstore.pl/img/grasdorf/a9413bf5-52e5-48ab-9628-81db3486510f/l/felga-11x20-6%252F152%252F114-5%252Fet-120-ndi-d174.jpg,https://static.abstore.pl/img/grasdorf/f489ceee-c156-4ae9-b636-ce36c5836bf0/l/felga-11x20-6%252F152%252F114-5%252Fet-120-ndi-d174.jpg;nowa;;;;;;;;;20;2011;1120N61145et-120;
5265;7875;;1424J6161et-32demo;Felga 14x24 6/205/161/ET-32 Jantsa C979;demo NH;;1860.00;1860.00;2287.80;2287.80;23;23.00;PLN;Felgi;Jantsa;;2.0000;;https://static.abstore.pl/img/grasdorf/13b01753-8026-4a46-a810-1c5b375c0ab9/l/felga-14x24-6%252F205%252F161%252Fet-32-jantsa-c979.jpg,https://static.abstore.pl/img/grasdorf/38877e39-96c9-4995-8b88-315cf2ce0284/l/felga-14x24-6%252F205%252F161%252Fet-32-jantsa-c979.jpg,https://static.abstore.pl/img/grasdorf/a8e955bf-0a3d-41e8-9274-66329bb7dad6/l/felga-14x24-6%252F205%252F161%252Fet-32-jantsa-c979.jpg;demo;;;;;;;;;24;2414;1424J6161et-32demo;
5927;5431;3286347045912;13616BR;Opona 13.6-16 Bridgestone PD1 4PR TT;;;1430.00;1430.00;1758.90;1758.90;23;23.00;PLN;Opony/Opony rolnicze i przemysłowe/Opony Bridgestone;Bridgestone;;1.0000;;https://static.abstore.pl/img/grasdorf/76ec8326-9277-4c2f-aa74-96e5c4535602/l/opona-13-6-16-bridgestone-pd1-4pr-tt.jpg;nowa;;Diagonalna;Dętkowa (TT);;4 PR;Opona rolnicza;13.6 (340/85, 340/90);;16;2378;13616BR;
5656;8284;;3809538MTuż;Opona 380/95R38 Mitas AC 85 używana 64%;DOT17 147D/150A8 TL;;5190.00;2390.00;6383.70;2939.70;23;23.00;PLN;Opony/Opony rolnicze i przemysłowe/Opony Mitas;Mitas;;2.0000;;https://static.abstore.pl/img/grasdorf/302eab87-b35a-459f-9e3c-711dc9e0a724/l/opona-380%252F95r38-mitas-ac-85-uzywana-64-.jpg,https://static.abstore.pl/img/grasdorf/611d8027-58d1-4794-bb53-78d6ee730565/l/opona-380%252F95r38-mitas-ac-85-uzywana-64-.jpg,https://static.abstore.pl/img/grasdorf/fb7db77a-a84a-4c36-afb9-cb036e0c2a1d/l/opona-380%252F95r38-mitas-ac-85-uzywana-64-.jpg,https://static.abstore.pl/img/grasdorf/d32e9239-ffae-452c-826c-2f1d391f12c7/l/opona-380%252F95r38-mitas-ac-85-uzywana-64-.jpg,https://static.abstore.pl/img/grasdorf/0738eca7-0203-431f-9d9a-db7a7887296d/l/opona-380%252F95r38-mitas-ac-85-uzywana-64-.jpg;używana (bieżnik 64%);;Radialna;Bezdętkowa (TL);147D/150A8 (3350 kg przy 40 km/h);;Opona rolnicza;380/95;;38;3504;3809538MTuż;
5389;7999;;10512P12105jdt;Felga 10.5x12 5/140/94/ET-26 Pronar;12.105.JDT 12.105.37;;330.00;330.00;405.90;405.90;23;23.00;PLN;Felgi;Pronar;;2.0000;;https://static.abstore.pl/img/grasdorf/454de6c4-7e30-45a2-b3e7-1005a7f4578d/l/felga-10-5x12-5%252F140%252F94%252Fet-26-pronar.jpg,https://static.abstore.pl/img/grasdorf/371611f5-1df4-43e1-bb89-9d8932393d49/l/felga-10-5x12-5%252F140%252F94%252Fet-26-pronar.jpg,https://static.abstore.pl/img/grasdorf/88aef9f5-d846-47ce-acaf-4179eb3217be/l/felga-10-5x12-5%252F140%252F94%252Fet-26-pronar.jpg;nowa;;;;;;;;;12;105012p1210537;10512P12105jdt;
5279;7889;;9153J6161et0;Felga 9x15.3 6/205/161/ET0 Jantsa 91590;wzmocniona;;290.00;290.00;356.70;356.70;23;23.00;PLN;Felgi;Jantsa;;3.0000;;https://static.abstore.pl/img/grasdorf/46a07ceb-ba64-492b-ad81-e770276c90d1/l/felga-9x15-3-6%252F205%252F161%252Fet0-jantsa-91590.jpg,https://static.abstore.pl/img/grasdorf/d35dcdc1-5d90-4238-8252-885d5c3c7978/l/felga-9x15-3-6%252F205%252F161%252Fet0-jantsa-91590.jpg,https://static.abstore.pl/img/grasdorf/d452e1cf-99e0-46b8-bb83-b45fd5a2cf57/l/felga-9x15-3-6%252F205%252F161%252Fet0-jantsa-91590.jpg;nowa;;;;;;;;;15.3;900153;9153J6161et0;
5378;7988;;1346N8161et+20;Felga 13x46 8/205/161/ET+20 NDI D262;;;3150.00;3150.00;3874.50;3874.50;23;23.00;PLN;Felgi;NDI;;2.0000;;https://static.abstore.pl/img/grasdorf/1e2e8c4f-9ff4-470d-9e45-c541ea45a224/l/felga-13x46-8%252F205%252F161%252Fet-20-ndi-d262.jpg,https://static.abstore.pl/img/grasdorf/c3c80a43-2f52-45b0-bd31-0fca159c3a38/l/felga-13x46-8%252F205%252F161%252Fet-20-ndi-d262.jpg,https://static.abstore.pl/img/grasdorf/85522356-0016-4221-8bc7-b1cbd640ca97/l/felga-13x46-8%252F205%252F161%252Fet-20-ndi-d262.jpg;nowa;;;;;;;;;46;4613;1346N8161et+20;
6382;8791;;3608024BKTIT696138D1;Opona 360/80R24 BKT IT 696 138D/143A8 TL;;;2050.00;2050.00;2521.50;2521.50;23;23.00;PLN;Opony/Opony rolnicze i przemysłowe/Opony BKT;BKT;;6.0000;;https://static.abstore.pl/img/grasdorf/3870524a-955e-4886-9f30-06bac144e3f9/l/opona-360%252F80r24-bkt-it-696-138d%252F143a8-tl.jpg;nowa;;Radialna;Bezdętkowa (TL);138D/141A8 (2575 kg przy 40 km/h);;Opona przemysłowa/komunalna;360/80;;24;13624bkt;3608024BKTIT696138D1;
5664;8292;;1038820321526d876;Felga 10x38 8/203,2/152,6/ET-119 NDI;D876 Kubota;;2790.00;2790.00;3431.70;3431.70;23;23.00;PLN;Felgi;NDI;;2.0000;;https://static.abstore.pl/img/grasdorf/43c98e51-bee2-4bbf-99eb-67f96dababe4/l/felga-10x38-8%252F203-2%252F152-6%252Fet-119-ndi.jpg,https://static.abstore.pl/img/grasdorf/64cf6b89-5083-4294-b297-c11753e7fe3d/l/felga-10x38-8%252F203-2%252F152-6%252Fet-119-ndi.jpg,https://static.abstore.pl/img/grasdorf/cbd5b4b4-acca-42b1-bf12-d21babede303/l/felga-10x38-8%252F203-2%252F152-6%252Fet-119-ndi.jpg;nowa;;;;;;;;;38;3810;1038820321526d876;
5197;7807;;1238G81526et-5;Felga 12x38 8/203,2/152,6/ET-5 Grasdorf;C490;;3330.00;3330.00;4095.90;4095.90;23;23.00;PLN;Felgi;Grasdorf;;2.0000;;https://static.abstore.pl/img/grasdorf/0fc17cc3-abdb-4448-999a-4f108d63eea2/l/felga-12x38-8%252F203-2%252F152-6%252Fet-5-grasdorf.jpg,https://static.abstore.pl/img/grasdorf/a0bbb7b2-ccf7-4b3b-8aa4-9c9dfbf76fcc/l/felga-12x38-8%252F203-2%252F152-6%252Fet-5-grasdorf.jpg,https://static.abstore.pl/img/grasdorf/f2b1075b-d0c4-4d5b-aa66-ce50793fbcb2/l/felga-12x38-8%252F203-2%252F152-6%252Fet-5-grasdorf.jpg;nowa;;;;;;;;;38;3812;1238G81526et-5;
5244;7854;;1116J6161et0;Felga 11x16 6/205/161/ET0 Jantsa 11161M;;;320.00;320.00;393.60;393.60;23;23.00;PLN;Felgi;Jantsa;;4.0000;;https://static.abstore.pl/img/grasdorf/98e771bf-cfee-461e-a5fb-b3643e023a44/l/felga-11x16-6%252F205%252F161%252Fet0-jantsa-11161m.jpg,https://static.abstore.pl/img/grasdorf/6f54a357-bb20-48ce-a2fa-c468cfa5b7fc/l/felga-11x16-6%252F205%252F161%252Fet0-jantsa-11161m.jpg,https://static.abstore.pl/img/grasdorf/ea26c6f3-5b52-4435-822e-8de9b5116c19/l/felga-11x16-6%252F205%252F161%252Fet0-jantsa-11161m.jpg,https://static.abstore.pl/img/grasdorf/7af58b43-64d7-42c8-87b6-f1c93100a4ca/l/felga-11x16-6%252F205%252F161%252Fet0-jantsa-11161m.jpg;nowa;;;;;;;;;16;1611;1116J6161et0;
5648;8267;8903635010555;4208538Afpdemo;Opona 420/85R38 Alliance FarmPro demo;144A8/144B TL (16.9R38);;2350.00;1970.00;2890.50;2423.10;23;23.00;PLN;Opony/Opony rolnicze i przemysłowe/Opony Alliance;Alliance;;4.0000;;https://static.abstore.pl/img/grasdorf/a450cb29-ca66-44bb-bd69-3cb851859d43/l/opona-420%252F85r38-alliance-farmpro-demo.jpg,https://static.abstore.pl/img/grasdorf/3423ff6a-7d64-402f-b4a5-58a76090b767/l/opona-420%252F85r38-alliance-farmpro-demo.jpg,https://static.abstore.pl/img/grasdorf/693e94d6-5090-44d8-a797-45ed54c99388/l/opona-420%252F85r38-alliance-farmpro-demo.jpg,https://static.abstore.pl/img/grasdorf/52cd901b-bc0b-4a9e-9539-a443d1f632e1/l/opona-420%252F85r38-alliance-farmpro-demo.jpg,https://static.abstore.pl/img/grasdorf/4670a880-a84a-444f-a192-ae70a1542949/l/opona-420%252F85r38-alliance-farmpro-demo.jpg,https://static.abstore.pl/img/grasdorf/4b22d3f2-176d-41f7-968b-ca7d277a6c74/l/opona-420%252F85r38-alliance-farmpro-demo.jpg,https://static.abstore.pl/img/grasdorf/0b381fb3-94c0-4425-8b66-66878f5013ee/l/opona-420%252F85r38-alliance-farmpro-demo.jpg,https://static.abstore.pl/img/grasdorf/0ed5be35-bd76-4afa-ae80-ddb30ed028de/l/opona-420%252F85r38-alliance-farmpro-demo.jpg,https://static.abstore.pl/img/grasdorf/1fc6a492-04ef-40f4-ba80-d2ec46391a4f/l/opona-420%252F85r38-alliance-farmpro-demo.jpg,https://static.abstore.pl/img/grasdorf/c00899be-419e-45e6-b727-ef395b6e700d/l/opona-420%252F85r38-alliance-farmpro-demo.jpg,https://static.abstore.pl/img/grasdorf/860d0f5e-0131-417e-a637-d2cd1d66188c/l/opona-420%252F85r38-alliance-farmpro-demo.jpg,https://static.abstore.pl/img/grasdorf/2850c36c-8266-4b5a-9159-788ccb5686d5/l/opona-420%252F85r38-alliance-farmpro-demo.jpg,https://static.abstore.pl/img/grasdorf/88741583-8c33-47b3-abb4-7166faf029f2/l/opona-420%252F85r38-alliance-farmpro-demo.jpg,https://static.abstore.pl/img/grasdorf/1f028ff1-251a-4d52-b106-27ce0d4cf6d9/l/opona-420%252F85r38-alliance-farmpro-demo.jpg,https://static.abstore.pl/img/grasdorf/b095e234-86f0-4e23-8421-f7d5b94a0618/l/opona-420%252F85r38-alliance-farmpro-demo.jpg,https://static.abstore.pl/img/grasdorf/f6423dd0-c226-4845-9115-1e4743a40a00/l/opona-420%252F85r38-alliance-farmpro-demo.jpg,https://static.abstore.pl/img/grasdorf/328bbb5c-5020-45a1-a6d3-222742e3e1a5/l/opona-420%252F85r38-alliance-farmpro-demo.jpg,https://static.abstore.pl/img/grasdorf/b1ef1598-6876-4e0a-81e4-ef8fdb239a72/l/opona-420%252F85r38-alliance-farmpro-demo.jpg,https://static.abstore.pl/img/grasdorf/219ce9b0-2d53-45cf-ab30-d19ef88f3f43/l/opona-420%252F85r38-alliance-farmpro-demo.jpg;pokazowa;;Radialna;Bezdętkowa (TL);144A8 (2800 kg przy 40 km/h);;Opona rolnicza;16.9 (420/85, 420/80, 440/80);;38;16938Afpdemo;4208538Afpdemo;
5162;7772;;1230G8221et-255;Felga 12x30 8/275/221/ET-255 Grasdorf;D58;;2810.00;2810.00;3456.30;3456.30;23;23.00;PLN;Felgi;Grasdorf;;2.0000;;https://static.abstore.pl/img/grasdorf/e33aa2b6-c359-4461-a20e-592d955bb139/l/felga-12x30-8%252F275%252F221%252Fet-255-grasdorf.jpg,https://static.abstore.pl/img/grasdorf/f24718e7-5e0f-4812-8bed-d29fb6fbab7a/l/felga-12x30-8%252F275%252F221%252Fet-255-grasdorf.jpg,https://static.abstore.pl/img/grasdorf/bd99fe77-64f4-4933-b1df-0734762d8cec/l/felga-12x30-8%252F275%252F221%252Fet-255-grasdorf.jpg;nowa;;;;;;;;;30;3012;1230G8221et-255;
5232;7842;;848G8221et-250używ;Felga 8x48 8/275/221/ET-250 Grasdorf;A123 używana;;3330.00;3330.00;4095.90;4095.90;23;23.00;PLN;Felgi;Grasdorf;;2.0000;;https://static.abstore.pl/img/grasdorf/c3299f7e-af80-41dd-8dd9-ec9da9f5cd1a/l/felga-8x48-8%252F275%252F221%252Fet-250-grasdorf.jpg,https://static.abstore.pl/img/grasdorf/8d982083-911c-4ffd-9796-a0167126a376/l/felga-8x48-8%252F275%252F221%252Fet-250-grasdorf.jpg,https://static.abstore.pl/img/grasdorf/bd197cd0-2cfe-43da-9931-c24c5efd5860/l/felga-8x48-8%252F275%252F221%252Fet-250-grasdorf.jpg,https://static.abstore.pl/img/grasdorf/effcb468-7911-4d7b-a805-3a91faa0adde/l/felga-8x48-8%252F275%252F221%252Fet-250-grasdorf.jpg;używana;;;;;;;;;48;488;848G8221et-250używ;
5331;7941;;828N6250et+117;Felga 8x28 6/285/250/ET+117 NDI D727;;;2200.00;2200.00;2706.00;2706.00;23;23.00;PLN;Felgi;NDI;;2.0000;;https://static.abstore.pl/img/grasdorf/1f86089f-184f-41cd-965e-56f4f9f465b5/l/felga-8x28-6%252F285%252F250%252Fet-117-ndi-d727.jpg,https://static.abstore.pl/img/grasdorf/b983400a-990b-409c-8fb5-39d1f1118a16/l/felga-8x28-6%252F285%252F250%252Fet-117-ndi-d727.jpg,https://static.abstore.pl/img/grasdorf/6bd4ef0a-a5ea-4a8c-a674-b28e8b74500e/l/felga-8x28-6%252F285%252F250%252Fet-117-ndi-d727.jpg;nowa;;;;;;;;;28;288;828N6250et+117;
5161;7771;;1230G8221et-175;Felga 12x30 8/275/221/ET-175 Grasdorf;C959;;1970.00;1970.00;2423.10;2423.10;23;23.00;PLN;Felgi;Grasdorf;;2.0000;;https://static.abstore.pl/img/grasdorf/c959a019-0e35-46e5-8dc8-33551cbfa238/l/felga-12x30-8%252F275%252F221%252Fet-175-grasdorf.jpg,https://static.abstore.pl/img/grasdorf/644f451b-9768-4f39-917a-5cd525dcee6c/l/felga-12x30-8%252F275%252F221%252Fet-175-grasdorf.jpg,https://static.abstore.pl/img/grasdorf/e6275985-802d-446a-85c3-3ffaff356a5c/l/felga-12x30-8%252F275%252F221%252Fet-175-grasdorf.jpg,https://static.abstore.pl/img/grasdorf/1360c613-cc79-47ec-97b9-90d241af91e3/l/felga-12x30-8%252F275%252F221%252Fet-175-grasdorf.jpg,https://static.abstore.pl/img/grasdorf/3ade49dc-4057-4956-a957-d85a2b81eb87/l/felga-12x30-8%252F275%252F221%252Fet-175-grasdorf.jpg,https://static.abstore.pl/img/grasdorf/1f166187-7102-4d25-a40e-730e1b55b9fb/l/felga-12x30-8%252F275%252F221%252Fet-175-grasdorf.jpg;nowa;;;;;;;;;30;3012;1230G8221et-175;
5943;8551;;12165tvs;Opona 12-16.5 TVS Eurogrip ST45 10PR;125A8 TL (300/70-16.5);;370.00;370.00;455.10;455.10;23;23.00;PLN;Opony/Opony rolnicze i przemysłowe/Pozostałe;TVS;;3.0000;;https://static.abstore.pl/img/grasdorf/b9461556-8db4-4af7-84e2-0418cd4468fb/l/opona-12-16-5-tvs-eurogrip-st45-10pr.jpg;nowa (DOT 2019);RC 95;Diagonalna;Bezdętkowa (TL);;10 PR;Opona przemysłowa/komunalna;;;16.5;30070165tvs;12165tvs;
5156;7766;;928G81526et-29;Felga 9x28 8/203,2/152,6/ET-29 Grasdorf;D136;;2660.00;2660.00;3271.80;3271.80;23;23.00;PLN;Felgi;Grasdorf;;2.0000;;https://static.abstore.pl/img/grasdorf/451ae4bc-7241-41e8-939c-313fa8823280/l/felga-9x28-8%252F203-2%252F152-6%252Fet-29-grasdorf.jpg,https://static.abstore.pl/img/grasdorf/075e14d0-2b19-48c8-8d58-b92065ae54f0/l/felga-9x28-8%252F203-2%252F152-6%252Fet-29-grasdorf.jpg,https://static.abstore.pl/img/grasdorf/ea1c6b9a-4135-4101-8171-a4b5d0ca7ce0/l/felga-9x28-8%252F203-2%252F152-6%252Fet-29-grasdorf.jpg;nowa;;;;;;;;;28;289;928G81526et-29;
5945;8549;;918183308d954;Felga 9x18 6/170/135/regulowana Pronar;183308 Zetor Utilix D954;;780.00;780.00;959.40;959.40;23;23.00;PLN;Felgi;Pronar;;2.0000;;https://static.abstore.pl/img/grasdorf/72965d22-2c28-4467-ab38-8c00b8a79dc3/l/felga-9x18-6%252F170%252F135%252Fregulowana-pronar.jpg,https://static.abstore.pl/img/grasdorf/08ea7725-e30d-4623-9e85-65e733bddd75/l/felga-9x18-6%252F170%252F135%252Fregulowana-pronar.jpg,https://static.abstore.pl/img/grasdorf/7ef22b5b-79ec-457e-b7cf-458798d528c1/l/felga-9x18-6%252F170%252F135%252Fregulowana-pronar.jpg;nowa;;;;;;;;;18;189;918183308d954;
5147;7757;;1024G81526et+102używ;Felga 10x24 8/203,2/152,6/ET+102;Grasdorf B533 używana;;1540.00;1540.00;1894.20;1894.20;23;23.00;PLN;Felgi;Grasdorf;;2.0000;;https://static.abstore.pl/img/grasdorf/9753731e-13e7-476f-9c02-2ef9b8a3eb7c/l/felga-10x24-8%252F203-2%252F152-6%252Fet-102.jpg,https://static.abstore.pl/img/grasdorf/35aad85c-9033-4c90-996d-a33bffd95ccc/l/felga-10x24-8%252F203-2%252F152-6%252Fet-102.jpg,https://static.abstore.pl/img/grasdorf/eaa51aef-2f99-4754-87a7-7af203c2a0e8/l/felga-10x24-8%252F203-2%252F152-6%252Fet-102.jpg;używana;;;;;;;;;24;2410;1024G81526et+102używ;
5662;8290;;1224820321526d872;Felga 12x24 8/203,2/152,6/ET+121 NDI;D872 demo Kubota;;2450.00;2450.00;3013.50;3013.50;23;23.00;PLN;Felgi;NDI;;2.0000;;https://static.abstore.pl/img/grasdorf/0652a42a-6bed-4362-ac83-270e310908e1/l/felga-12x24-8%252F203-2%252F152-6%252Fet-121-ndi.jpg,https://static.abstore.pl/img/grasdorf/b01cc5c7-b72e-4a15-80c6-622bf6a4c52b/l/felga-12x24-8%252F203-2%252F152-6%252Fet-121-ndi.jpg,https://static.abstore.pl/img/grasdorf/0798f5ad-b0d1-46c6-ba10-0225d87834b7/l/felga-12x24-8%252F203-2%252F152-6%252Fet-121-ndi.jpg;nowa;;;;;;;;;24;2412;1224820321526d872;
5345;7955;;1032N8221et+140;Felga 10x32 8/275/221/ET+140 NDI D622;;;2700.00;2700.00;3321.00;3321.00;23;23.00;PLN;Felgi;NDI;;2.0000;;https://static.abstore.pl/img/grasdorf/d13faa7a-4b32-45a7-b69a-f5cc12691112/l/felga-10x32-8%252F275%252F221%252Fet-140-ndi-d622.jpg,https://static.abstore.pl/img/grasdorf/39823f3a-91d2-486e-b36c-7026c813eeed/l/felga-10x32-8%252F275%252F221%252Fet-140-ndi-d622.jpg,https://static.abstore.pl/img/grasdorf/f53cccfe-2b04-4931-aed0-02a7157b02fa/l/felga-10x32-8%252F275%252F221%252Fet-140-ndi-d622.jpg;nowa;;;;;;;;;32;3210;1032N8221et+140;
5145;7755;;824G6250etreg;Felga 8x24 6/285/250/regulowana Grasdorf;C735;;2540.00;2540.00;3124.20;3124.20;23;23.00;PLN;Felgi;Grasdorf;;2.0000;;https://static.abstore.pl/img/grasdorf/b4283d47-0e6b-45e6-96a0-72148e27bc8a/l/felga-8x24-6%252F285%252F250%252Fregulowana-grasdorf.jpg,https://static.abstore.pl/img/grasdorf/f272a25a-f713-49a8-ae29-ce0b668c38db/l/felga-8x24-6%252F285%252F250%252Fregulowana-grasdorf.jpg,https://static.abstore.pl/img/grasdorf/ae7290bd-6100-40d8-b35d-021ff84bf778/l/felga-8x24-6%252F285%252F250%252Fregulowana-grasdorf.jpg;nowa;;;;;;;;;24;248;824G6250etreg;
5173;7783;;1032G8221et+60;Felga 10x32 8/275/221/ET+60 Grasdorf;D401;;2400.00;2400.00;2952.00;2952.00;23;23.00;PLN;Felgi;Grasdorf;;1.0000;;https://static.abstore.pl/img/grasdorf/8edcac6a-9701-4d75-b19b-4ec50f0cfbb5/l/felga-10x32-8%252F275%252F221%252Fet-60-grasdorf.jpg,https://static.abstore.pl/img/grasdorf/441cb64e-da1b-4a74-a4fa-5c4fcc300e4a/l/felga-10x32-8%252F275%252F221%252Fet-60-grasdorf.jpg,https://static.abstore.pl/img/grasdorf/aa4733aa-a6ec-4482-8a3c-de007d2cff1a/l/felga-10x32-8%252F275%252F221%252Fet-60-grasdorf.jpg;nowa;;;;;;;;;32;3210;1032G8221et+60;
5174;7784;;1032G8221et+98;Felga 10x32 8/275/221/ET+98 Grasdorf;C985;;1500.00;1500.00;1845.00;1845.00;23;23.00;PLN;Felgi;Grasdorf;;1.0000;;https://static.abstore.pl/img/grasdorf/0e84302d-1c4d-4272-aecb-9dfcbd0a3308/l/felga-10x32-8%252F275%252F221%252Fet-98-grasdorf.jpg,https://static.abstore.pl/img/grasdorf/e6b12dac-87c9-4967-b497-62634673572d/l/felga-10x32-8%252F275%252F221%252Fet-98-grasdorf.jpg,https://static.abstore.pl/img/grasdorf/99d418d5-ca06-4256-aa09-31a04579c34e/l/felga-10x32-8%252F275%252F221%252Fet-98-grasdorf.jpg;nowa;;;;;;;;;32;3210;1032G8221et+98;
5532;8148;;10328110et+140używ;Felga 10x32 8/152,4/110/ET+140 A7;używana;;600.00;600.00;738.00;738.00;23;23.00;PLN;Felgi;;;2.0000;;https://static.abstore.pl/img/grasdorf/7147d3a0-d7d1-405c-aebd-6783987eeb4c/l/felga-10x32-8%252F152-4%252F110%252Fet-140-a7.jpg,https://static.abstore.pl/img/grasdorf/a6ae1884-0e4e-4b86-a6ff-9178c3c94f91/l/felga-10x32-8%252F152-4%252F110%252Fet-140-a7.jpg,https://static.abstore.pl/img/grasdorf/724f67ee-cd0a-4346-84d8-d9c94a3e3f1b/l/felga-10x32-8%252F152-4%252F110%252Fet-140-a7.jpg;używana;;;;;;;;;32;3210;10328110et+140używ;
5530;8145;;10328221et+30używ;Felga 10x32 8/275/221/ET+30 A14 używana;;;450.00;450.00;553.50;553.50;23;23.00;PLN;Felgi;;;1.0000;;https://static.abstore.pl/img/grasdorf/ce3341da-4285-4d06-bdf6-2cc58870ce27/l/felga-10x32-8%252F275%252F221%252Fet-30-a14-uzywana.jpg,https://static.abstore.pl/img/grasdorf/2d9f4c8d-1c66-4a8b-91b1-724cb3acaea9/l/felga-10x32-8%252F275%252F221%252Fet-30-a14-uzywana.jpg,https://static.abstore.pl/img/grasdorf/dc68b5e9-bf18-4bcf-8b9c-2365467b7d93/l/felga-10x32-8%252F275%252F221%252Fet-30-a14-uzywana.jpg;używana;;;;;;;;;32;3210;10328221et+30używ;
5149;7759;;1224G81526et+106demo;Felga 12x24 8/203,2/152,6/ET+106;Grasdorf C488 demo Kubota;;2450.00;2450.00;3013.50;3013.50;23;23.00;PLN;Felgi;Grasdorf;;2.0000;;https://static.abstore.pl/img/grasdorf/ec9861f9-6feb-47c9-866d-a3190ce79d60/l/felga-12x24-8%252F203-2%252F152-6%252Fet-106.jpg,https://static.abstore.pl/img/grasdorf/afa9ea43-ac76-4940-9452-51863934fa98/l/felga-12x24-8%252F203-2%252F152-6%252Fet-106.jpg,https://static.abstore.pl/img/grasdorf/b2be4c75-8bc2-40c2-a744-32ef84134e77/l/felga-12x24-8%252F203-2%252F152-6%252Fet-106.jpg;demo;;;;;;;;;24;2412;1224G81526et+106demo;
5152;7762;;1524G8221et-255;Felga 15x24 8/275/221/ET-255 Grasdorf;D566;;1830.00;1830.00;2250.90;2250.90;23;23.00;PLN;Felgi;Grasdorf;;2.0000;;https://static.abstore.pl/img/grasdorf/18207790-d4f8-4401-b497-a0863ac31cb3/l/felga-15x24-8%252F275%252F221%252Fet-255-grasdorf.jpg,https://static.abstore.pl/img/grasdorf/02c04914-e1a3-4f5c-a6cb-13d24734003a/l/felga-15x24-8%252F275%252F221%252Fet-255-grasdorf.jpg,https://static.abstore.pl/img/grasdorf/fd424f7e-ea13-4764-b8cf-f4ad318f7552/l/felga-15x24-8%252F275%252F221%252Fet-255-grasdorf.jpg,https://static.abstore.pl/img/grasdorf/6fddc393-595e-4e27-8888-b10db9bf25e2/l/felga-15x24-8%252F275%252F221%252Fet-255-grasdorf.jpg,https://static.abstore.pl/img/grasdorf/41ed5cd3-53ff-4d10-b2ff-655e75ecf765/l/felga-15x24-8%252F275%252F221%252Fet-255-grasdorf.jpg;nowa;;;;;;;;;24;2415;1524G8221et-255;
5151;7761;;1524G10281et+128demo;Felga 15x24 10/335/281/ET+128 Grasdorf;B222 demo;;1180.00;1180.00;1451.40;1451.40;23;23.00;PLN;Felgi;Grasdorf;;2.0000;;https://static.abstore.pl/img/grasdorf/0e4aa31a-8c9b-40f5-b8e4-4469775eda41/l/felga-15x24-10%252F335%252F281%252Fet-128-grasdorf.jpg,https://static.abstore.pl/img/grasdorf/5e8056ed-4005-4b20-ad9c-ec9e35aa56c1/l/felga-15x24-10%252F335%252F281%252Fet-128-grasdorf.jpg,https://static.abstore.pl/img/grasdorf/5e54148c-d228-4227-9339-1891bdb37c76/l/felga-15x24-10%252F335%252F281%252Fet-128-grasdorf.jpg;demo;;;;;;;;;24;2415;1524G10281et+128demo;
5486;8101;;14248221etregdemo;Felga 14x24 8/275/221/regulowana D552;Valtra;;2010.00;2010.00;2472.30;2472.30;23;23.00;PLN;Felgi;;;2.0000;;https://static.abstore.pl/img/grasdorf/100348ec-325e-4f40-82f3-55bc3fd092a0/l/felga-14x24-8%252F275%252F221%252Fregulowana-d552.jpg,https://static.abstore.pl/img/grasdorf/4df135fd-2973-46b1-a282-8b080a4353f4/l/felga-14x24-8%252F275%252F221%252Fregulowana-d552.jpg,https://static.abstore.pl/img/grasdorf/9780f826-e7f4-49d2-b60f-6c71607280ac/l/felga-14x24-8%252F275%252F221%252Fregulowana-d552.jpg;nowa;;;;;;;;;24;2414;14248221etregdemo;
5667;8301;;16428275221b385;Felga 16x42 8/275/221/ET-142 Grasdorf;B385 używana;;2430.00;2430.00;2988.90;2988.90;23;23.00;PLN;Felgi;Grasdorf;;2.0000;;https://static.abstore.pl/img/grasdorf/b79293a8-cd4d-4972-99a6-8dc6195a9cef/l/felga-16x42-8%252F275%252F221%252Fet-142-grasdorf.jpg,https://static.abstore.pl/img/grasdorf/b25be299-f270-49d6-87bc-c0a98d81e4cc/l/felga-16x42-8%252F275%252F221%252Fet-142-grasdorf.jpg,https://static.abstore.pl/img/grasdorf/43ee8031-27cb-47aa-aab9-a656ae387900/l/felga-16x42-8%252F275%252F221%252Fet-142-grasdorf.jpg;używana;;;;;;;;;42;4216;16428275221b385;
5668;8302;;1524820321524d888;Felga 15x24 8/203,2/152,4/ET+80 Kubota;D888 NDI;;1830.00;1830.00;2250.90;2250.90;23;23.00;PLN;Felgi;NDI;;2.0000;;https://static.abstore.pl/img/grasdorf/f7af8a8a-d8e2-481f-858f-a7b55eba46b4/l/felga-15x24-8%252F203-2%252F152-4%252Fet-80-kubota.jpg,https://static.abstore.pl/img/grasdorf/61008555-197f-43f2-8c62-e48b080c3eec/l/felga-15x24-8%252F203-2%252F152-4%252Fet-80-kubota.jpg,https://static.abstore.pl/img/grasdorf/271d39ef-1a95-4ea5-8f6f-9b136d920120/l/felga-15x24-8%252F203-2%252F152-4%252Fet-80-kubota.jpg;nowa;;;;;;;;;24;2415;1524820321524d888;
5155;7765;;928G81526et-19;Felga 9x28 8/203,2/152,6/ET-19 Grasdorf;C914;;2660.00;2660.00;3271.80;3271.80;23;23.00;PLN;Felgi;Grasdorf;;2.0000;;https://static.abstore.pl/img/grasdorf/1dece966-238a-499d-b8f7-06a19f5b35be/l/felga-9x28-8%252F203-2%252F152-6%252Fet-19-grasdorf.jpg,https://static.abstore.pl/img/grasdorf/badecbbe-5e02-4a50-ae5b-770f9dbee0b6/l/felga-9x28-8%252F203-2%252F152-6%252Fet-19-grasdorf.jpg,https://static.abstore.pl/img/grasdorf/749b2275-63c8-42f6-afc7-7afe9842cf45/l/felga-9x28-8%252F203-2%252F152-6%252Fet-19-grasdorf.jpg;nowa;;;;;;;;;28;289;928G81526et-19;
5154;7764;;828G81526et-29;Felga 8x28 8/203,2/152,6/ET-29 Grasdorf;C635;;2750.00;2750.00;3382.50;3382.50;23;23.00;PLN;Felgi;Grasdorf;;2.0000;;https://static.abstore.pl/img/grasdorf/7e67425b-b895-4745-9a16-caea3b93ad05/l/felga-8x28-8%252F203-2%252F152-6%252Fet-29-grasdorf.jpg,https://static.abstore.pl/img/grasdorf/4c878d0a-5873-4a7f-8825-d5e24aab90d7/l/felga-8x28-8%252F203-2%252F152-6%252Fet-29-grasdorf.jpg,https://static.abstore.pl/img/grasdorf/70431c9b-6f22-4b22-997c-4d5bd99d8d81/l/felga-8x28-8%252F203-2%252F152-6%252Fet-29-grasdorf.jpg;nowa;;;;;;;;;28;288;828G81526et-29;
5164;7774;;1530G10281et-180;Felga 15x30 10/335/281/ET-180 Grasdorf;D789;;2100.00;2100.00;2583.00;2583.00;23;23.00;PLN;Felgi;Grasdorf;;2.0000;;https://static.abstore.pl/img/grasdorf/fd4e8cc8-2585-40bb-93d7-6dcfad9c5df6/l/felga-15x30-10%252F335%252F281%252Fet-180-grasdorf.jpg,https://static.abstore.pl/img/grasdorf/d7b4161a-2855-4ef8-a31e-bfee7fe844c3/l/felga-15x30-10%252F335%252F281%252Fet-180-grasdorf.jpg,https://static.abstore.pl/img/grasdorf/ea07d1e6-dc4a-48b0-9639-dd3aeb731aac/l/felga-15x30-10%252F335%252F281%252Fet-180-grasdorf.jpg,https://static.abstore.pl/img/grasdorf/23c2f637-95b1-4c88-86fc-d1fb82ecfa49/l/felga-15x30-10%252F335%252F281%252Fet-180-grasdorf.jpg;nowa;;;;;;;;;30;3015;1530G10281et-180;
5176;7786;;2032G12371et-185;Felga 20x32 12/425/371/ET-185 Grasdorf;C141;;1390.00;1390.00;1709.70;1709.70;23;23.00;PLN;Felgi;Grasdorf;;2.0000;;https://static.abstore.pl/img/grasdorf/8d8cc0d9-7360-403f-a84b-5297f3759195/l/felga-20x32-12%252F425%252F371%252Fet-185-grasdorf.jpg,https://static.abstore.pl/img/grasdorf/b6684cd8-ff29-40e1-ac78-47add3bff110/l/felga-20x32-12%252F425%252F371%252Fet-185-grasdorf.jpg,https://static.abstore.pl/img/grasdorf/56cca081-3dfd-4d63-94cd-facb856473d4/l/felga-20x32-12%252F425%252F371%252Fet-185-grasdorf.jpg;nowa;;;;;;;;;32;3220;2032G12371et-185;
5175;7785;;1032G83625et+50;Felga 10x32 8/405/362,5/ET+50 Grasdorf;C548;;2990.00;2990.00;3677.70;3677.70;23;23.00;PLN;Felgi;Grasdorf;;2.0000;;https://static.abstore.pl/img/grasdorf/ffe3f97d-deba-4e73-895e-8a6a6073d981/l/felga-10x32-8%252F405%252F362-5%252Fet-50-grasdorf.jpg,https://static.abstore.pl/img/grasdorf/20272e08-a51d-409d-9eb5-28eca01e6ab2/l/felga-10x32-8%252F405%252F362-5%252Fet-50-grasdorf.jpg,https://static.abstore.pl/img/grasdorf/05488353-e939-4386-82f4-3960254c77c4/l/felga-10x32-8%252F405%252F362-5%252Fet-50-grasdorf.jpg;nowa;;;;;;;;;32;3210;1032G83625et+50;
5634;5321;;oring32;O-RING 32" R2052 Michelin OR-2-32";;;95.00;95.00;116.85;116.85;23;23.00;PLN;Dętki;Michelin;;9.0000;;;nowa;;;;;;;;;;000513;oring32;
5153;7763;;2026G12371et-17;Felga 20x26 12/425/371/ET-17 Grasdorf;B671;;1600.00;1600.00;1968.00;1968.00;23;23.00;PLN;Felgi;Grasdorf;;2.0000;;https://static.abstore.pl/img/grasdorf/2ba28f3b-87bb-4a30-89b8-491b1feda038/l/felga-20x26-12%252F425%252F371%252Fet-17-grasdorf.jpg,https://static.abstore.pl/img/grasdorf/96193232-807d-4259-997d-6f4e7f20eacb/l/felga-20x26-12%252F425%252F371%252Fet-17-grasdorf.jpg,https://static.abstore.pl/img/grasdorf/7ed9de7b-ac23-47f3-b325-a54eb7ce6438/l/felga-20x26-12%252F425%252F371%252Fet-17-grasdorf.jpg;nowa;;;;;;;;;26;2620;2026G12371et-17;
5146;7756;;1024G8221et+45używ;Felga 10x24 8/275/221/ET+45 Grasdorf;C862 używana;;1800.00;1800.00;2214.00;2214.00;23;23.00;PLN;Felgi;Grasdorf;;2.0000;;https://static.abstore.pl/img/grasdorf/2a96d3c0-5fb0-41e9-98e5-3034ea9b87b9/l/felga-10x24-8%252F275%252F221%252Fet-45-grasdorf.jpg,https://static.abstore.pl/img/grasdorf/2fe4f773-bc6f-46f8-ab7c-a878a9fbc27c/l/felga-10x24-8%252F275%252F221%252Fet-45-grasdorf.jpg,https://static.abstore.pl/img/grasdorf/33da5db5-1e86-4965-be8d-6bde67afed12/l/felga-10x24-8%252F275%252F221%252Fet-45-grasdorf.jpg;używana;;;;;;;;;24;2410;1024G8221et+45używ;
5205;7815;;842G8221et+975demo;Felga 8x42 8/275/221/ET+97,5 Grasdorf;B401 demo Fendt;;2350.00;2350.00;2890.50;2890.50;23;23.00;PLN;Felgi;Grasdorf;;2.0000;;https://static.abstore.pl/img/grasdorf/bb9040f1-0b3f-43b4-b8bb-e68114d4ee39/l/felga-8x42-8%252F275%252F221%252Fet-97-5-grasdorf.jpg,https://static.abstore.pl/img/grasdorf/a095a811-05b9-4562-9c62-e3e19fad198f/l/felga-8x42-8%252F275%252F221%252Fet-97-5-grasdorf.jpg,https://static.abstore.pl/img/grasdorf/a4bf28c1-96a7-41c1-bb17-2ac7c3913472/l/felga-8x42-8%252F275%252F221%252Fet-97-5-grasdorf.jpg;demo;;;;;;;;;42;428;842G8221et+975demo;
5206;7816;;842G81526et-130;Felga 8x42 8/203,2/152,6/ET-130 Grasdorf;C649;;3910.00;3910.00;4809.30;4809.30;23;23.00;PLN;Felgi;Grasdorf;;4.0000;;https://static.abstore.pl/img/grasdorf/abba7cea-0f19-46e2-a7cb-d7094afb7684/l/felga-8x42-8%252F203-2%252F152-6%252Fet-130-grasdorf.jpg,https://static.abstore.pl/img/grasdorf/b48f4049-c94b-4286-92d3-71befbee6ff2/l/felga-8x42-8%252F203-2%252F152-6%252Fet-130-grasdorf.jpg,https://static.abstore.pl/img/grasdorf/5ac0ea1e-caa6-4f25-85e8-87d7a35f3ea8/l/felga-8x42-8%252F203-2%252F152-6%252Fet-130-grasdorf.jpg;nowa;;;;;;;;;42;428;842G81526et-130;
5337;7947;;1428N81526et-54;Felga 14x28 8/203,2/152,6/ET-54 NDI D375;;;2080.00;2080.00;2558.40;2558.40;23;23.00;PLN;Felgi;NDI;;2.0000;;https://static.abstore.pl/img/grasdorf/9612489e-53f7-4f78-bc52-cfb5147f053a/l/felga-14x28-8%252F203-2%252F152-6%252Fet-54-ndi-d375.jpg,https://static.abstore.pl/img/grasdorf/08ad896c-c5a3-4a26-83b9-cfbcece8ebb3/l/felga-14x28-8%252F203-2%252F152-6%252Fet-54-ndi-d375.jpg,https://static.abstore.pl/img/grasdorf/b37c7602-e530-4ec7-9cec-1a8f5debbd71/l/felga-14x28-8%252F203-2%252F152-6%252Fet-54-ndi-d375.jpg;nowa;;;;;;;;;28;2814;1428N81526et-54;
5479;8094;;14206250et-50demo;Felga 14x20 6/285/250/ET-50 D203 demo;Steyr;;1330.00;1330.00;1635.90;1635.90;23;23.00;PLN;Felgi;;;2.0000;;https://static.abstore.pl/img/grasdorf/a20f7c65-7035-4bbc-a40e-0f63a4d1b7af/l/felga-14x20-6%252F285%252F250%252Fet-50-d203-demo.jpg,https://static.abstore.pl/img/grasdorf/7bd93dad-0a66-4d84-b87c-5771dd0e2c18/l/felga-14x20-6%252F285%252F250%252Fet-50-d203-demo.jpg,https://static.abstore.pl/img/grasdorf/cbaef481-dd9b-4218-bd11-8952946ec588/l/felga-14x20-6%252F285%252F250%252Fet-50-d203-demo.jpg;demo;;;;;;;;;20;140020;14206250et-50demo;
5207;7817;;1042G81526et-195;Felga 10x42 8/203,2/152,6/ET-195;Grasdorf B937;;2460.00;2460.00;3025.80;3025.80;23;23.00;PLN;Felgi;Grasdorf;;2.0000;;https://static.abstore.pl/img/grasdorf/709366fb-fc8f-4371-acdf-279bc876aa16/l/felga-10x42-8%252F203-2%252F152-6%252Fet-195.jpg,https://static.abstore.pl/img/grasdorf/41b11b9a-eecf-4632-b0d8-d4286b7b2a85/l/felga-10x42-8%252F203-2%252F152-6%252Fet-195.jpg,https://static.abstore.pl/img/grasdorf/bf7a8891-fdf9-4dd1-9916-457a4b1ac4a8/l/felga-10x42-8%252F203-2%252F152-6%252Fet-195.jpg;nowa;;;;;;;;;42;4210;1042G81526et-195;
5215;7825;;844G8221et-75;Felga 8x44 8/275/221/ET-75 Grasdorf C562;;;2810.00;2810.00;3456.30;3456.30;23;23.00;PLN;Felgi;Grasdorf;;2.0000;;https://static.abstore.pl/img/grasdorf/ff139c67-4a86-4c7d-81b0-daf6274a9167/l/felga-8x44-8%252F275%252F221%252Fet-75-grasdorf-c562.jpg,https://static.abstore.pl/img/grasdorf/c05d9fe6-1c2b-462b-84c4-f098e301d8ef/l/felga-8x44-8%252F275%252F221%252Fet-75-grasdorf-c562.jpg,https://static.abstore.pl/img/grasdorf/b1537a80-933c-4630-a9f5-40205c022c30/l/felga-8x44-8%252F275%252F221%252Fet-75-grasdorf-c562.jpg;nowa;;;;;;;;;44;448;844G8221et-75;
5214;7824;;844G8221et+135;Felga 8x44 8/275/221/ET+135 Grasdorf A42;;;2260.00;2260.00;2779.80;2779.80;23;23.00;PLN;Felgi;Grasdorf;;2.0000;;https://static.abstore.pl/img/grasdorf/ef5661be-c084-4649-b7eb-90b99a2c7bc7/l/felga-8x44-8%252F275%252F221%252Fet-135-grasdorf-a42.jpg,https://static.abstore.pl/img/grasdorf/97d31dc9-6d37-4a07-aac7-85096d89428b/l/felga-8x44-8%252F275%252F221%252Fet-135-grasdorf-a42.jpg,https://static.abstore.pl/img/grasdorf/fa475cdb-04af-44ce-b1d1-b1bf56296048/l/felga-8x44-8%252F275%252F221%252Fet-135-grasdorf-a42.jpg;nowa;;;;;;;;;44;448;844G8221et+135;
5224;7834;;1046G81526et-124używ;Felga 10x46 8/203,2/152,6/ET-124;Grasdorf B290 używana;;2490.00;2490.00;3062.70;3062.70;23;23.00;PLN;Felgi;Grasdorf;;2.0000;;https://static.abstore.pl/img/grasdorf/3ebf4f43-601d-4659-a369-7cd2b2357c21/l/felga-10x46-8%252F203-2%252F152-6%252Fet-124.jpg,https://static.abstore.pl/img/grasdorf/92fa45aa-e170-4eac-aabb-037824df4c13/l/felga-10x46-8%252F203-2%252F152-6%252Fet-124.jpg,https://static.abstore.pl/img/grasdorf/02463a78-9347-47af-b224-37f2b52e7f01/l/felga-10x46-8%252F203-2%252F152-6%252Fet-124.jpg;używana;;;;;;;;;46;4610;1046G81526et-124używ;
5641;8258;;12288275221regb833;Felga 12x28 8/275/221/regulowana B833;używana JD;;900.00;900.00;1107.00;1107.00;23;23.00;PLN;Felgi;;;1.0000;;https://static.abstore.pl/img/grasdorf/9fd5bfc0-b297-48fe-9c66-b829819e4314/l/felga-12x28-8%252F275%252F221%252Fregulowana-b833.jpg,https://static.abstore.pl/img/grasdorf/f046791f-3a52-48f4-b176-26d4e63d833b/l/felga-12x28-8%252F275%252F221%252Fregulowana-b833.jpg,https://static.abstore.pl/img/grasdorf/90cbae37-3e52-49b8-8fa9-a786048387d2/l/felga-12x28-8%252F275%252F221%252Fregulowana-b833.jpg;używana;;;;;;;;;28;000857;12288275221regb833;
5230;7840;;2046G10281et-205;Felga 20x46 10/335/281/ET-205 Grasdorf;A143;;2480.00;2480.00;3050.40;3050.40;23;23.00;PLN;Felgi;Grasdorf;;2.0000;;https://static.abstore.pl/img/grasdorf/feb1e145-2139-4bce-bb04-d9f3c57664ae/l/felga-20x46-10%252F335%252F281%252Fet-205-grasdorf.jpg,https://static.abstore.pl/img/grasdorf/35b1a238-47a0-4526-ba94-bf845f61f598/l/felga-20x46-10%252F335%252F281%252Fet-205-grasdorf.jpg,https://static.abstore.pl/img/grasdorf/ec91092f-4613-4457-9104-12ea2ea4647a/l/felga-20x46-10%252F335%252F281%252Fet-205-grasdorf.jpg;nowa;;;;;;;;;46;4620;2046G10281et-205;
5227;7837;;1346G8221et-305;Felga 13x46 8/275/221/ET-305 Grasdorf;D791;;3600.00;3600.00;4428.00;4428.00;23;23.00;PLN;Felgi;Grasdorf;;2.0000;;https://static.abstore.pl/img/grasdorf/23a0a8b8-fb71-4d99-be9d-4650d72bd262/l/felga-13x46-8%252F275%252F221%252Fet-305-grasdorf.jpg,https://static.abstore.pl/img/grasdorf/d54d2956-84e2-4f57-b364-315b02ad9516/l/felga-13x46-8%252F275%252F221%252Fet-305-grasdorf.jpg,https://static.abstore.pl/img/grasdorf/a5521a2e-acb2-4387-8666-dfb5ecd9829e/l/felga-13x46-8%252F275%252F221%252Fet-305-grasdorf.jpg,https://static.abstore.pl/img/grasdorf/dac594ef-052a-4109-8585-824a4fb57255/l/felga-13x46-8%252F275%252F221%252Fet-305-grasdorf.jpg;nowa;;;;;;;;;46;4613;1346G8221et-305;
5240;7850;;712J6161et0;Felga 7x12 6/205/161/ET0 Jantsa 70146;;;180.00;180.00;221.40;221.40;23;23.00;PLN;Felgi;Jantsa;;2.0000;;https://static.abstore.pl/img/grasdorf/be901b3e-64bf-43e4-aa46-8297fdd56433/l/felga-7x12-6%252F205%252F161%252Fet0-jantsa-70146.jpg,https://static.abstore.pl/img/grasdorf/2f4866fd-482d-44a4-a27c-258fe97c7228/l/felga-7x12-6%252F205%252F161%252Fet0-jantsa-70146.jpg,https://static.abstore.pl/img/grasdorf/051368e9-9a6f-4fca-9627-98d84d62324f/l/felga-7x12-6%252F205%252F161%252Fet0-jantsa-70146.jpg;nowa;;;;;;;;;12;127;712J6161et0;
5234;7844;;1048G8221et+132;Felga 10x48 8/275/221/ET+132 Grasdorf;C732;;3440.00;3440.00;4231.20;4231.20;23;23.00;PLN;Felgi;Grasdorf;;2.0000;;https://static.abstore.pl/img/grasdorf/c09fe6a0-418e-4c01-8abd-7985e74cbb25/l/felga-10x48-8%252F275%252F221%252Fet-132-grasdorf.jpg,https://static.abstore.pl/img/grasdorf/47007f74-2d23-4340-9f28-ec4dd061c5ca/l/felga-10x48-8%252F275%252F221%252Fet-132-grasdorf.jpg,https://static.abstore.pl/img/grasdorf/af4f255b-3473-4f83-af95-6885667b3a90/l/felga-10x48-8%252F275%252F221%252Fet-132-grasdorf.jpg;nowa;;;;;;;;;48;4810;1048G8221et+132;
5643;8260;;203012425371-160b170;Felga 20x30 12/425/371/ET-160 B170;używana JD;;1140.00;1140.00;1402.20;1402.20;23;23.00;PLN;Felgi;;;1.0000;;https://static.abstore.pl/img/grasdorf/211bdc46-7d49-41d7-a41b-5c1b42818fed/l/felga-20x30-12%252F425%252F371%252Fet-160-b170.jpg,https://static.abstore.pl/img/grasdorf/1721b5eb-c256-4af6-a78e-6f8e52bd1325/l/felga-20x30-12%252F425%252F371%252Fet-160-b170.jpg,https://static.abstore.pl/img/grasdorf/afb7e86b-2f24-4d63-96da-daccf6e389e7/l/felga-20x30-12%252F425%252F371%252Fet-160-b170.jpg;używana;;;;;;;;;30;000858;203012425371-160b170;
5237;7847;;14225G6250et+15używ;Felga 14x22.5 6/285/250/ET+15 Grasdorf;D48 używana;;1200.00;1200.00;1476.00;1476.00;23;23.00;PLN;Felgi;Grasdorf;;2.0000;;https://static.abstore.pl/img/grasdorf/2b3812f6-0ab3-49eb-a50a-a5b0e13bac1b/l/felga-14x22-5-6%252F285%252F250%252Fet-15-grasdorf.jpg,https://static.abstore.pl/img/grasdorf/fc75c954-9733-4c77-9c7f-3bc2261dd28d/l/felga-14x22-5-6%252F285%252F250%252Fet-15-grasdorf.jpg,https://static.abstore.pl/img/grasdorf/a34550de-36a1-4c24-9a75-818a67e93fb5/l/felga-14x22-5-6%252F285%252F250%252Fet-15-grasdorf.jpg;używana;;;;;;;;;22.5;1400225;14225G6250et+15używ;
5318;7928;;816N690et-97;Felga 8x16 6/120/90/ET-97 NDI D176;;;1300.00;1300.00;1599.00;1599.00;23;23.00;PLN;Felgi;NDI;;2.0000;;https://static.abstore.pl/img/grasdorf/718f2341-4bc2-4752-a024-646fae67abb2/l/felga-8x16-6%252F120%252F90%252Fet-97-ndi-d176.jpg,https://static.abstore.pl/img/grasdorf/cb11240d-dc03-40b7-a0b5-0cda9d990c28/l/felga-8x16-6%252F120%252F90%252Fet-97-ndi-d176.jpg,https://static.abstore.pl/img/grasdorf/37e575d0-77f9-48af-93bb-691e1e217c74/l/felga-8x16-6%252F120%252F90%252Fet-97-ndi-d176.jpg;nowa;;;;;;;;;16;168;816N690et-97;
5250;7860;;1317J6161et-40;Felga 13x17 6/205/161/ET-40 Jantsa;130181M;;400.00;400.00;492.00;492.00;23;23.00;PLN;Felgi;Jantsa;;1.0000;;https://static.abstore.pl/img/grasdorf/3f8b96c7-0433-43a0-b23f-f26678632d6b/l/felga-13x17-6%252F205%252F161%252Fet-40-jantsa.jpg,https://static.abstore.pl/img/grasdorf/efb57ee3-4d64-4405-b520-505623cc512d/l/felga-13x17-6%252F205%252F161%252Fet-40-jantsa.jpg,https://static.abstore.pl/img/grasdorf/e71dc0a2-67fd-4396-88af-f9b2d0211f14/l/felga-13x17-6%252F205%252F161%252Fet-40-jantsa.jpg,https://static.abstore.pl/img/grasdorf/3eae9ecf-925d-42de-a2a1-2ca9601c1dd8/l/felga-13x17-6%252F205%252F161%252Fet-40-jantsa.jpg,https://static.abstore.pl/img/grasdorf/21147f2c-0033-471d-8c00-aadea20c1dc9/l/felga-13x17-6%252F205%252F161%252Fet-40-jantsa.jpg;nowa;;;;;;;;;17;130017;1317J6161et-40;
5178;7788;;2034G81526et-45demo;Felga 20x34 8/203,2/152,6/ET-45 Grasdorf;C412 demo Kubota;;2870.00;2870.00;3530.10;3530.10;23;23.00;PLN;Felgi;Grasdorf;;2.0000;;https://static.abstore.pl/img/grasdorf/3449fac4-afbc-4375-bcaa-d62d2d2fd6e8/l/felga-20x34-8%252F203-2%252F152-6%252Fet-45-grasdorf.jpg,https://static.abstore.pl/img/grasdorf/165cb7b3-31f4-4c1d-b096-3b1f6286c221/l/felga-20x34-8%252F203-2%252F152-6%252Fet-45-grasdorf.jpg,https://static.abstore.pl/img/grasdorf/f7f3b6bd-b048-4b15-b7cd-1365053a2f99/l/felga-20x34-8%252F203-2%252F152-6%252Fet-45-grasdorf.jpg;demo;;;;;;;;;34;3420;2034G81526et-45demo;
5316;7926;;1015N61176et+5;Felga 10x15 6/152,4/117,6/ET+5 NDI D486;;;1150.00;1150.00;1414.50;1414.50;23;23.00;PLN;Felgi;NDI;;2.0000;;https://static.abstore.pl/img/grasdorf/1f0b29d9-97c6-4a7b-9fc7-e0a921c0354d/l/felga-10x15-6%252F152-4%252F117-6%252Fet-5-ndi-d486.jpg,https://static.abstore.pl/img/grasdorf/6927aea5-c04c-4593-a2f6-601610bfe72a/l/felga-10x15-6%252F152-4%252F117-6%252Fet-5-ndi-d486.jpg,https://static.abstore.pl/img/grasdorf/af31a22a-e7ab-456f-9470-4ff2ef37804e/l/felga-10x15-6%252F152-4%252F117-6%252Fet-5-ndi-d486.jpg;nowa;;;;;;;;;15;1510;1015N61176et+5;
5291;7901;;14225J8221et0;Felga 14x22.5 8/275/221/ET0 Jantsa;140235;;950.00;950.00;1168.50;1168.50;23;23.00;PLN;Felgi;Jantsa;;2.0000;;https://static.abstore.pl/img/grasdorf/58c40685-ca78-4249-9484-3aca2f1f3424/l/felga-14x22-5-8%252F275%252F221%252Fet0-jantsa.jpg,https://static.abstore.pl/img/grasdorf/e98c35c5-bebf-4550-a9bd-27a2f72d296d/l/felga-14x22-5-8%252F275%252F221%252Fet0-jantsa.jpg,https://static.abstore.pl/img/grasdorf/0e06d11b-5bc7-408d-87d2-5db49768589c/l/felga-14x22-5-8%252F275%252F221%252Fet0-jantsa.jpg;nowa;;;;;;;;;22.5;1400225;14225J8221et0;
5960;8611;;1046d983;Felga 10x46 8/203,2/150,1/ET+104 MF D983;;;3320.00;3320.00;4083.60;4083.60;23;23.00;PLN;Felgi;NDI;;2.0000;;https://static.abstore.pl/img/grasdorf/71e2390c-9a0c-417c-a1a8-deda2fdd9330/l/felga-10x46-8%252F203-2%252F150-1%252Fet-104-mf-d983.jpg,https://static.abstore.pl/img/grasdorf/55609bca-80e1-41a0-8e3e-47586149dfe8/l/felga-10x46-8%252F203-2%252F150-1%252Fet-104-mf-d983.jpg,https://static.abstore.pl/img/grasdorf/0f16f83a-14b5-48d9-bfc3-3fcdf34aa909/l/felga-10x46-8%252F203-2%252F150-1%252Fet-104-mf-d983.jpg;nowa;;;;;;;;;46;4610;1046d983;
5512;8127;;153081526etregdemo;Felga 15x30 8/203,2/152,6/regulowana;B333 demo JD;;1210.00;1210.00;1488.30;1488.30;23;23.00;PLN;Felgi;;;8.0000;;https://static.abstore.pl/img/grasdorf/fadfb77e-18c0-43b7-8de7-e0ae1ccb38c6/l/felga-15x30-8%252F203-2%252F152-6%252Fregulowana.jpg,https://static.abstore.pl/img/grasdorf/ce2096bf-390e-48b3-b771-14020dbd0ea8/l/felga-15x30-8%252F203-2%252F152-6%252Fregulowana.jpg,https://static.abstore.pl/img/grasdorf/37a7cf16-f2f2-4765-bcd7-9dca298639a4/l/felga-15x30-8%252F203-2%252F152-6%252Fregulowana.jpg;demo;;;;;;;;;30;3015;153081526etregdemo;
5293;7903;;16225J10281et0;Felga 16x22.5 10/335/281/ET0 Jantsa;162319;;690.00;690.00;848.70;848.70;23;23.00;PLN;Felgi;Jantsa;;2.0000;;https://static.abstore.pl/img/grasdorf/08ab4418-d6b9-41b2-b23c-9b69451c12f9/l/felga-16x22-5-10%252F335%252F281%252Fet0-jantsa.jpg,https://static.abstore.pl/img/grasdorf/c28cdc16-9ce7-4771-8bba-6a632e92723f/l/felga-16x22-5-10%252F335%252F281%252Fet0-jantsa.jpg,https://static.abstore.pl/img/grasdorf/2d095200-1ab7-4183-ba90-eaa5d3f1d80d/l/felga-16x22-5-10%252F335%252F281%252Fet0-jantsa.jpg,https://static.abstore.pl/img/grasdorf/51084b88-7ab8-4c78-8cf0-1247d4cee80f/l/felga-16x22-5-10%252F335%252F281%252Fet0-jantsa.jpg;nowa;;;;;;;;;22.5;1600225;16225J10281et0;
5961;8613;;1228d985;Felga 12x28 8/152,4/110/ET+125 D985 demo;DF;;1940.00;1940.00;2386.20;2386.20;23;23.00;PLN;Felgi;NDI;;2.0000;;https://static.abstore.pl/img/grasdorf/efa3cfcc-017d-47b6-a857-1cec8fac609f/l/felga-12x28-8%252F152-4%252F110%252Fet-125-d985-demo.jpg,https://static.abstore.pl/img/grasdorf/9600f0dc-ef24-442c-9912-2e04b2e15708/l/felga-12x28-8%252F152-4%252F110%252Fet-125-d985-demo.jpg,https://static.abstore.pl/img/grasdorf/40262e75-ea3e-4cfc-97de-872628f0645a/l/felga-12x28-8%252F152-4%252F110%252Fet-125-d985-demo.jpg;demo;;;;;;;;;28;2812;1228d985;
5319;7929;;5516N690et-48;Felga 5.5x16 6/120/90/ET-48 NDI D546;;;690.00;690.00;848.70;848.70;23;23.00;PLN;Felgi;NDI;;2.0000;;https://static.abstore.pl/img/grasdorf/d257193a-ece2-489f-8536-a30f66b3fd00/l/felga-5-5x16-6%252F120%252F90%252Fet-48-ndi-d546.jpg,https://static.abstore.pl/img/grasdorf/61a9f713-90d6-4840-b2ab-1fa82f699edb/l/felga-5-5x16-6%252F120%252F90%252Fet-48-ndi-d546.jpg,https://static.abstore.pl/img/grasdorf/8da4869c-430b-48d1-8d8a-1f6b38bb67ab/l/felga-5-5x16-6%252F120%252F90%252Fet-48-ndi-d546.jpg;nowa;;;;;;;;;16;55016;5516N690et-48;
5365;7975;;1842N8221et-170;Felga 18x42 8/275/221/ET-170 NDI D112;;;3240.00;3240.00;3985.20;3985.20;23;23.00;PLN;Felgi;NDI;;1.0000;;https://static.abstore.pl/img/grasdorf/9ff7173e-5829-43d2-9811-91d034ea020d/l/felga-18x42-8%252F275%252F221%252Fet-170-ndi-d112.jpg,https://static.abstore.pl/img/grasdorf/bace5338-d0d1-46d5-9fbf-a497be51b7bd/l/felga-18x42-8%252F275%252F221%252Fet-170-ndi-d112.jpg,https://static.abstore.pl/img/grasdorf/e0e35a2e-958e-4c03-ac69-93377b767bb8/l/felga-18x42-8%252F275%252F221%252Fet-170-ndi-d112.jpg,https://static.abstore.pl/img/grasdorf/9b9dff8a-5d0d-447a-89e3-0619c51b9d7c/l/felga-18x42-8%252F275%252F221%252Fet-170-ndi-d112.jpg;nowa;;;;;;;;;42;4218;1842N8221et-170;
5336;7946;;1628N83625et-25demo;Felga 16x28 8/405/362,5/ET-25 NDI C725;demo NH;;2030.00;2030.00;2496.90;2496.90;23;23.00;PLN;Felgi;NDI;;2.0000;;https://static.abstore.pl/img/grasdorf/2f3d5baa-14a4-488f-87d7-f01a4f1aa0de/l/felga-16x28-8%252F405%252F362-5%252Fet-25-ndi-c725.jpg,https://static.abstore.pl/img/grasdorf/c4dee618-f65b-4c86-93af-186a1ecf4ae7/l/felga-16x28-8%252F405%252F362-5%252Fet-25-ndi-c725.jpg,https://static.abstore.pl/img/grasdorf/e00917b5-88eb-457f-a307-457442b37f02/l/felga-16x28-8%252F405%252F362-5%252Fet-25-ndi-c725.jpg;demo;;;;;;;;;28;2816;1628N83625et-25demo;
5335;7945;;1228N6250et-8;Felga 12x28 6/285/250/ET-8 NDI D592;;;1940.00;1940.00;2386.20;2386.20;23;23.00;PLN;Felgi;NDI;;2.0000;;https://static.abstore.pl/img/grasdorf/050d1587-ff77-419f-af99-e1917e085d84/l/felga-12x28-6%252F285%252F250%252Fet-8-ndi-d592.jpg,https://static.abstore.pl/img/grasdorf/24474c00-d8cf-40d8-aa50-8dc2e825cbba/l/felga-12x28-6%252F285%252F250%252Fet-8-ndi-d592.jpg,https://static.abstore.pl/img/grasdorf/2c33dcab-c74a-49aa-8020-d110976950c8/l/felga-12x28-6%252F285%252F250%252Fet-8-ndi-d592.jpg,https://static.abstore.pl/img/grasdorf/f0edb158-f397-46e8-b668-64fc858b668b/l/felga-12x28-6%252F285%252F250%252Fet-8-ndi-d592.jpg;nowa;;;;;;;;;28;2812;1228N6250et-8;
5342;7952;;2330N10281et-30;Felga 23x30 10/335/281/ET-30 NDI D640;;;2270.00;2270.00;2792.10;2792.10;23;23.00;PLN;Felgi;NDI;;2.0000;;https://static.abstore.pl/img/grasdorf/f3c19b31-f0cf-4f98-84cd-e0ed1d8488cf/l/felga-23x30-10%252F335%252F281%252Fet-30-ndi-d640.jpg,https://static.abstore.pl/img/grasdorf/3e30ea68-b5ec-435b-bd9a-16573800a00e/l/felga-23x30-10%252F335%252F281%252Fet-30-ndi-d640.jpg,https://static.abstore.pl/img/grasdorf/4bcce264-4889-4cee-9f15-1178f2155348/l/felga-23x30-10%252F335%252F281%252Fet-30-ndi-d640.jpg,https://static.abstore.pl/img/grasdorf/4b204678-e507-402e-824d-1dee30e59e8f/l/felga-23x30-10%252F335%252F281%252Fet-30-ndi-d640.jpg,https://static.abstore.pl/img/grasdorf/56ea4f2c-9634-493b-9675-23423fcf93af/l/felga-23x30-10%252F335%252F281%252Fet-30-ndi-d640.jpg;nowa;;;;;;;;;30;3023;2330N10281et-30;
5325;7935;;824N81526et-78;Felga 8x24 8/203,2/152,6/ET-78 NDI D393;;;2540.00;2540.00;3124.20;3124.20;23;23.00;PLN;Felgi;NDI;;2.0000;;https://static.abstore.pl/img/grasdorf/c6fd4419-2522-43e0-a4d2-13611c615d93/l/felga-8x24-8%252F203-2%252F152-6%252Fet-78-ndi-d393.jpg,https://static.abstore.pl/img/grasdorf/f04b3bfa-5af9-464e-8018-dacb545aae39/l/felga-8x24-8%252F203-2%252F152-6%252Fet-78-ndi-d393.jpg,https://static.abstore.pl/img/grasdorf/b2fd9c78-cc60-4b8f-b729-a179fe58f95a/l/felga-8x24-8%252F203-2%252F152-6%252Fet-78-ndi-d393.jpg;nowa;;;;;;;;;24;248;824N81526et-78;
5353;7963;;1136N81526et-219;Felga 11x36 8/203,2/152,6/ET-219 NDI;D395;;3890.00;3890.00;4784.70;4784.70;23;23.00;PLN;Felgi;NDI;;2.0000;;https://static.abstore.pl/img/grasdorf/24c60600-2a32-4d52-b594-ae069942fea6/l/felga-11x36-8%252F203-2%252F152-6%252Fet-219-ndi.jpg,https://static.abstore.pl/img/grasdorf/da2c0b24-2891-467f-9995-a05654786895/l/felga-11x36-8%252F203-2%252F152-6%252Fet-219-ndi.jpg,https://static.abstore.pl/img/grasdorf/b89589de-73ed-4e84-913a-e91e2ae7e2d7/l/felga-11x36-8%252F203-2%252F152-6%252Fet-219-ndi.jpg;nowa;;;;;;;;;36;3611;1136N81526et-219;
5208;7818;;1042G81526et+150używ;Felga 10x42 8/203,2/152,6/ET+138;Grasdorf A211 używana;;2460.00;2460.00;3025.80;3025.80;23;23.00;PLN;Felgi;Grasdorf;;2.0000;;https://static.abstore.pl/img/grasdorf/cb899ea4-1eea-442e-b4aa-1d9ce5dd6317/l/felga-10x42-8%252F203-2%252F152-6%252Fet-138.jpg,https://static.abstore.pl/img/grasdorf/a5e3bc73-f874-45f4-b817-b397fd60cd33/l/felga-10x42-8%252F203-2%252F152-6%252Fet-138.jpg,https://static.abstore.pl/img/grasdorf/f9d28878-b86c-40f4-bbdd-29d3a1f663fe/l/felga-10x42-8%252F203-2%252F152-6%252Fet-138.jpg;używana;;;;;;;;;42;4210;1042G81526et+150używ;
5191;7801;;1136G81526et-69;Felga 11x36 8/203,2/152,6/ET-69 Kubota;M4 rozstaw 1500;;3240.00;3240.00;3985.20;3985.20;23;23.00;PLN;Felgi;Grasdorf;;4.0000;;https://static.abstore.pl/img/grasdorf/ca8914c0-d2dd-4832-8688-7c3bf8d86ac5/l/felga-11x36-8%252F203-2%252F152-6%252Fet-69-kubota.jpg,https://static.abstore.pl/img/grasdorf/f107e77b-e977-4afd-a865-16e5f862d6c7/l/felga-11x36-8%252F203-2%252F152-6%252Fet-69-kubota.jpg,https://static.abstore.pl/img/grasdorf/9f695185-bef5-483c-8d6d-dd7c1eabf2c9/l/felga-11x36-8%252F203-2%252F152-6%252Fet-69-kubota.jpg,https://static.abstore.pl/img/grasdorf/56c566ca-b33f-4dd1-bcf5-074f0516517c/l/felga-11x36-8%252F203-2%252F152-6%252Fet-69-kubota.jpg,https://static.abstore.pl/img/grasdorf/b0477833-0d16-4be1-bde4-824e7a98ab40/l/felga-11x36-8%252F203-2%252F152-6%252Fet-69-kubota.jpg;nowa;;;;;;;;;36;3611;1136G81526et-69;
5326;7936;;1024N81526et+122;Felga 10x24 8/203,2/152,6/ET+122 Kubota;M4 rozstaw 1400;;2560.00;2560.00;3148.80;3148.80;23;23.00;PLN;Felgi;NDI;;2.0000;;https://static.abstore.pl/img/grasdorf/265001e6-af89-42ac-b5cb-f9dd50a0000b/l/felga-10x24-8%252F203-2%252F152-6%252Fet-122-kubota.jpg,https://static.abstore.pl/img/grasdorf/c6d5b8bb-484d-435f-9931-020c9a02c24d/l/felga-10x24-8%252F203-2%252F152-6%252Fet-122-kubota.jpg,https://static.abstore.pl/img/grasdorf/3024c93f-5fe7-4956-a5bc-1f2215f16426/l/felga-10x24-8%252F203-2%252F152-6%252Fet-122-kubota.jpg;nowa;;;;;;;;;24;2410;1024N81526et+122;
5972;4862;8903635012290;40060155AA-320VP143A;Opona 400/60-15.5 Alliance A-320 VP 16PR;;;570.00;570.00;701.10;701.10;23;23.00;PLN;Opony/Opony rolnicze i przemysłowe/Opony Alliance;Alliance;;1.0000;;https://static.abstore.pl/img/grasdorf/62a2caf5-a7db-4972-9dd0-156aa805a81d/l/opona-400%252F60-15-5-alliance-a-320-vp-16pr.jpg;nowa;F-328;Diagonalna;Bezdętkowa (TL);143A6/135A8 (2725 kg przy 30 km/h);16 PR;Opona rolnicza;400/60;;15.5;2161;40060155AA-320VP143A;
5958;4856;;3208536AINfpdemo;Opona 320/85R36 Alliance FarmPro demo;128A8 TL (12.4R36);;1220.00;1220.00;1500.60;1500.60;23;23.00;PLN;Opony/Opony rolnicze i przemysłowe/Opony Alliance;Alliance;;2.0000;;https://static.abstore.pl/img/grasdorf/34ee6374-6ecd-4a62-831e-794c4aabf311/l/opona-320%252F85r36-alliance-farmpro-demo.jpg,https://static.abstore.pl/img/grasdorf/b13a8b8b-b1c8-4c21-a102-9161cc7d63e7/l/opona-320%252F85r36-alliance-farmpro-demo.jpg,https://static.abstore.pl/img/grasdorf/db5c92d2-703a-40c1-bd92-b2acbe59d404/l/opona-320%252F85r36-alliance-farmpro-demo.jpg,https://static.abstore.pl/img/grasdorf/b77736e7-484e-425e-a9af-6402243c9be4/l/opona-320%252F85r36-alliance-farmpro-demo.jpg,https://static.abstore.pl/img/grasdorf/a4464c0c-573e-4c1f-9df6-99cc76e2246c/l/opona-320%252F85r36-alliance-farmpro-demo.jpg,https://static.abstore.pl/img/grasdorf/1a46595e-abb9-4154-b590-e55f9c720843/l/opona-320%252F85r36-alliance-farmpro-demo.jpg,https://static.abstore.pl/img/grasdorf/e5fde714-0ced-41e8-988e-4a055d132bf5/l/opona-320%252F85r36-alliance-farmpro-demo.jpg;pokazowa;;Radialna;Bezdętkowa (TL);128A8 (1800 kg przy 40 km/h);;Opona rolnicza;12.4 (320/85, 300/95, 320/90);;36;12436AINfpdemo;3208536AINfpdemo;
5451;8066;;24265P10281et-100;Felga 24x26.5 10/335/281/ET-100 Pronar;265.24.07;;1440.00;1440.00;1771.20;1771.20;23;23.00;PLN;Felgi;Pronar;;1.0000;;https://static.abstore.pl/img/grasdorf/8b27bc2d-0e48-4f6b-8ae9-1dd9373cf109/l/felga-24x26-5-10%252F335%252F281%252Fet-100-pronar.jpg,https://static.abstore.pl/img/grasdorf/b34077b1-6321-46d8-a20e-6ef4ed43bd90/l/felga-24x26-5-10%252F335%252F281%252Fet-100-pronar.jpg,https://static.abstore.pl/img/grasdorf/921eb4ba-b633-4d4c-b37a-c6eec73e96b1/l/felga-24x26-5-10%252F335%252F281%252Fet-100-pronar.jpg;nowa;;;;;;;;;26.5;2400265;24265P10281et-100;
5453;8068;;28265P10281et0;Felga 28x26.5 10/335/281/ET0 Pronar;265.28.05;;1450.00;1450.00;1783.50;1783.50;23;23.00;PLN;Felgi;Pronar;;1.0000;;https://static.abstore.pl/img/grasdorf/8ec04afa-9cd1-4b53-bddf-ae14deec4da9/l/felga-28x26-5-10%252F335%252F281%252Fet0-pronar.jpg,https://static.abstore.pl/img/grasdorf/85f2b503-18a3-4d32-bf23-348285f77e5b/l/felga-28x26-5-10%252F335%252F281%252Fet0-pronar.jpg,https://static.abstore.pl/img/grasdorf/a557d6fa-4eec-4f2e-b405-5a62620b5b8f/l/felga-28x26-5-10%252F335%252F281%252Fet0-pronar.jpg,https://static.abstore.pl/img/grasdorf/c308e8b7-1065-43f8-b567-3da70ed76cc6/l/felga-28x26-5-10%252F335%252F281%252Fet0-pronar.jpg,https://static.abstore.pl/img/grasdorf/60328de4-b7cb-41ea-b3c2-8b763bdc1bbd/l/felga-28x26-5-10%252F335%252F281%252Fet0-pronar.jpg,https://static.abstore.pl/img/grasdorf/e007bcca-8c98-4081-9fed-efd9e361a3d8/l/felga-28x26-5-10%252F335%252F281%252Fet0-pronar.jpg,https://static.abstore.pl/img/grasdorf/da625163-01ef-44c4-a838-ffaff54c2c28/l/felga-28x26-5-10%252F335%252F281%252Fet0-pronar.jpg,https://static.abstore.pl/img/grasdorf/d0314367-b5e4-40e8-af2b-4898e19ffdce/l/felga-28x26-5-10%252F335%252F281%252Fet0-pronar.jpg;nowa;;;;;;;;;26.5;2800265;28265P10281et0;
5472;8087;;55186161et+16demo;Felga 5.5x18 6/205/161/ET+16 D452 demo;Iseki;;700.00;700.00;861.00;861.00;23;23.00;PLN;Felgi;;;3.0000;;https://static.abstore.pl/img/grasdorf/f0c243c9-22dc-4cc0-8691-8f8b876f75a0/l/felga-5-5x18-6%252F205%252F161%252Fet-16-d452-demo.jpg,https://static.abstore.pl/img/grasdorf/1efc2e33-30f0-4b21-8571-0d68737f8dbf/l/felga-5-5x18-6%252F205%252F161%252Fet-16-d452-demo.jpg,https://static.abstore.pl/img/grasdorf/052f49a7-af8b-414c-8c44-df4d24f84749/l/felga-5-5x18-6%252F205%252F161%252Fet-16-d452-demo.jpg;demo;;;;;;;;;18;55018;55186161et+16demo;
5483;8098;;15248221et-68demo;Felga 15x24 8/275/221/ET-68 C917 demo;Kubota;;1700.00;1700.00;2091.00;2091.00;23;23.00;PLN;Felgi;;;1.0000;;https://static.abstore.pl/img/grasdorf/aed1934d-f2d6-4872-8c52-08b8a1ac7c3a/l/felga-15x24-8%252F275%252F221%252Fet-68-c917-demo.jpg,https://static.abstore.pl/img/grasdorf/872215aa-ea46-4269-8a7a-528dfaeda60a/l/felga-15x24-8%252F275%252F221%252Fet-68-c917-demo.jpg,https://static.abstore.pl/img/grasdorf/3c11dcb6-5c24-45a7-85a9-7e2afa27af07/l/felga-15x24-8%252F275%252F221%252Fet-68-c917-demo.jpg;demo;;;;;;;;;24;2415;15248221et-68demo;
5484;8099;;10248221etregdemo;Felga 10x24 8/275/221/regulowana D243;demo JD;;1280.00;1280.00;1574.40;1574.40;23;23.00;PLN;Felgi;;;2.0000;;https://static.abstore.pl/img/grasdorf/dadd0605-a63d-4b39-aa75-437094c68313/l/felga-10x24-8%252F275%252F221%252Fregulowana-d243.jpg,https://static.abstore.pl/img/grasdorf/91ce0341-ce2d-466a-8f11-d98109037138/l/felga-10x24-8%252F275%252F221%252Fregulowana-d243.jpg,https://static.abstore.pl/img/grasdorf/b11bfeb8-1ab2-4b67-9070-342eefba56c8/l/felga-10x24-8%252F275%252F221%252Fregulowana-d243.jpg;demo;;;;;;;;;24;2410;10248221etregdemo;
5487;8102;;202612371et+30demo;Felga 20x26 12/425/371/ET+30 B475 demo;Kirovetz;;1600.00;1600.00;1968.00;1968.00;23;23.00;PLN;Felgi;;;4.0000;;https://static.abstore.pl/img/grasdorf/c85e553e-2e71-4f2c-a178-95f8869ba6ab/l/felga-20x26-12%252F425%252F371%252Fet-30-b475-demo.jpg,https://static.abstore.pl/img/grasdorf/166fd9a4-b479-40ce-931f-49b4460f0a3c/l/felga-20x26-12%252F425%252F371%252Fet-30-b475-demo.jpg,https://static.abstore.pl/img/grasdorf/485418c5-1511-474f-a149-7eabc370ab41/l/felga-20x26-12%252F425%252F371%252Fet-30-b475-demo.jpg;demo;;;;;;;;;26;2620;202612371et+30demo;
5492;8107;;10286508et+70;Felga 10x28 6/547/508/ET+70 D701;;;1870.00;1870.00;2300.10;2300.10;23;23.00;PLN;Felgi;;;2.0000;;https://static.abstore.pl/img/grasdorf/830f33e9-4ed4-41e8-aadf-2d2d8c2a817d/l/felga-10x28-6%252F547%252F508%252Fet-70-d701.jpg,https://static.abstore.pl/img/grasdorf/ad50b181-0f93-453f-a9ed-6fda5e78295d/l/felga-10x28-6%252F547%252F508%252Fet-70-d701.jpg,https://static.abstore.pl/img/grasdorf/01715088-3bcd-4b2b-8695-d65463acff39/l/felga-10x28-6%252F547%252F508%252Fet-70-d701.jpg;nowa;;;;;;;;;28;2810;10286508et+70;
5488;8103;;202610176et-60demo;Felga 20x26 10/225/176/ET-60 B559 demo;Case;;2240.00;2240.00;2755.20;2755.20;23;23.00;PLN;Felgi;;;2.0000;;https://static.abstore.pl/img/grasdorf/b4f55326-b910-480b-8d81-e1f24321ae16/l/felga-20x26-10%252F225%252F176%252Fet-60-b559-demo.jpg,https://static.abstore.pl/img/grasdorf/8da827fb-c74f-4d14-9260-52eea9711bc2/l/felga-20x26-10%252F225%252F176%252Fet-60-b559-demo.jpg,https://static.abstore.pl/img/grasdorf/bc487c76-9af3-420c-9161-fde4e2deaeb2/l/felga-20x26-10%252F225%252F176%252Fet-60-b559-demo.jpg;demo;;;;;;;;;26;2620;202610176et-60demo;
5493;8108;;122882905etregdemo;Felga 12x28 8/330/290,5/regulowana D693;demo Case;;1940.00;1940.00;2386.20;2386.20;23;23.00;PLN;Felgi;;;2.0000;;https://static.abstore.pl/img/grasdorf/c0a03cc0-55d0-4620-851c-69276a2c2f51/l/felga-12x28-8%252F330%252F290-5%252Fregulowana-d693.jpg,https://static.abstore.pl/img/grasdorf/59f4aaca-6d24-4e35-a122-239de78c401d/l/felga-12x28-8%252F330%252F290-5%252Fregulowana-d693.jpg,https://static.abstore.pl/img/grasdorf/f7ff7d73-519e-468a-bf86-f6e613218707/l/felga-12x28-8%252F330%252F290-5%252Fregulowana-d693.jpg,https://static.abstore.pl/img/grasdorf/97e51e8e-a99d-4df4-b659-963437593b95/l/felga-12x28-8%252F330%252F290-5%252Fregulowana-d693.jpg;demo;;;;;;;;;28;2812;122882905etregdemo;
5516;8131;;123010281et+19używ;Felga 12x30 10/335/281/ET+19 B276;używana;;1970.00;1970.00;2423.10;2423.10;23;23.00;PLN;Felgi;;;2.0000;;https://static.abstore.pl/img/grasdorf/d7b5f12a-5156-4166-902c-cb369a6b41f5/l/felga-12x30-10%252F335%252F281%252Fet-19-b276.jpg,https://static.abstore.pl/img/grasdorf/95706b72-a3dc-4dc3-abb8-1c19346a0fc9/l/felga-12x30-10%252F335%252F281%252Fet-19-b276.jpg,https://static.abstore.pl/img/grasdorf/13b1741d-4074-4ce6-8eef-9dcb7408dc19/l/felga-12x30-10%252F335%252F281%252Fet-19-b276.jpg;używana;;;;;;;;;30;3012;123010281et+19używ;
5527;8142;;103281501etregdemo;Felga 10x32 8/203,2/150,1/regulowana;D416 demo Case;;2100.00;2100.00;2583.00;2583.00;23;23.00;PLN;Felgi;;;2.0000;;https://static.abstore.pl/img/grasdorf/b20eb2fb-69bf-44d2-ac56-9ae35986224a/l/felga-10x32-8%252F203-2%252F150-1%252Fregulowana.jpg,https://static.abstore.pl/img/grasdorf/a889724d-fa5f-4a0f-b2e2-244a468c0320/l/felga-10x32-8%252F203-2%252F150-1%252Fregulowana.jpg,https://static.abstore.pl/img/grasdorf/ead4d6df-092e-4d6c-8143-6c371c01eef2/l/felga-10x32-8%252F203-2%252F150-1%252Fregulowana.jpg;demo;;;;;;;;;32;3210;103281501etregdemo;
5529;8144;;10326382et+84;Felga 10x32 6/425/382/ET+84 C179;;;1500.00;1500.00;1845.00;1845.00;23;23.00;PLN;Felgi;;;2.0000;;https://static.abstore.pl/img/grasdorf/58b0f234-3155-4de5-b103-dd20bc7b3b4c/l/felga-10x32-6%252F425%252F382%252Fet-84-c179.jpg,https://static.abstore.pl/img/grasdorf/a49e0683-c651-4a63-9446-66e7688b0658/l/felga-10x32-6%252F425%252F382%252Fet-84-c179.jpg;nowa;;;;;;;;;32;3210;10326382et+84;
5526;8141;;7328145et+108;Felga 7x32 8/190/145/ET+108 A19;;;510.00;510.00;627.30;627.30;23;23.00;PLN;Felgi;;;1.0000;;https://static.abstore.pl/img/grasdorf/fe6b2f6d-abef-4e24-b163-c67f24a9fa55/l/felga-7x32-8%252F190%252F145%252Fet-108-a19.jpg,https://static.abstore.pl/img/grasdorf/3495b4b5-2861-4a8a-96c6-6a02fab7fd1f/l/felga-7x32-8%252F190%252F145%252Fet-108-a19.jpg,https://static.abstore.pl/img/grasdorf/7c903880-669b-4283-90dc-f6fc1ff9c6f0/l/felga-7x32-8%252F190%252F145%252Fet-108-a19.jpg;nowa;;;;;;;;;32;327;7328145et+108;
6039;8826;8903635008231;4008024AA-325162A8;Opona 400/80-24 Alliance A-325 162A8 TL;;;1930.00;1700.00;2373.90;2091.00;23;23.00;PLN;Opony/Opony rolnicze i przemysłowe/Opony Alliance;Alliance;;4.0000;;https://static.abstore.pl/img/grasdorf/407ce116-2009-47db-9b45-252a492c98b3/l/opona-400%252F80-24-alliance-a-325-162a8-tl.jpg;nowa;;Diagonalna;Bezdętkowa (TL);162A8 (4750 kg przy 40 km/h);;Opona przemysłowa/komunalna;15.5/80 (400/80);;24;1558024a;4008024AA-325162A8;
5537;8153;;153481501etregdemo;Felga 15x34 8/203,2/150,1/regulowana;C957 demo MF;;2470.00;2470.00;3038.10;3038.10;23;23.00;PLN;Felgi;;;2.0000;;https://static.abstore.pl/img/grasdorf/a78b0475-cc7e-4d73-b7e4-357195fedddb/l/felga-15x34-8%252F203-2%252F150-1%252Fregulowana.jpg,https://static.abstore.pl/img/grasdorf/fc7bf226-6f9f-4307-914d-f6d971f072f5/l/felga-15x34-8%252F203-2%252F150-1%252Fregulowana.jpg,https://static.abstore.pl/img/grasdorf/754402ed-d6ed-477c-a2c5-bf0992479641/l/felga-15x34-8%252F203-2%252F150-1%252Fregulowana.jpg;demo;;;;;;;;;34;3415;153481501etregdemo;
5546;8162;;123810281et-240używ;Felga 12x38 10/335/281/ET-240 C813;używana;;2340.00;2340.00;2878.20;2878.20;23;23.00;PLN;Felgi;;;2.0000;;https://static.abstore.pl/img/grasdorf/cd2b7348-5150-45d2-8eae-eba9b3bd7706/l/felga-12x38-10%252F335%252F281%252Fet-240-c813.jpg,https://static.abstore.pl/img/grasdorf/70888271-6613-41b1-b805-483d5765b3e9/l/felga-12x38-10%252F335%252F281%252Fet-240-c813.jpg,https://static.abstore.pl/img/grasdorf/51d0d40b-580b-49bd-920d-e1b9c45f4f25/l/felga-12x38-10%252F335%252F281%252Fet-240-c813.jpg,https://static.abstore.pl/img/grasdorf/5139778c-5270-4c40-a425-5cade8847a78/l/felga-12x38-10%252F335%252F281%252Fet-240-c813.jpg;używana;;;;;;;;;38;3812;123810281et-240używ;
6025;8631;;6508015AA-324;Opona 6.50/80-15 Alliance A-324 6PR TT;;;250.00;250.00;307.50;307.50;23;23.00;PLN;Opony/Opony rolnicze i przemysłowe/Opony Alliance;Alliance;;1.0000;;https://static.abstore.pl/img/grasdorf/dd69fcae-caf2-4817-b909-334a845fd7c6/l/opona-6-50%252F80-15-alliance-a-324-6pr-tt.png;nowa;;Diagonalna;Dętkowa (TT);;6 PR;Opona rolnicza;;;15;;6508015AA-324;
5578;8195;;242258221et-50;Felga 24x22.5 8/275/221/ET-50 S368;;;1680.00;1680.00;2066.40;2066.40;23;23.00;PLN;Felgi;;;2.0000;;https://static.abstore.pl/img/grasdorf/c34ed472-e528-490d-b5ec-a4a64d0632ba/l/felga-24x22-5-8%252F275%252F221%252Fet-50-s368.jpg,https://static.abstore.pl/img/grasdorf/f8a1b4ca-5530-4063-8deb-34568c4d5277/l/felga-24x22-5-8%252F275%252F221%252Fet-50-s368.jpg,https://static.abstore.pl/img/grasdorf/0c8c02c4-4317-4291-9219-560fe27cb78e/l/felga-24x22-5-8%252F275%252F221%252Fet-50-s368.jpg,https://static.abstore.pl/img/grasdorf/7da192df-c516-432d-911e-f1531912c335/l/felga-24x22-5-8%252F275%252F221%252Fet-50-s368.jpg,https://static.abstore.pl/img/grasdorf/dbf11489-3d2d-49ee-9467-ca3105b16ff4/l/felga-24x22-5-8%252F275%252F221%252Fet-50-s368.jpg;nowa;;;;;;;;;22.5;2400225;242258221et-50;
5593;8210;;1320J8221et020143;Felga 13x20 8/275/221/ET0 Jantsa 20143;;;670.00;670.00;824.10;824.10;23;23.00;PLN;Felgi;Jantsa;;1.0000;;https://static.abstore.pl/img/grasdorf/3c924a4c-7bea-405f-94dc-8cc4f63a94ee/l/felga-13x20-8%252F275%252F221%252Fet0-jantsa-20143.jpg,https://static.abstore.pl/img/grasdorf/d5258707-a4af-4d29-a745-1f681d40e3c8/l/felga-13x20-8%252F275%252F221%252Fet0-jantsa-20143.jpg,https://static.abstore.pl/img/grasdorf/9cdbd960-9d44-4b1e-be25-82f1471ba7b3/l/felga-13x20-8%252F275%252F221%252Fet0-jantsa-20143.jpg,https://static.abstore.pl/img/grasdorf/9245acd1-1d8d-46e8-8ee1-72f999b6df91/l/felga-13x20-8%252F275%252F221%252Fet0-jantsa-20143.jpg,https://static.abstore.pl/img/grasdorf/b16595c0-fe49-46f8-bd4d-0ad404a1e1c7/l/felga-13x20-8%252F275%252F221%252Fet0-jantsa-20143.jpg,https://static.abstore.pl/img/grasdorf/4a843e4e-4d68-40af-8c91-c4f6b330ab55/l/felga-13x20-8%252F275%252F221%252Fet0-jantsa-20143.jpg,https://static.abstore.pl/img/grasdorf/abb10c86-5a93-423e-9fda-f79adbceb822/l/felga-13x20-8%252F275%252F221%252Fet0-jantsa-20143.jpg,https://static.abstore.pl/img/grasdorf/1db281c3-5842-4757-b39b-c30bdde0b458/l/felga-13x20-8%252F275%252F221%252Fet0-jantsa-20143.jpg,https://static.abstore.pl/img/grasdorf/6f68ae34-d022-481c-a7b4-55310486dbca/l/felga-13x20-8%252F275%252F221%252Fet0-jantsa-20143.jpg;nowa;;;;;;;;;20;130020;1320J8221et020143;
5579;8196;;2026510281et-50;Felga 20x26.5 10/335/281/ET-50 S228 GKN;;;1400.00;1400.00;1722.00;1722.00;23;23.00;PLN;Felgi;GKN;;2.0000;;https://static.abstore.pl/img/grasdorf/69928034-cd27-4faf-ab88-3c3b66ebeeba/l/felga-20x26-5-10%252F335%252F281%252Fet-50-s228-gkn.jpg,https://static.abstore.pl/img/grasdorf/5552f524-7684-4484-b694-767571b4981e/l/felga-20x26-5-10%252F335%252F281%252Fet-50-s228-gkn.jpg,https://static.abstore.pl/img/grasdorf/9419360b-29d4-42a5-aa6d-f0efee4ddcb5/l/felga-20x26-5-10%252F335%252F281%252Fet-50-s228-gkn.jpg;nowa;;;;;;;;;26.5;2000265;2026510281et-50;
5595;8213;;13155J6161et-1513015;Felga 13x15.5 6/205/161/ET-15 Jantsa;130158;;320.00;320.00;393.60;393.60;23;23.00;PLN;Felgi;Jantsa;;2.0000;;https://static.abstore.pl/img/grasdorf/bd957c83-1d41-42b5-be1e-f265d41ee457/l/felga-13x15-5-6%252F205%252F161%252Fet-15-jantsa.jpg,https://static.abstore.pl/img/grasdorf/11cfa285-170f-4497-bcff-662c41943d4b/l/felga-13x15-5-6%252F205%252F161%252Fet-15-jantsa.jpg,https://static.abstore.pl/img/grasdorf/42063473-d14e-4528-9a02-f2dac1a3ea4a/l/felga-13x15-5-6%252F205%252F161%252Fet-15-jantsa.jpg,https://static.abstore.pl/img/grasdorf/a2c54ce9-5637-4707-a8b3-0cd072676502/l/felga-13x15-5-6%252F205%252F161%252Fet-15-jantsa.jpg,https://static.abstore.pl/img/grasdorf/bb7a59ea-829f-4e7b-9610-6c87e9e3fe6f/l/felga-13x15-5-6%252F205%252F161%252Fet-15-jantsa.jpg;nowa;;;;;;;;;15.5;1300155;13155J6161et-1513015;
5617;8235;;15308221etregdemoste;Felga 15x30 8/275/221/regulowana B953;demo Steyr;;2100.00;2100.00;2583.00;2583.00;23;23.00;PLN;Felgi;;;2.0000;;https://static.abstore.pl/img/grasdorf/7b788e28-addc-4525-b98d-4a4a87146d98/l/felga-15x30-8%252F275%252F221%252Fregulowana-b953.jpg,https://static.abstore.pl/img/grasdorf/09dee91a-c174-4a4b-8e8a-d490e894e418/l/felga-15x30-8%252F275%252F221%252Fregulowana-b953.jpg,https://static.abstore.pl/img/grasdorf/188a356b-d424-4ccb-aa62-bb91bc460071/l/felga-15x30-8%252F275%252F221%252Fregulowana-b953.jpg;demo;;;;;;;;;30;3015;15308221etregdemoste;
5150;7760;;1324G10281et-120używ;Felga 13x24 10/335/281/ET-120 Grasdorf;A436 używana;;1520.00;1520.00;1869.60;1869.60;23;23.00;PLN;Felgi;Grasdorf;;2.0000;;https://static.abstore.pl/img/grasdorf/f1876522-8ae3-4be5-bf29-291cea1fda4f/l/felga-13x24-10%252F335%252F281%252Fet-120-grasdorf.jpg,https://static.abstore.pl/img/grasdorf/4ac111ea-61f6-4bd8-9f9a-ba2a37f9c53f/l/felga-13x24-10%252F335%252F281%252Fet-120-grasdorf.jpg,https://static.abstore.pl/img/grasdorf/4b069812-a31f-4c1f-b835-1ecd1a88f6ce/l/felga-13x24-10%252F335%252F281%252Fet-120-grasdorf.jpg;używana;;;;;;;;;24;2413;1324G10281et-120używ;
5169;7779;;832G81526etregdemo;Felga 8x32 8/203,2/152,6/regulowana;Grasdorf A346 demo;;730.00;730.00;897.90;897.90;23;23.00;PLN;Felgi;Grasdorf;;1.0000;;https://static.abstore.pl/img/grasdorf/6e178082-d73c-4500-80af-9909aca713a5/l/felga-8x32-8%252F203-2%252F152-6%252Fregulowana.jpg,https://static.abstore.pl/img/grasdorf/7e696a01-34c4-4c20-a914-2b4e7ffac50c/l/felga-8x32-8%252F203-2%252F152-6%252Fregulowana.jpg,https://static.abstore.pl/img/grasdorf/0f3a01d2-b03a-474c-a5f4-2c6c9c51e8ff/l/felga-8x32-8%252F203-2%252F152-6%252Fregulowana.jpg;demo;;;;;;;;;32;328;832G81526etregdemo;
5646;8265;;18288275221et-34d862;Felga 18x28 8/275/221/ET-34 D862 demo;Claas;;1620.00;1620.00;1992.60;1992.60;23;23.00;PLN;Felgi;;;2.0000;;https://static.abstore.pl/img/grasdorf/0873961d-3c50-4321-a19f-b5656db1f10a/l/felga-18x28-8%252F275%252F221%252Fet-34-d862-demo.jpg,https://static.abstore.pl/img/grasdorf/ea6b570c-3528-4c39-83db-c3069a6eeafe/l/felga-18x28-8%252F275%252F221%252Fet-34-d862-demo.jpg,https://static.abstore.pl/img/grasdorf/dd71b078-e000-4419-a43e-2e13e7523a31/l/felga-18x28-8%252F275%252F221%252Fet-34-d862-demo.jpg;demo;;;;;;;;;28;000861;18288275221et-34d862;
5192;7802;;1136G8221et-280;Felga 11x36 8/275/221/ET-280 Grasdorf;A282;;1950.00;1950.00;2398.50;2398.50;23;23.00;PLN;Felgi;Grasdorf;;2.0000;;https://static.abstore.pl/img/grasdorf/682d3ee9-066a-4041-a9a4-5111dd386fdc/l/felga-11x36-8%252F275%252F221%252Fet-280-grasdorf.jpg,https://static.abstore.pl/img/grasdorf/454afbae-feda-4ecc-889c-f90c09af52f6/l/felga-11x36-8%252F275%252F221%252Fet-280-grasdorf.jpg,https://static.abstore.pl/img/grasdorf/c933b55a-fb86-4262-adbb-bd65ba3c27f3/l/felga-11x36-8%252F275%252F221%252Fet-280-grasdorf.jpg;nowa;;;;;;;;;36;3611;1136G8221et-280;
5183;7793;;836G82905et-140;Felga 8x36 8/330/290,5/ET-140 Grasdorf;A60;;2010.00;2010.00;2472.30;2472.30;23;23.00;PLN;Felgi;Grasdorf;;2.0000;;https://static.abstore.pl/img/grasdorf/93a8c97c-77a8-4b48-9ae2-71b91c5cf0dc/l/felga-8x36-8%252F330%252F290-5%252Fet-140-grasdorf.jpg,https://static.abstore.pl/img/grasdorf/1a17d1d1-3f05-4baa-905c-e62c9f8b95be/l/felga-8x36-8%252F330%252F290-5%252Fet-140-grasdorf.jpg,https://static.abstore.pl/img/grasdorf/f5b79b86-ca46-4f6f-ab73-86d846024356/l/felga-8x36-8%252F330%252F290-5%252Fet-140-grasdorf.jpg;nowa;;;;;;;;;36;368;836G82905et-140;
5187;7797;;1036G8221et+71;Felga 10x36 8/275/221/ET+71 Grasdorf;B361;;2280.00;2280.00;2804.40;2804.40;23;23.00;PLN;Felgi;Grasdorf;;2.0000;;https://static.abstore.pl/img/grasdorf/beb21fb7-093d-4ca2-8199-f3997b47b909/l/felga-10x36-8%252F275%252F221%252Fet-71-grasdorf.jpg,https://static.abstore.pl/img/grasdorf/e74c4250-e2e0-4a18-a99a-6b874d0c8d2b/l/felga-10x36-8%252F275%252F221%252Fet-71-grasdorf.jpg,https://static.abstore.pl/img/grasdorf/2afc29ef-9c97-4feb-a9f1-522b84a16486/l/felga-10x36-8%252F275%252F221%252Fet-71-grasdorf.jpg;nowa;;;;;;;;;36;3610;1036G8221et+71;
5218;7828;;844G81526et+104;Felga 8x44 8/203,2/152,6/ET+104 Grasdorf;A22;;2260.00;2260.00;2779.80;2779.80;23;23.00;PLN;Felgi;Grasdorf;;2.0000;;https://static.abstore.pl/img/grasdorf/49c0dc0e-9666-4ce1-a6af-6c9248873caf/l/felga-8x44-8%252F203-2%252F152-6%252Fet-104-grasdorf.jpg,https://static.abstore.pl/img/grasdorf/80601bc5-c181-4b1e-8698-507b063654c3/l/felga-8x44-8%252F203-2%252F152-6%252Fet-104-grasdorf.jpg,https://static.abstore.pl/img/grasdorf/5c71c592-15f1-4166-a6b2-adc9380ff994/l/felga-8x44-8%252F203-2%252F152-6%252Fet-104-grasdorf.jpg;nowa;;;;;;;;;44;448;844G81526et+104;
5220;7830;;1046G8221et+150;Felga 10x46 8/275/221/ET+150 Grasdorf;A75;;830.00;830.00;1020.90;1020.90;23;23.00;PLN;Felgi;Grasdorf;;1.0000;;https://static.abstore.pl/img/grasdorf/a5dbfaae-fe6b-4938-b6f6-efefbefadce0/l/felga-10x46-8%252F275%252F221%252Fet-150-grasdorf.jpg,https://static.abstore.pl/img/grasdorf/cfaba107-53f3-47b8-a245-2ab5d4c66436/l/felga-10x46-8%252F275%252F221%252Fet-150-grasdorf.jpg,https://static.abstore.pl/img/grasdorf/0e404248-608d-47f2-9b3f-3848bd21db41/l/felga-10x46-8%252F275%252F221%252Fet-150-grasdorf.jpg,https://static.abstore.pl/img/grasdorf/04cb50ba-ef74-41af-b1bd-d93dee100d6f/l/felga-10x46-8%252F275%252F221%252Fet-150-grasdorf.jpg;nowa;;;;;;;;;46;4610;1046G8221et+150;
5242;7852;;816J6135et+6demo;Felga 8x16 6/170/135/ET+6 Jantsa C977;demo NH;;1000.00;1000.00;1230.00;1230.00;23;23.00;PLN;Felgi;Jantsa;;2.0000;;https://static.abstore.pl/img/grasdorf/fa2d0a90-1d41-4521-8fbe-06e81f4086d5/l/felga-8x16-6%252F170%252F135%252Fet-6-jantsa-c977.jpg,https://static.abstore.pl/img/grasdorf/2be548fb-fd3b-47e3-9dd3-d91d2ea6ef4a/l/felga-8x16-6%252F170%252F135%252Fet-6-jantsa-c977.jpg,https://static.abstore.pl/img/grasdorf/93360373-83ac-483c-8751-5eb231dc4e5e/l/felga-8x16-6%252F170%252F135%252Fet-6-jantsa-c977.jpg;demo;;;;;;;;;16;168;816J6135et+6demo;
5222;7832;;1046G81526et-225używ;Felga 10x46 8/203,2/152,6/ET-22,5;Grasdorf B905 używana;;4140.00;4140.00;5092.20;5092.20;23;23.00;PLN;Felgi;Grasdorf;;2.0000;;https://static.abstore.pl/img/grasdorf/5287cdf2-32b0-4d3f-9559-f99d17b3a809/l/felga-10x46-8%252F203-2%252F152-6%252Fet-22-5.jpg,https://static.abstore.pl/img/grasdorf/5816bf06-442e-4164-bb16-18b88c646c73/l/felga-10x46-8%252F203-2%252F152-6%252Fet-22-5.jpg,https://static.abstore.pl/img/grasdorf/9946c9c1-d38c-4a85-a683-c6ce5eb4802f/l/felga-10x46-8%252F203-2%252F152-6%252Fet-22-5.jpg;używana;;;;;;;;;46;4610;1046G81526et-225używ;
5448;8063;;24225P10281et-50;Felga 24x22.5 10/335/281/ET-50 Pronar;225.24.101;;1370.00;1370.00;1685.10;1685.10;23;23.00;PLN;Felgi;Pronar;;1.0000;;https://static.abstore.pl/img/grasdorf/845423ce-609e-4454-89c7-076d055da91b/l/felga-24x22-5-10%252F335%252F281%252Fet-50-pronar.jpg,https://static.abstore.pl/img/grasdorf/bd3cdd91-9cb1-4208-91a2-c6df40603bfa/l/felga-24x22-5-10%252F335%252F281%252Fet-50-pronar.jpg,https://static.abstore.pl/img/grasdorf/ab4ead82-3905-4254-911e-99202896ffd2/l/felga-24x22-5-10%252F335%252F281%252Fet-50-pronar.jpg,https://static.abstore.pl/img/grasdorf/eef52d28-7137-4325-91af-1cb4b448d686/l/felga-24x22-5-10%252F335%252F281%252Fet-50-pronar.jpg,https://static.abstore.pl/img/grasdorf/5c3d537c-a7b0-463b-9022-58c29ac5a8d5/l/felga-24x22-5-10%252F335%252F281%252Fet-50-pronar.jpg,https://static.abstore.pl/img/grasdorf/1dae32d3-eb81-4470-a3cd-c8d6fcc6630a/l/felga-24x22-5-10%252F335%252F281%252Fet-50-pronar.jpg,https://static.abstore.pl/img/grasdorf/a0b05844-fbcd-4ac9-8c16-f5133ed93089/l/felga-24x22-5-10%252F335%252F281%252Fet-50-pronar.jpg;nowa;;;;;;;;;22.5;2400225;24225P10281et-50;
5264;7874;;1524J8221et-50;Felga 15x24 8/275/221/ET-50 Jantsa 24166;;;1280.00;1280.00;1574.40;1574.40;23;23.00;PLN;Felgi;Jantsa;;4.0000;;https://static.abstore.pl/img/grasdorf/01f35d5d-1ce0-4d32-8fdf-35e22bf3be77/l/felga-15x24-8%252F275%252F221%252Fet-50-jantsa-24166.jpg,https://static.abstore.pl/img/grasdorf/64190dd4-8fed-46c1-83ef-99efddef99fd/l/felga-15x24-8%252F275%252F221%252Fet-50-jantsa-24166.jpg,https://static.abstore.pl/img/grasdorf/617396d4-f409-423e-b566-959c97a822f0/l/felga-15x24-8%252F275%252F221%252Fet-50-jantsa-24166.jpg;nowa;;;;;;;;;24;2415;1524J8221et-50;
5302;7912;;20265J8221et-50;Felga 20x26.5 8/275/221/ET-50 Jantsa;200291;;1190.00;1190.00;1463.70;1463.70;23;23.00;PLN;Felgi;Jantsa;;2.0000;;https://static.abstore.pl/img/grasdorf/0a01d4a3-3e54-48b6-8de0-9e97195467b7/l/felga-20x26-5-8%252F275%252F221%252Fet-50-jantsa.jpg,https://static.abstore.pl/img/grasdorf/77dfc06c-771b-4c09-aedd-21904f1f0dc2/l/felga-20x26-5-8%252F275%252F221%252Fet-50-jantsa.jpg,https://static.abstore.pl/img/grasdorf/72938218-c48d-435d-ac46-9d42e54c7e44/l/felga-20x26-5-8%252F275%252F221%252Fet-50-jantsa.jpg;nowa;;;;;;;;;26.5;2000265;20265J8221et-50;
5322;7932;;920N81526et-25;Felga 9x20 8/203,2/152,6/ET-25 NDI D183;;;1400.00;1400.00;1722.00;1722.00;23;23.00;PLN;Felgi;NDI;;2.0000;;https://static.abstore.pl/img/grasdorf/71dff591-7758-45e6-b7e0-f901b6f19fae/l/felga-9x20-8%252F203-2%252F152-6%252Fet-25-ndi-d183.jpg,https://static.abstore.pl/img/grasdorf/b84b76a9-0e05-45c2-a639-6859db2dc13b/l/felga-9x20-8%252F203-2%252F152-6%252Fet-25-ndi-d183.jpg,https://static.abstore.pl/img/grasdorf/91b9e3ed-4ffa-473e-960b-a46cdc2947c7/l/felga-9x20-8%252F203-2%252F152-6%252Fet-25-ndi-d183.jpg;nowa;;;;;;;;;20;209;920N81526et-25;
5338;7948;;1528N81526et-154;Felga 15x28 8/203,2/152,6/ET-154 NDI;B919;;1390.00;1390.00;1709.70;1709.70;23;23.00;PLN;Felgi;NDI;;2.0000;;https://static.abstore.pl/img/grasdorf/1348b55b-3d4b-457f-b000-16ae09940209/l/felga-15x28-8%252F203-2%252F152-6%252Fet-154-ndi.jpg,https://static.abstore.pl/img/grasdorf/3ca30daa-8069-4177-929a-b3cea4ff3b64/l/felga-15x28-8%252F203-2%252F152-6%252Fet-154-ndi.jpg,https://static.abstore.pl/img/grasdorf/a4a383a5-b5a2-4fbf-a4bd-04a0333e7787/l/felga-15x28-8%252F203-2%252F152-6%252Fet-154-ndi.jpg;nowa;;;;;;;;;28;2815;1528N81526et-154;
5360;7970;;842N81501et-9;Felga 8x42 8/203,2/150,1/ET-9 NDI A215;;;2350.00;2350.00;2890.50;2890.50;23;23.00;PLN;Felgi;NDI;;2.0000;;https://static.abstore.pl/img/grasdorf/d4b4cf8e-b294-4a45-8d36-fa6be6679775/l/felga-8x42-8%252F203-2%252F150-1%252Fet-9-ndi-a215.jpg,https://static.abstore.pl/img/grasdorf/2c737a0c-bc5e-49cb-b62a-5126d9a82d92/l/felga-8x42-8%252F203-2%252F150-1%252Fet-9-ndi-a215.jpg,https://static.abstore.pl/img/grasdorf/2a1ccf17-42b8-47de-b4c7-095c9fcca201/l/felga-8x42-8%252F203-2%252F150-1%252Fet-9-ndi-a215.jpg;nowa;;;;;;;;;42;428;842N81501et-9;
5380;7990;;848N81526et-225;Felga 8x48 8/203,2/152,6/ET-22,5 NDI;D227;;3800.00;3800.00;4674.00;4674.00;23;23.00;PLN;Felgi;NDI;;2.0000;;https://static.abstore.pl/img/grasdorf/5548016f-d5ab-4432-9db1-7148c3c62183/l/felga-8x48-8%252F203-2%252F152-6%252Fet-22-5-ndi.jpg,https://static.abstore.pl/img/grasdorf/549a0363-7d07-4906-9884-090d89988726/l/felga-8x48-8%252F203-2%252F152-6%252Fet-22-5-ndi.jpg,https://static.abstore.pl/img/grasdorf/313d311e-7a2b-452b-9b24-afd3c557613c/l/felga-8x48-8%252F203-2%252F152-6%252Fet-22-5-ndi.jpg;nowa;;;;;;;;;48;488;848N81526et-225;
5918;8553;;97516516597532;Felga 9.75x16.5 6/170/135/ET+25 Pronar;165.975.32 Zetor Utilix D896;;490.00;490.00;602.70;602.70;23;23.00;PLN;Felgi;Pronar;;4.0000;;https://static.abstore.pl/img/grasdorf/3b62e9a6-de69-45bf-877d-0120cc44ef67/l/felga-9-75x16-5-6%252F170%252F135%252Fet-25-pronar.jpg,https://static.abstore.pl/img/grasdorf/88ad506c-ea34-4841-838f-72251fbfac33/l/felga-9-75x16-5-6%252F170%252F135%252Fet-25-pronar.jpg,https://static.abstore.pl/img/grasdorf/4136dc92-0473-478c-9794-2f73c3edae37/l/felga-9-75x16-5-6%252F170%252F135%252Fet-25-pronar.jpg;demo;;;;;;;;;16.5;165975;97516516597532;
5917;8560;;12286170135d894;Felga 12x28 6/170/135/ET-88 NDI D894;Kubota;;1810.00;1810.00;2226.30;2226.30;23;23.00;PLN;Felgi;NDI;;2.0000;;https://static.abstore.pl/img/grasdorf/0f0071c1-4dc3-462c-bef4-5c5d09b2e11a/l/felga-12x28-6%252F170%252F135%252Fet-88-ndi-d894.jpg,https://static.abstore.pl/img/grasdorf/580fff7e-084e-4272-a2f0-3ffed3692559/l/felga-12x28-6%252F170%252F135%252Fet-88-ndi-d894.jpg,https://static.abstore.pl/img/grasdorf/f81f6370-7d46-453e-a211-313280ace07b/l/felga-12x28-6%252F170%252F135%252Fet-88-ndi-d894.jpg;nowa;;;;;;;;;28;2812;12286170135d894;
5418;8030;;2732P8221et-25demo;Felga 27x32 8/275/221/ET-25 Pronar;32.27.13 D838 demo;;2440.00;2440.00;3001.20;3001.20;23;23.00;PLN;Felgi;Pronar;;2.0000;;https://static.abstore.pl/img/grasdorf/281d6bbd-122f-452b-989d-ee7b62a228b4/l/felga-27x32-8%252F275%252F221%252Fet-25-pronar.jpg,https://static.abstore.pl/img/grasdorf/109d9302-1214-481c-89c8-153333de4145/l/felga-27x32-8%252F275%252F221%252Fet-25-pronar.jpg,https://static.abstore.pl/img/grasdorf/d82e7a03-6528-4a54-a943-6c69399a6f3d/l/felga-27x32-8%252F275%252F221%252Fet-25-pronar.jpg;demo;;;;;;;;;32;3227;2732P8221et-25demo;
5919;8554;;1524241580;Felga 15x24 6/205/161/ET-80 Pronar;24.15.80 Zetor Utilix D898;;830.00;830.00;1020.90;1020.90;23;23.00;PLN;Felgi;Pronar;;1.0000;;https://static.abstore.pl/img/grasdorf/eb924abf-d0c2-4fde-8752-b36a7ddb6f0a/l/felga-15x24-6%252F205%252F161%252Fet-80-pronar.jpg,https://static.abstore.pl/img/grasdorf/4beedb78-cd99-4e53-83a4-46e44b39e72f/l/felga-15x24-6%252F205%252F161%252Fet-80-pronar.jpg,https://static.abstore.pl/img/grasdorf/51ff32c2-0e2f-470b-b848-c80f09d7c299/l/felga-15x24-6%252F205%252F161%252Fet-80-pronar.jpg;demo;;;;;;;;;24;2415;1524241580;
5436;8051;;13155P6161et-70używ;Felga 13x15.5 6/205/161/ET-70 Pronar;155.13.15 używana;;210.00;210.00;258.30;258.30;23;23.00;PLN;Felgi;Pronar;;1.0000;;https://static.abstore.pl/img/grasdorf/8ddcddb6-5fc6-41f5-baeb-66ac18b2a9c3/l/felga-13x15-5-6%252F205%252F161%252Fet-70-pronar.jpg,https://static.abstore.pl/img/grasdorf/f45e8130-16c8-4bf0-a976-46948a2b7b5a/l/felga-13x15-5-6%252F205%252F161%252Fet-70-pronar.jpg,https://static.abstore.pl/img/grasdorf/e608b3a5-f2c7-4ba7-a202-af49e8864416/l/felga-13x15-5-6%252F205%252F161%252Fet-70-pronar.jpg,https://static.abstore.pl/img/grasdorf/43c75a91-f5bc-4029-b807-fc8034322395/l/felga-13x15-5-6%252F205%252F161%252Fet-70-pronar.jpg;używana;;;;;;;;;15.5;1300155;13155P6161et-70używ;
5465;8080;;1315567et-50demos881;Felga 13x15 5/112/67/ET-50 demo Starco;S881 Weidemann;;590.00;590.00;725.70;725.70;23;23.00;PLN;Felgi;Starco;;4.0000;;https://static.abstore.pl/img/grasdorf/9711dc32-d8aa-40cc-a765-4c0d25578f44/l/felga-13x15-5%252F112%252F67%252Fet-50-demo-starco.jpg,https://static.abstore.pl/img/grasdorf/4bbcacf3-dfff-4926-a8a7-125ae1acabfc/l/felga-13x15-5%252F112%252F67%252Fet-50-demo-starco.jpg,https://static.abstore.pl/img/grasdorf/0928069a-7adf-4212-b219-a616e1b27310/l/felga-13x15-5%252F112%252F67%252Fet-50-demo-starco.jpg;demo;;;;;;;;;15;130015;1315567et-50demos881;
5462;8077;;42512690et-57;Felga 4.25x12 6/120/90/ET-57 D558;;;390.00;390.00;479.70;479.70;23;23.00;PLN;Felgi;;;2.0000;;https://static.abstore.pl/img/grasdorf/24932c66-ca63-4e79-8d42-8fdcf6d377fe/l/felga-4-25x12-6%252F120%252F90%252Fet-57-d558.jpg,https://static.abstore.pl/img/grasdorf/438febfe-9dbe-4175-a0d5-19e43cafd3a9/l/felga-4-25x12-6%252F120%252F90%252Fet-57-d558.jpg,https://static.abstore.pl/img/grasdorf/bd70b066-261c-4405-bac5-31357ca1bf94/l/felga-4-25x12-6%252F120%252F90%252Fet-57-d558.jpg,https://static.abstore.pl/img/grasdorf/b41d77af-a776-464f-a168-1f528d914d67/l/felga-4-25x12-6%252F120%252F90%252Fet-57-d558.jpg;nowa;;;;;;;;;12;12425;42512690et-57;
5469;8084;;55166161et+5demo;Felga 5.5x16 6/205/161/ET+5 demo S445;;;180.00;180.00;221.40;221.40;23;23.00;PLN;Felgi;;;2.0000;;https://static.abstore.pl/img/grasdorf/3b9e981d-ac23-440e-b29e-435288438448/l/felga-5-5x16-6%252F205%252F161%252Fet-5-demo-s445.jpg,https://static.abstore.pl/img/grasdorf/6d764aa5-8d9f-45e5-a026-93751c164a68/l/felga-5-5x16-6%252F205%252F161%252Fet-5-demo-s445.jpg,https://static.abstore.pl/img/grasdorf/858a423c-8bdc-44d4-9dc1-b7b779891db2/l/felga-5-5x16-6%252F205%252F161%252Fet-5-demo-s445.jpg,https://static.abstore.pl/img/grasdorf/31dc7bbb-6a57-47c0-8b46-e448679c76db/l/felga-5-5x16-6%252F205%252F161%252Fet-5-demo-s445.jpg,https://static.abstore.pl/img/grasdorf/1a6ddb90-b177-4658-b6f5-e620cd6b9e42/l/felga-5-5x16-6%252F205%252F161%252Fet-5-demo-s445.jpg;demo;;;;;;;;;16;55016;55166161et+5demo;
5478;8093;;14206250etregdemo;Felga 14x20 6/285/250/regulowana C433;demo NH;;730.00;730.00;897.90;897.90;23;23.00;PLN;Felgi;;;1.0000;;https://static.abstore.pl/img/grasdorf/2f797a22-2116-4e8a-9baa-15363397e136/l/felga-14x20-6%252F285%252F250%252Fregulowana-c433.jpg,https://static.abstore.pl/img/grasdorf/a5871fe2-b154-4336-9301-dec37dc8111e/l/felga-14x20-6%252F285%252F250%252Fregulowana-c433.jpg,https://static.abstore.pl/img/grasdorf/2f73b68f-f04c-4021-b852-5376df2e7845/l/felga-14x20-6%252F285%252F250%252Fregulowana-c433.jpg;demo;;;;;;;;;20;140020;14206250etregdemo;
5496;8111;;13288221et-215używ;Felga 13x28 8/275/221/ET-215 D824;używana;;1200.00;1200.00;1476.00;1476.00;23;23.00;PLN;Felgi;;;1.0000;;https://static.abstore.pl/img/grasdorf/fc450dbe-8ffd-44de-84ad-7133964ba3ad/l/felga-13x28-8%252F275%252F221%252Fet-215-d824.jpg,https://static.abstore.pl/img/grasdorf/e8a0f2a6-74d1-4d19-832d-cf4cc5a558ba/l/felga-13x28-8%252F275%252F221%252Fet-215-d824.jpg,https://static.abstore.pl/img/grasdorf/24ad3e17-ee3b-4cc2-82e8-3d7574d5a95e/l/felga-13x28-8%252F275%252F221%252Fet-215-d824.jpg;używana;;;;;;;;;28;2813;13288221et-215używ;
5923;8570;;16428275221d938;Felga 16x42 8/275/221/ET-205 D938;;;2430.00;2430.00;2988.90;2988.90;23;23.00;PLN;Felgi;;;2.0000;;https://static.abstore.pl/img/grasdorf/1127795d-6d51-4862-a350-5294e57ec8e7/l/felga-16x42-8%252F275%252F221%252Fet-205-d938.jpg,https://static.abstore.pl/img/grasdorf/b318fcf2-1f7a-4c42-8b12-ff613eff995e/l/felga-16x42-8%252F275%252F221%252Fet-205-d938.jpg,https://static.abstore.pl/img/grasdorf/08859ecf-1a22-412f-aac6-dc0220cebed4/l/felga-16x42-8%252F275%252F221%252Fet-205-d938.jpg;nowa;;;;;;;;;42;4216;16428275221d938;
5504;8119;;122881526etreg;Felga 12x28 8/203,2/152,6/regulowana;C183;;700.00;700.00;861.00;861.00;23;23.00;PLN;Felgi;;;1.0000;;https://static.abstore.pl/img/grasdorf/f2b3be97-615a-4c3e-b938-7a27afd8bb31/l/felga-12x28-8%252F203-2%252F152-6%252Fregulowana.jpg,https://static.abstore.pl/img/grasdorf/f1cf2fb1-e125-4d9c-b788-b64fac511b3d/l/felga-12x28-8%252F203-2%252F152-6%252Fregulowana.jpg,https://static.abstore.pl/img/grasdorf/13ea156f-6729-4cee-9378-a57e9e04fe33/l/felga-12x28-8%252F203-2%252F152-6%252Fregulowana.jpg;nowa;;;;;;;;;28;2812;122881526etreg;
5511;8126;;123082905et+47używ;Felga 12x30 8/330/290,5/ET+47 A47;używana;;990.00;990.00;1217.70;1217.70;23;23.00;PLN;Felgi;;;2.0000;;https://static.abstore.pl/img/grasdorf/dbf1d403-a870-4913-9718-3f616c6164c6/l/felga-12x30-8%252F330%252F290-5%252Fet-47-a47.jpg,https://static.abstore.pl/img/grasdorf/a8d93764-fb14-406c-9a1e-658370e008fb/l/felga-12x30-8%252F330%252F290-5%252Fet-47-a47.jpg,https://static.abstore.pl/img/grasdorf/e49bb8b3-17d4-498a-94a4-f04d6eda560d/l/felga-12x30-8%252F330%252F290-5%252Fet-47-a47.jpg;używana;;;;;;;;;30;3012;123082905et+47używ;
5541;8157;;18348221et-42demo;Felga 18x34 8/275/221/ET-42 C851 demo;Fendt;;2200.00;2200.00;2706.00;2706.00;23;23.00;PLN;Felgi;;;8.0000;;https://static.abstore.pl/img/grasdorf/bfb48ce2-5f7c-4fd0-ad92-cb4ce9586667/l/felga-18x34-8%252F275%252F221%252Fet-42-c851-demo.jpg,https://static.abstore.pl/img/grasdorf/434869a1-c43a-4c34-8278-73ec94677221/l/felga-18x34-8%252F275%252F221%252Fet-42-c851-demo.jpg,https://static.abstore.pl/img/grasdorf/17074c7e-6344-43ad-8a49-724fe4337d0b/l/felga-18x34-8%252F275%252F221%252Fet-42-c851-demo.jpg,https://static.abstore.pl/img/grasdorf/237b3be8-e4f3-4ccd-957f-4a02aa6443af/l/felga-18x34-8%252F275%252F221%252Fet-42-c851-demo.jpg,https://static.abstore.pl/img/grasdorf/74dc0c36-b6c6-45f4-af93-5629b090c0b2/l/felga-18x34-8%252F275%252F221%252Fet-42-c851-demo.jpg;demo;;;;;;;;;34;3418;18348221et-42demo;
5556;8172;;183810281et+110używ;Felga 18x38 10/335/281/ET+110 D798;używana;;1230.00;1230.00;1512.90;1512.90;23;23.00;PLN;Felgi;;;2.0000;;https://static.abstore.pl/img/grasdorf/13bdc44e-3180-4164-8065-0eeb0247394a/l/felga-18x38-10%252F335%252F281%252Fet-110-d798.jpg,https://static.abstore.pl/img/grasdorf/aa5c5f1d-6e54-4557-82c3-72126dd423b3/l/felga-18x38-10%252F335%252F281%252Fet-110-d798.jpg,https://static.abstore.pl/img/grasdorf/b37976f0-b596-4712-9ed6-10df62ea4d4d/l/felga-18x38-10%252F335%252F281%252Fet-110-d798.jpg;używana;;;;;;;;;38;3818;183810281et+110używ;
5558;8174;;8428221et-100;Felga 8x42 8/275/221/ET-100 C297;;;2350.00;2350.00;2890.50;2890.50;23;23.00;PLN;Felgi;;;2.0000;;https://static.abstore.pl/img/grasdorf/8294c345-e6f6-4c3e-8f0c-346fa0968e3e/l/felga-8x42-8%252F275%252F221%252Fet-100-c297.jpg,https://static.abstore.pl/img/grasdorf/acde9f1a-7d79-4fb0-98b1-58aa89e35cd8/l/felga-8x42-8%252F275%252F221%252Fet-100-c297.jpg,https://static.abstore.pl/img/grasdorf/49a1ec07-f696-4f36-9810-a826af432de8/l/felga-8x42-8%252F275%252F221%252Fet-100-c297.jpg;nowa;;;;;;;;;42;428;8428221et-100;
5562;8178;;184210281et+10używ;Felga 18x42 10/335/281/ET+10 D180;używana;;930.00;930.00;1143.90;1143.90;23;23.00;PLN;Felgi;;;1.0000;;https://static.abstore.pl/img/grasdorf/791d22c2-68a4-4da0-a5bc-58f88dcda237/l/felga-18x42-10%252F335%252F281%252Fet-10-d180.jpg,https://static.abstore.pl/img/grasdorf/14b7858d-aa25-4cc6-8ea4-401c2e64e23a/l/felga-18x42-10%252F335%252F281%252Fet-10-d180.jpg,https://static.abstore.pl/img/grasdorf/b6dc6d29-6951-4fca-b878-ac90cb52f9b8/l/felga-18x42-10%252F335%252F281%252Fet-10-d180.jpg,https://static.abstore.pl/img/grasdorf/7a58cbc5-0961-4f12-832b-d2228db31da9/l/felga-18x42-10%252F335%252F281%252Fet-10-d180.jpg;używana;;;;;;;;;42;4218;184210281et+10używ;
5581;8198;;1238G8221et+135969;Felga 12x38 8/275/221/ET+135 Grasdorf;C969;;3330.00;3330.00;4095.90;4095.90;23;23.00;PLN;Felgi;Grasdorf;;2.0000;;https://static.abstore.pl/img/grasdorf/0e11d95d-07e3-42bc-b62b-15012b83a4cc/l/felga-12x38-8%252F275%252F221%252Fet-135-grasdorf.jpg,https://static.abstore.pl/img/grasdorf/37657824-2fe1-4fba-a8cf-30db19005e21/l/felga-12x38-8%252F275%252F221%252Fet-135-grasdorf.jpg,https://static.abstore.pl/img/grasdorf/a1ccee97-b7ad-419d-9a63-672bb894c2e1/l/felga-12x38-8%252F275%252F221%252Fet-135-grasdorf.jpg;nowa;;;;;;;;;38;3812;1238G8221et+135969;
5580;8197;;242658221et+15;Felga 24x26.5 8/275/221/ET+15 S84;;;1990.00;1990.00;2447.70;2447.70;23;23.00;PLN;Felgi;;;1.0000;;https://static.abstore.pl/img/grasdorf/e25de4f8-7990-4d0e-9f91-1ac4f364900c/l/felga-24x26-5-8%252F275%252F221%252Fet-15-s84.jpg,https://static.abstore.pl/img/grasdorf/6fe79414-57c2-4c1e-99b1-15c7e127f686/l/felga-24x26-5-8%252F275%252F221%252Fet-15-s84.jpg,https://static.abstore.pl/img/grasdorf/e6308f92-8bba-46ec-8b13-816fba6f374e/l/felga-24x26-5-8%252F275%252F221%252Fet-15-s84.jpg;nowa;;;;;;;;;26.5;2400265;242658221et+15;
5589;8206;;1617J6161et0160272;Felga 16x17 6/205/161/ET0 Jantsa 160272;leśna;;540.00;540.00;664.20;664.20;23;23.00;PLN;Felgi;Jantsa;;1.0000;;https://static.abstore.pl/img/grasdorf/217a30ff-3180-412b-ad4e-175f5c740b90/l/felga-16x17-6%252F205%252F161%252Fet0-jantsa-160272.jpg,https://static.abstore.pl/img/grasdorf/2d26c84f-2e31-4dd4-9e33-c0ac6335bab1/l/felga-16x17-6%252F205%252F161%252Fet0-jantsa-160272.jpg,https://static.abstore.pl/img/grasdorf/49094644-5bdd-4bf1-9182-d3f171dc3ac8/l/felga-16x17-6%252F205%252F161%252Fet0-jantsa-160272.jpg;nowa;;;;;;;;;17;160017;1617J6161et0160272;
5602;8220;;1175225J10281et01177;Felga 11.75x22.5 10/335/281/ET0 Jantsa;117755;;540.00;540.00;664.20;664.20;23;23.00;PLN;Felgi;Jantsa;;2.0000;;https://static.abstore.pl/img/grasdorf/441334a8-9f1d-4a41-a555-d37c439821b3/l/felga-11-75x22-5-10%252F335%252F281%252Fet0-jantsa.jpg,https://static.abstore.pl/img/grasdorf/ab540be3-e463-449f-b301-e8d6c9ffbe9a/l/felga-11-75x22-5-10%252F335%252F281%252Fet0-jantsa.jpg,https://static.abstore.pl/img/grasdorf/129b0b09-83e3-40db-92a7-d16e3d2b75df/l/felga-11-75x22-5-10%252F335%252F281%252Fet0-jantsa.jpg,https://static.abstore.pl/img/grasdorf/c07ff107-9dc5-4eee-b119-b97bfb281156/l/felga-11-75x22-5-10%252F335%252F281%252Fet0-jantsa.jpg;nowa;;;;;;;;;22.5;2251175;1175225J10281et01177;
5273;7883;;836J6161et+50;Felga 8x36 6/205/161/ET+50 Jantsa 36806;;;1260.00;1260.00;1549.80;1549.80;23;23.00;PLN;Felgi;Jantsa;;2.0000;;https://static.abstore.pl/img/grasdorf/f5554248-07c0-462c-8127-9476bb1bf1ba/l/felga-8x36-6%252F205%252F161%252Fet-50-jantsa-36806.jpg,https://static.abstore.pl/img/grasdorf/fa351c4e-1deb-4396-a1d0-8704c4864b29/l/felga-8x36-6%252F205%252F161%252Fet-50-jantsa-36806.jpg,https://static.abstore.pl/img/grasdorf/635952c1-6041-4a2c-b1c2-aa00ad02a185/l/felga-8x36-6%252F205%252F161%252Fet-50-jantsa-36806.jpg,https://static.abstore.pl/img/grasdorf/49222536-b4c0-45c1-8538-de20c566d1cb/l/felga-8x36-6%252F205%252F161%252Fet-50-jantsa-36806.jpg,https://static.abstore.pl/img/grasdorf/f27419f7-106f-4739-a0ed-d26788fca223/l/felga-8x36-6%252F205%252F161%252Fet-50-jantsa-36806.jpg,https://static.abstore.pl/img/grasdorf/c950c21b-1136-4254-a2b1-918a9098cb76/l/felga-8x36-6%252F205%252F161%252Fet-50-jantsa-36806.jpg;nowa;;;;;;;;;36;368;836J6161et+50;
5377;7987;;1246N81526et-124;Felga 12x46 8/203,2/152,6/ET-124 NDI;D660;;4340.00;4340.00;5338.20;5338.20;23;23.00;PLN;Felgi;NDI;;2.0000;;https://static.abstore.pl/img/grasdorf/5bf7a7f6-5ea0-42e8-948c-3fd39715e5a5/l/felga-12x46-8%252F203-2%252F152-6%252Fet-124-ndi.jpg,https://static.abstore.pl/img/grasdorf/879a1e16-5e5e-4ce3-80d0-b1d3de29cac0/l/felga-12x46-8%252F203-2%252F152-6%252Fet-124-ndi.jpg,https://static.abstore.pl/img/grasdorf/771941b0-bc7e-4917-a4e8-28e99c642950/l/felga-12x46-8%252F203-2%252F152-6%252Fet-124-ndi.jpg,https://static.abstore.pl/img/grasdorf/b68c5c44-79a0-4448-bb0c-d56ab8598fae/l/felga-12x46-8%252F203-2%252F152-6%252Fet-124-ndi.jpg;nowa;;;;;;;;;46;4612;1246N81526et-124;
5375;7985;;1246N8221et-10;Felga 12x46 8/275/221/ET-10 NDI D725;;;3480.00;3480.00;4280.40;4280.40;23;23.00;PLN;Felgi;NDI;;2.0000;;https://static.abstore.pl/img/grasdorf/ea8654cb-26f9-4e62-97d1-25d0c94a950e/l/felga-12x46-8%252F275%252F221%252Fet-10-ndi-d725.jpg,https://static.abstore.pl/img/grasdorf/dd058b09-c28c-43b6-b861-d82461eeed94/l/felga-12x46-8%252F275%252F221%252Fet-10-ndi-d725.jpg,https://static.abstore.pl/img/grasdorf/f2e72bfe-ab12-47b1-a6a9-ab0fe866ecce/l/felga-12x46-8%252F275%252F221%252Fet-10-ndi-d725.jpg;nowa;;;;;;;;;46;4612;1246N8221et-10;
5317;7927;;615N6110et-57;Felga 6x15 6/150/110/ET-57 NDI D40;;;660.00;660.00;811.80;811.80;23;23.00;PLN;Felgi;NDI;;2.0000;;https://static.abstore.pl/img/grasdorf/83ad52d0-ac0c-4b75-ab85-ac82f38f5a95/l/felga-6x15-6%252F150%252F110%252Fet-57-ndi-d40.jpg,https://static.abstore.pl/img/grasdorf/a4d93ed5-9413-4302-9d11-27825faae23c/l/felga-6x15-6%252F150%252F110%252Fet-57-ndi-d40.jpg,https://static.abstore.pl/img/grasdorf/1e8be87a-e365-4950-87fd-1a29a6f92194/l/felga-6x15-6%252F150%252F110%252Fet-57-ndi-d40.jpg;nowa;;;;;;;;;15;60015;615N6110et-57;
5258;7868;;918J6161et0;Felga 9x18 6/205/161/ET0 Jantsa 18931;;;510.00;510.00;627.30;627.30;23;23.00;PLN;Felgi;Jantsa;;3.0000;;https://static.abstore.pl/img/grasdorf/b45dabde-4693-48b4-be71-ed07ff68922d/l/felga-9x18-6%252F205%252F161%252Fet0-jantsa-18931.jpg,https://static.abstore.pl/img/grasdorf/54eaa553-51da-4e6f-aa9d-e8a07e84d9f5/l/felga-9x18-6%252F205%252F161%252Fet0-jantsa-18931.jpg,https://static.abstore.pl/img/grasdorf/5bdfcfe0-ed4e-4e9c-9268-1d7df43cc591/l/felga-9x18-6%252F205%252F161%252Fet0-jantsa-18931.jpg;nowa;;;;;;;;;18;90018;918J6161et0;
5587;8204;;1617J6161et0160230;Felga 16x17 6/205/161/ET0 Jantsa 160230;;;480.00;480.00;590.40;590.40;23;23.00;PLN;Felgi;Jantsa;;12.0000;;https://static.abstore.pl/img/grasdorf/2a85be18-ebfe-423d-99b2-31d84a2afa85/l/felga-16x17-6%252F205%252F161%252Fet0-jantsa-160230.jpg,https://static.abstore.pl/img/grasdorf/90425b3f-abdb-4433-8dbb-f6906817f2a8/l/felga-16x17-6%252F205%252F161%252Fet0-jantsa-160230.jpg,https://static.abstore.pl/img/grasdorf/131151fc-189f-400a-9c88-6d2b5ddbd070/l/felga-16x17-6%252F205%252F161%252Fet0-jantsa-160230.jpg;nowa;;;;;;;;;17;160017;1617J6161et0160230;
5576;8193;;161556161et0używ;Felga 16x15.5 6/205/161/ET0 używana S327;;;290.00;290.00;356.70;356.70;23;23.00;PLN;Felgi;;;1.0000;;https://static.abstore.pl/img/grasdorf/75522fcc-d561-4af8-be8b-75e345bc50f9/l/felga-16x15-5-6%252F205%252F161%252Fet0-uzywana-s327.jpg,https://static.abstore.pl/img/grasdorf/b691b560-71ad-4802-87d9-930c4edf858b/l/felga-16x15-5-6%252F205%252F161%252Fet0-uzywana-s327.jpg,https://static.abstore.pl/img/grasdorf/e6c71fd4-82ec-4102-885c-e34e8eb39b79/l/felga-16x15-5-6%252F205%252F161%252Fet0-uzywana-s327.jpg;używana;;;;;;;;;15.5;1600155;161556161et0używ;
5464;8079;;10156250et+100;Felga 10x15 6/285/250/ET+100 S70;;;490.00;490.00;602.70;602.70;23;23.00;PLN;Felgi;;;2.0000;;https://static.abstore.pl/img/grasdorf/2e5a3841-f944-438c-ba9f-c9a8448e4e3e/l/felga-10x15-6%252F285%252F250%252Fet-100-s70.jpg,https://static.abstore.pl/img/grasdorf/f34c7d1c-7ecd-4687-a596-8fe0a6805e8e/l/felga-10x15-6%252F285%252F250%252Fet-100-s70.jpg;nowa;;;;;;;;;15;1510;10156250et+100;
5185;7795;;836G83625et+40;Felga 8x36 8/405/362,5/ET+40 Grasdorf;A323;;670.00;670.00;824.10;824.10;23;23.00;PLN;Felgi;Grasdorf;;1.0000;;https://static.abstore.pl/img/grasdorf/516f2c0d-9c5e-4099-b3f0-35b9a07806a4/l/felga-8x36-8%252F405%252F362-5%252Fet-40-grasdorf.jpg,https://static.abstore.pl/img/grasdorf/d2150f00-f9b9-4fe1-be83-522edca8b7ae/l/felga-8x36-8%252F405%252F362-5%252Fet-40-grasdorf.jpg,https://static.abstore.pl/img/grasdorf/aaf33fed-1df7-43f6-8595-a18523c9a51d/l/felga-8x36-8%252F405%252F362-5%252Fet-40-grasdorf.jpg;nowa;;;;;;;;;36;368;836G83625et+40;
5407;8017;;1620P6161et-50demo;Felga 16x20 6/205/161/ET-50 Pronar;20.16.22 demo;;670.00;670.00;824.10;824.10;23;23.00;PLN;Felgi;Pronar;;1.0000;;https://static.abstore.pl/img/grasdorf/b693a3e1-763a-4d5f-990a-e8185558015e/l/felga-16x20-6%252F205%252F161%252Fet-50-pronar.jpg,https://static.abstore.pl/img/grasdorf/60eadc91-3357-474a-8b5f-659ca29a6f7d/l/felga-16x20-6%252F205%252F161%252Fet-50-pronar.jpg,https://static.abstore.pl/img/grasdorf/11df59b6-3ecc-40a8-b1dd-4208cdc4a9de/l/felga-16x20-6%252F205%252F161%252Fet-50-pronar.jpg,https://static.abstore.pl/img/grasdorf/b63025e1-507f-492c-bb14-4e8620a07d7f/l/felga-16x20-6%252F205%252F161%252Fet-50-pronar.jpg;demo;;;;;;;;;20;160020;1620P6161et-50demo;
5457;8072;;1530T81501et-113demo;Felga 15x30 8/203,2/150,1/ET-113 Titan;A357 demo Renault;;600.00;600.00;738.00;738.00;23;23.00;PLN;Felgi;Titan;;1.0000;;https://static.abstore.pl/img/grasdorf/ee84c509-d7f2-458b-8341-3f70913edd1e/l/felga-15x30-8%252F203-2%252F150-1%252Fet-113-titan.jpg,https://static.abstore.pl/img/grasdorf/1e88956f-303d-42ce-8e93-1875226f9f83/l/felga-15x30-8%252F203-2%252F150-1%252Fet-113-titan.jpg,https://static.abstore.pl/img/grasdorf/3aee177e-ca98-43c3-ad84-90f35fc6d681/l/felga-15x30-8%252F203-2%252F150-1%252Fet-113-titan.jpg;demo;;;;;;;;;30;3015;1530T81501et-113demo;
5468;8083;;55166135et+40demo;Felga 5.5x16 6/170/135/ET+40 D450 demo;Iseki;;690.00;690.00;848.70;848.70;23;23.00;PLN;Felgi;;;2.0000;;https://static.abstore.pl/img/grasdorf/7a618798-fcde-4d24-b2ec-990762e1cd2b/l/felga-5-5x16-6%252F170%252F135%252Fet-40-d450-demo.jpg,https://static.abstore.pl/img/grasdorf/000d3f2b-dcca-4666-9da2-42928c120fdf/l/felga-5-5x16-6%252F170%252F135%252Fet-40-d450-demo.jpg,https://static.abstore.pl/img/grasdorf/f24d39d7-aab1-42ac-8e85-b52605a18e16/l/felga-5-5x16-6%252F170%252F135%252Fet-40-d450-demo.jpg;demo;;;;;;;;;16;55016;55166135et+40demo;
5471;8086;;13176161et0;Felga 13x17 6/205/161/ET0 S698;;;690.00;690.00;848.70;848.70;23;23.00;PLN;Felgi;;;1.0000;;;nowa;;;;;;;;;17;130017;13176161et0;
5159;7769;;2028G10281et-100używ;Felga 20x28 10/335/281/ET-100 Grasdorf;A374 używana;;810.00;810.00;996.30;996.30;23;23.00;PLN;Felgi;Grasdorf;;1.0000;;https://static.abstore.pl/img/grasdorf/841dbfd3-0691-468a-8591-24cb6512f3b8/l/felga-20x28-10%252F335%252F281%252Fet-100-grasdorf.jpg,https://static.abstore.pl/img/grasdorf/c086a3c0-0cfd-45ba-81cf-0c5587cdfcdc/l/felga-20x28-10%252F335%252F281%252Fet-100-grasdorf.jpg,https://static.abstore.pl/img/grasdorf/0a5dedc9-a7f8-4d60-a499-e88a022f2137/l/felga-20x28-10%252F335%252F281%252Fet-100-grasdorf.jpg;używana;;;;;;;;;28;2820;2028G10281et-100używ;
5470;8085;;13178221et-7;Felga 13x17 8/275/221/ET-7 S457;;;690.00;690.00;848.70;848.70;23;23.00;PLN;Felgi;;;3.0000;;https://static.abstore.pl/img/grasdorf/1eb218cf-b30f-42d8-831f-0efcb70468f1/l/felga-13x17-8%252F275%252F221%252Fet-7-s457.jpg,https://static.abstore.pl/img/grasdorf/6d5c9ceb-90b0-4630-ad52-b8638ee7cfc1/l/felga-13x17-8%252F275%252F221%252Fet-7-s457.jpg,https://static.abstore.pl/img/grasdorf/44e4876f-f633-4687-ad5b-0e42251be558/l/felga-13x17-8%252F275%252F221%252Fet-7-s457.jpg,https://static.abstore.pl/img/grasdorf/e9ede37a-2217-4391-ba38-03b923b18c78/l/felga-13x17-8%252F275%252F221%252Fet-7-s457.jpg;nowa;;;;;;;;;17;130017;13178221et-7;
5410;8020;;924P8221et+35demo;Felga 9x24 8/275/221/ET+35 Pronar;24.09.05 D249 demo Ursus;;1320.00;1320.00;1623.60;1623.60;23;23.00;PLN;Felgi;Pronar;;2.0000;;https://static.abstore.pl/img/grasdorf/fa3097fc-4448-4dac-8086-374459f175b0/l/felga-9x24-8%252F275%252F221%252Fet-35-pronar.jpg,https://static.abstore.pl/img/grasdorf/88e37cce-e2dd-47ac-90f5-eefd18bdb1d2/l/felga-9x24-8%252F275%252F221%252Fet-35-pronar.jpg,https://static.abstore.pl/img/grasdorf/9c3e44fb-a47c-428f-8197-16a99e969e13/l/felga-9x24-8%252F275%252F221%252Fet-35-pronar.jpg,https://static.abstore.pl/img/grasdorf/417ebd83-d8a0-4692-9385-b3056a7340aa/l/felga-9x24-8%252F275%252F221%252Fet-35-pronar.jpg;demo;;;;;;;;;24;249;924P8221et+35demo;
5570;8187;;84810281et-140;Felga 8x48 10/335/281/ET-140 A774;;;1190.00;1190.00;1463.70;1463.70;23;23.00;PLN;Felgi;;;1.0000;;https://static.abstore.pl/img/grasdorf/11f42021-df85-4449-87dc-098eae06881d/l/felga-8x48-10%252F335%252F281%252Fet-140-a774.jpg,https://static.abstore.pl/img/grasdorf/19d2d274-7943-4b19-b6fc-25722ade01eb/l/felga-8x48-10%252F335%252F281%252Fet-140-a774.jpg,https://static.abstore.pl/img/grasdorf/8c2e029d-f2fc-4225-85ff-9c81c71b9da0/l/felga-8x48-10%252F335%252F281%252Fet-140-a774.jpg;nowa;;;;;;;;;48;488;84810281et-140;
5165;7775;;1530G10281etreg;Felga 15x30 10/335/281/regulowana;Grasdorf A81;;900.00;900.00;1107.00;1107.00;23;23.00;PLN;Felgi;Grasdorf;;1.0000;;https://static.abstore.pl/img/grasdorf/bb60201e-f569-4193-9f96-d9decf256aae/l/felga-15x30-10%252F335%252F281%252Fregulowana.jpg,https://static.abstore.pl/img/grasdorf/e6a01c91-d94c-4c8a-b69e-b62f263a48d9/l/felga-15x30-10%252F335%252F281%252Fregulowana.jpg,https://static.abstore.pl/img/grasdorf/540e18bc-338b-4d04-b498-4db2266af5b8/l/felga-15x30-10%252F335%252F281%252Fregulowana.jpg;nowa;;;;;;;;;30;3015;1530G10281etreg;
5387;7997;;105175N81526et+62;Felga 10.5x17.5 8/203,2/152,6/ET+62 NDI;D496;;1160.00;1160.00;1426.80;1426.80;23;23.00;PLN;Felgi;NDI;;1.0000;;https://static.abstore.pl/img/grasdorf/05af21a7-dc30-4115-9e59-4b39a4e46355/l/felga-10-5x17-5-8%252F203-2%252F152-6%252Fet-62-ndi.jpg,https://static.abstore.pl/img/grasdorf/7800a26d-e1c3-4b31-8561-e7152a3538bc/l/felga-10-5x17-5-8%252F203-2%252F152-6%252Fet-62-ndi.jpg,https://static.abstore.pl/img/grasdorf/1cf4d7f8-fe66-4a35-89a7-05f28043c55a/l/felga-10-5x17-5-8%252F203-2%252F152-6%252Fet-62-ndi.jpg;nowa;;;;;;;;;17.5;1050175;105175N81526et+62;
5320;7930;;1118N81526et+72;Felga 11x18 8/203,2/152,6/ET+72 NDI D377;;;1450.00;1450.00;1783.50;1783.50;23;23.00;PLN;Felgi;NDI;;6.0000;;https://static.abstore.pl/img/grasdorf/4e1d027c-e4a9-4d3c-b28b-2693854fa3b1/l/felga-11x18-8%252F203-2%252F152-6%252Fet-72-ndi-d377.jpg,https://static.abstore.pl/img/grasdorf/978db17a-81a4-4ee4-a30d-65fc15549085/l/felga-11x18-8%252F203-2%252F152-6%252Fet-72-ndi-d377.jpg,https://static.abstore.pl/img/grasdorf/eb499304-c1c6-4d8c-ad0d-0b77291c7864/l/felga-11x18-8%252F203-2%252F152-6%252Fet-72-ndi-d377.jpg,https://static.abstore.pl/img/grasdorf/0dc2dee2-3235-4c58-b112-0fbae8072c56/l/felga-11x18-8%252F203-2%252F152-6%252Fet-72-ndi-d377.jpg;nowa;;;;;;;;;18;110018;1118N81526et+72;
5415;8027;;1230P81526et+15demo;Felga 12x30 8/203,2/152,6/ET+15 Pronar;30.12.20 D347 demo Zetor;;1630.00;1630.00;2004.90;2004.90;23;23.00;PLN;Felgi;Pronar;;2.0000;;https://static.abstore.pl/img/grasdorf/d3f3907f-cbf8-4655-96e2-395b230db9b0/l/felga-12x30-8%252F203-2%252F152-6%252Fet-15-pronar.jpg,https://static.abstore.pl/img/grasdorf/918208b2-3604-4514-8653-54d6937c132d/l/felga-12x30-8%252F203-2%252F152-6%252Fet-15-pronar.jpg,https://static.abstore.pl/img/grasdorf/61d2cb6e-3040-4348-a8a2-3abf3a3e5b65/l/felga-12x30-8%252F203-2%252F152-6%252Fet-15-pronar.jpg,https://static.abstore.pl/img/grasdorf/445dcb12-7c95-4010-af6f-961a7fd0fffe/l/felga-12x30-8%252F203-2%252F152-6%252Fet-15-pronar.jpg;demo;;;;;;;;;30;3012;1230P81526et+15demo;
5507;8122;;152881526etregdemo;Felga 15x28 8/203,2/152,6/regulowana;B330 demo JD;;1390.00;1390.00;1709.70;1709.70;23;23.00;PLN;Felgi;;;2.0000;;https://static.abstore.pl/img/grasdorf/883960ad-da96-4112-a794-329f034c6670/l/felga-15x28-8%252F203-2%252F152-6%252Fregulowana.jpg,https://static.abstore.pl/img/grasdorf/b1bb74f1-8a0c-41d2-93e9-7be3329b7cae/l/felga-15x28-8%252F203-2%252F152-6%252Fregulowana.jpg,https://static.abstore.pl/img/grasdorf/cf2b40e7-9cda-45ff-835f-ed766a358669/l/felga-15x28-8%252F203-2%252F152-6%252Fregulowana.jpg;demo;;;;;;;;;28;2815;152881526etregdemo;
5329;7939;;1324N8221et-155;Felga 13x24 8/275/221/ET-155 NDI D217;;;1890.00;1890.00;2324.70;2324.70;23;23.00;PLN;Felgi;NDI;;2.0000;;https://static.abstore.pl/img/grasdorf/e8647d3d-b145-4cd0-acf9-a23ad2f71a4b/l/felga-13x24-8%252F275%252F221%252Fet-155-ndi-d217.jpg,https://static.abstore.pl/img/grasdorf/75f7fb89-4aa0-4014-8741-f5d2f8610c0f/l/felga-13x24-8%252F275%252F221%252Fet-155-ndi-d217.jpg,https://static.abstore.pl/img/grasdorf/b74aceb7-a019-4c23-9a2b-735b12b64c6d/l/felga-13x24-8%252F275%252F221%252Fet-155-ndi-d217.jpg;nowa;;;;;;;;;24;2413;1324N8221et-155;
5305;7915;;20265J8221et0;Felga 20x26.5 8/275/221/ET0 Jantsa;200266 S135;;1490.00;1490.00;1832.70;1832.70;23;23.00;PLN;Felgi;Jantsa;;1.0000;;https://static.abstore.pl/img/grasdorf/49d96a21-fa74-4b24-b1e3-62fd470b3d1e/l/felga-20x26-5-8%252F275%252F221%252Fet0-jantsa.jpg,https://static.abstore.pl/img/grasdorf/6cf6fcc8-57ba-44e0-a22d-0a529b3b5a6c/l/felga-20x26-5-8%252F275%252F221%252Fet0-jantsa.jpg;nowa;;;;;;;;;26.5;2000265;20265J8221et0;
5333;7943;;1028N6250et-8;Felga 10x28 6/285/250/ET-8 NDI D130;;;1870.00;1870.00;2300.10;2300.10;23;23.00;PLN;Felgi;NDI;;2.0000;;https://static.abstore.pl/img/grasdorf/aeb5da85-fb0b-4e94-ace1-4db5c6f93964/l/felga-10x28-6%252F285%252F250%252Fet-8-ndi-d130.jpg,https://static.abstore.pl/img/grasdorf/6cd63999-e0ec-4389-af5c-b4aa3a6285ee/l/felga-10x28-6%252F285%252F250%252Fet-8-ndi-d130.jpg,https://static.abstore.pl/img/grasdorf/cce426bb-9f4c-432a-b710-09accca117e9/l/felga-10x28-6%252F285%252F250%252Fet-8-ndi-d130.jpg;nowa;;;;;;;;;28;2810;1028N6250et-8;
5503;8118;;12286285et+146;Felga 12x28 6/325/285/ET+146 D620;;;1940.00;1940.00;2386.20;2386.20;23;23.00;PLN;Felgi;;;2.0000;;https://static.abstore.pl/img/grasdorf/16dc8f66-557c-47f6-8d3a-a7568b6d536b/l/felga-12x28-6%252F325%252F285%252Fet-146-d620.jpg,https://static.abstore.pl/img/grasdorf/c35f205b-47da-4f32-b3d3-d2ed57d44ee0/l/felga-12x28-6%252F325%252F285%252Fet-146-d620.jpg,https://static.abstore.pl/img/grasdorf/cd5eb59d-2dc8-45ac-b812-0ffc85921d2e/l/felga-12x28-6%252F325%252F285%252Fet-146-d620.jpg,https://static.abstore.pl/img/grasdorf/fd6dc7d6-f5fc-4f3c-9185-1c414787a1bb/l/felga-12x28-6%252F325%252F285%252Fet-146-d620.jpg;nowa;;;;;;;;;28;2812;12286285et+146;
5498;8113;;162883625et+39demo;Felga 16x28 8/405/362,5/ET+39 A873 demo;Case;;2030.00;2030.00;2496.90;2496.90;23;23.00;PLN;Felgi;;;2.0000;;https://static.abstore.pl/img/grasdorf/40779c96-465d-42eb-8398-ebd5e1ef9eef/l/felga-16x28-8%252F405%252F362-5%252Fet-39-a873-demo.jpg,https://static.abstore.pl/img/grasdorf/200090b2-1e63-4d76-916b-93616799b225/l/felga-16x28-8%252F405%252F362-5%252Fet-39-a873-demo.jpg,https://static.abstore.pl/img/grasdorf/2c65189d-ecb9-4b85-9551-d5ffe64024bf/l/felga-16x28-8%252F405%252F362-5%252Fet-39-a873-demo.jpg;demo;;;;;;;;;28;2816;162883625et+39demo;
5182;7792;;836G6135et+70;Felga 8x36 6/170/135/ET+70 Grasdorf C101;;;2010.00;2010.00;2472.30;2472.30;23;23.00;PLN;Felgi;Grasdorf;;2.0000;;https://static.abstore.pl/img/grasdorf/bb07e548-235f-41ac-951d-c72b0555bb70/l/felga-8x36-6%252F170%252F135%252Fet-70-grasdorf-c101.jpg,https://static.abstore.pl/img/grasdorf/2521a013-332d-439c-8b96-d1e123ecaba6/l/felga-8x36-6%252F170%252F135%252Fet-70-grasdorf-c101.jpg,https://static.abstore.pl/img/grasdorf/2efe04ad-9c3d-4c6d-8ff3-d129a9cb48d8/l/felga-8x36-6%252F170%252F135%252Fet-70-grasdorf-c101.jpg;nowa;;;;;;;;;36;368;836G6135et+70;
5184;7794;;836G81501etreg;Felga 8x36 8/203,2/150,1/regulowana;Grasdorf A294;;2010.00;2010.00;2472.30;2472.30;23;23.00;PLN;Felgi;Grasdorf;;2.0000;;https://static.abstore.pl/img/grasdorf/663a32f2-1cd6-48fe-80a7-a28baababd1f/l/felga-8x36-8%252F203-2%252F150-1%252Fregulowana.jpg,https://static.abstore.pl/img/grasdorf/db4b41f5-a2ff-4a8f-86b4-72e2f3a5ae5c/l/felga-8x36-8%252F203-2%252F150-1%252Fregulowana.jpg,https://static.abstore.pl/img/grasdorf/df013caa-2fd2-45c1-878f-968b281729bc/l/felga-8x36-8%252F203-2%252F150-1%252Fregulowana.jpg;nowa;;;;;;;;;36;368;836G81501etreg;
5499;8114;;162883625et+33demo;Felga 16x28 8/405/362,5/ET+33 B453 demo;Case;;2030.00;2030.00;2496.90;2496.90;23;23.00;PLN;Felgi;;;2.0000;;https://static.abstore.pl/img/grasdorf/7133d289-e0c7-4248-8764-e4690a813986/l/felga-16x28-8%252F405%252F362-5%252Fet-33-b453-demo.jpg,https://static.abstore.pl/img/grasdorf/836a836d-69ee-4814-92fd-27678fe64d43/l/felga-16x28-8%252F405%252F362-5%252Fet-33-b453-demo.jpg,https://static.abstore.pl/img/grasdorf/7430bb45-1379-4f6a-ace0-3dbca74dc002/l/felga-16x28-8%252F405%252F362-5%252Fet-33-b453-demo.jpg;demo;;;;;;;;;28;2816;162883625et+33demo;
5167;7777;;732G6135et+50;Felga 7x32 6/170/135/ET+50 Grasdorf C923;;;2100.00;2100.00;2583.00;2583.00;23;23.00;PLN;Felgi;Grasdorf;;2.0000;;;nowa;;;;;;;;;32;327;732G6135et+50;
5188;7798;;1036G8221et+31;Felga 10x36 8/275/221/ET+31 Grasdorf;B652;;2280.00;2280.00;2804.40;2804.40;23;23.00;PLN;Felgi;Grasdorf;;2.0000;;https://static.abstore.pl/img/grasdorf/af5669b1-a31c-45aa-8ffd-b726d470a69a/l/felga-10x36-8%252F275%252F221%252Fet-31-grasdorf.jpg,https://static.abstore.pl/img/grasdorf/95f6a8bd-eb75-4b7d-9d51-ba2f1df063aa/l/felga-10x36-8%252F275%252F221%252Fet-31-grasdorf.jpg,https://static.abstore.pl/img/grasdorf/4aa681dd-0759-49e7-951a-c41434e69080/l/felga-10x36-8%252F275%252F221%252Fet-31-grasdorf.jpg;nowa;;;;;;;;;36;3610;1036G8221et+31;
5539;8155;;163410281et-33używ;Felga 16x34 10/335/281/ET-33 D474;używana;;2500.00;2500.00;3075.00;3075.00;23;23.00;PLN;Felgi;;;2.0000;;https://static.abstore.pl/img/grasdorf/4b0ee9a1-e420-4581-8aa2-75f657d478fc/l/felga-16x34-10%252F335%252F281%252Fet-33-d474.jpg,https://static.abstore.pl/img/grasdorf/c710f20e-c83d-49ef-8afe-f83406e49fbc/l/felga-16x34-10%252F335%252F281%252Fet-33-d474.jpg,https://static.abstore.pl/img/grasdorf/35d098b6-11e9-4be4-891e-9c93c16ed393/l/felga-16x34-10%252F335%252F281%252Fet-33-d474.jpg,https://static.abstore.pl/img/grasdorf/6729db7b-b179-4cbf-a29b-3a1fea79fd30/l/felga-16x34-10%252F335%252F281%252Fet-33-d474.jpg;używana;;;;;;;;;34;3416;163410281et-33używ;
5430;8045;;844P8221et+75demo;Felga 8x44 8/275/221/ET+75 Pronar;44.08.41 D444 demo;;2510.00;2510.00;3087.30;3087.30;23;23.00;PLN;Felgi;Pronar;;2.0000;;https://static.abstore.pl/img/grasdorf/ba980181-300c-4d41-b0ea-0a26966ec5ea/l/felga-8x44-8%252F275%252F221%252Fet-75-pronar.jpg,https://static.abstore.pl/img/grasdorf/cc13afd6-b63e-4278-bc1a-745398b70345/l/felga-8x44-8%252F275%252F221%252Fet-75-pronar.jpg,https://static.abstore.pl/img/grasdorf/d4efce07-3bc7-4b14-9f06-289590822863/l/felga-8x44-8%252F275%252F221%252Fet-75-pronar.jpg;demo;;;;;;;;;44;448;844P8221et+75demo;
5567;8183;;84410281et+100demo;Felga 8x44 10/335/281/ET+100 D205 demo;Case;;2410.00;2410.00;2964.30;2964.30;23;23.00;PLN;Felgi;;;2.0000;;;demo;;;;;;;;;44;448;84410281et+100demo;
5409;8019;;824P81526et+72;Felga 8x24 8/203,2/152,6/ET+72 Pronar;24.08.JGX C350;;2040.00;2040.00;2509.20;2509.20;23;23.00;PLN;Felgi;Pronar;;2.0000;;https://static.abstore.pl/img/grasdorf/5fa6c9ac-5cf4-4de2-ab38-4585259e3cec/l/felga-8x24-8%252F203-2%252F152-6%252Fet-72-pronar.jpg,https://static.abstore.pl/img/grasdorf/54264b0b-4db9-4502-b9f4-81d9de8bdc26/l/felga-8x24-8%252F203-2%252F152-6%252Fet-72-pronar.jpg,https://static.abstore.pl/img/grasdorf/f90f5bbc-73cc-4ec5-ab00-3debcdfec0d3/l/felga-8x24-8%252F203-2%252F152-6%252Fet-72-pronar.jpg;nowa;;;;;;;;;24;248;824P81526et+72;
5459;8074;;2132T8221et-64demo;Felga 21x32 8/275/221/ET-64 Titan D116;demo Fendt;;2510.00;2510.00;3087.30;3087.30;23;23.00;PLN;Felgi;Titan;;4.0000;;https://static.abstore.pl/img/grasdorf/ea36c5f2-3f30-4a60-a101-3b2dbfbbdcb3/l/felga-21x32-8%252F275%252F221%252Fet-64-titan-d116.jpg,https://static.abstore.pl/img/grasdorf/f9ef00f6-47d4-48b7-b713-ccb770bddafd/l/felga-21x32-8%252F275%252F221%252Fet-64-titan-d116.jpg,https://static.abstore.pl/img/grasdorf/7fd2b26f-be5b-4732-b2c9-b5d0533ddef0/l/felga-21x32-8%252F275%252F221%252Fet-64-titan-d116.jpg;demo;;;;;;;;;32;3221;2132T8221et-64demo;
5203;7813;;1538G10281et-155;Felga 15x38 10/335/281/ET-155 Grasdorf;D644;;2470.00;2470.00;3038.10;3038.10;23;23.00;PLN;Felgi;Grasdorf;;2.0000;;https://static.abstore.pl/img/grasdorf/4c3f46d5-204b-4927-900f-6157fa4a60c5/l/felga-15x38-10%252F335%252F281%252Fet-155-grasdorf.jpg,https://static.abstore.pl/img/grasdorf/c93e528e-bf47-458a-bd91-eaf6f87ec4a6/l/felga-15x38-10%252F335%252F281%252Fet-155-grasdorf.jpg,https://static.abstore.pl/img/grasdorf/598cb253-f77c-48d6-aaab-9b44bca9559c/l/felga-15x38-10%252F335%252F281%252Fet-155-grasdorf.jpg;nowa;;;;;;;;;38;3815;1538G10281et-155;
5350;7960;;1334N8221et-175;Felga 13x34 8/275/221/ET-175 NDI D369;;;2690.00;2690.00;3308.70;3308.70;23;23.00;PLN;Felgi;NDI;;2.0000;;https://static.abstore.pl/img/grasdorf/7fb29c04-7836-4ddb-b69b-116d05609219/l/felga-13x34-8%252F275%252F221%252Fet-175-ndi-d369.jpg,https://static.abstore.pl/img/grasdorf/8c21fb5b-0fd3-467d-8806-e1152dce011d/l/felga-13x34-8%252F275%252F221%252Fet-175-ndi-d369.jpg,https://static.abstore.pl/img/grasdorf/6b469382-d080-428e-8877-10920998a6be/l/felga-13x34-8%252F275%252F221%252Fet-175-ndi-d369.jpg;nowa;;;;;;;;;34;3413;1334N8221et-175;
5219;7829;;1046G8170et-181demo;Felga 10x46 8/220/170/ET-181 Grasdorf;C554 demo Zetor;;2490.00;2490.00;3062.70;3062.70;23;23.00;PLN;Felgi;Grasdorf;;2.0000;;https://static.abstore.pl/img/grasdorf/8948b0ee-760e-43d2-8f80-b19748601f71/l/felga-10x46-8%252F220%252F170%252Fet-181-grasdorf.jpg,https://static.abstore.pl/img/grasdorf/8db06064-f939-4d96-8235-3aa5c0ee151f/l/felga-10x46-8%252F220%252F170%252Fet-181-grasdorf.jpg,https://static.abstore.pl/img/grasdorf/7332b12e-9e78-4dd8-ab29-7b87d601a3f9/l/felga-10x46-8%252F220%252F170%252Fet-181-grasdorf.jpg;demo;;;;;;;;;46;4610;1046G8170et-181demo;
5211;7821;;1842G81501et-183;Felga 18x42 8/203,2/150,1/ET-183;Grasdorf D38;;2780.00;2780.00;3419.40;3419.40;23;23.00;PLN;Felgi;Grasdorf;;2.0000;;https://static.abstore.pl/img/grasdorf/02b467c3-3d26-4f27-b6ad-8d3cc9b0c932/l/felga-18x42-8%252F203-2%252F150-1%252Fet-183.jpg,https://static.abstore.pl/img/grasdorf/9f25514b-c231-454c-b118-bf08f03649dc/l/felga-18x42-8%252F203-2%252F150-1%252Fet-183.jpg,https://static.abstore.pl/img/grasdorf/e101506a-76bb-4654-ae01-3819ec02eefe/l/felga-18x42-8%252F203-2%252F150-1%252Fet-183.jpg;nowa;;;;;;;;;42;4218;1842G81501et-183;
5160;7770;;1230G10281et+120;Felga 12x30 10/335/281/ET+120 Grasdorf;D781;;2810.00;2810.00;3456.30;3456.30;23;23.00;PLN;Felgi;Grasdorf;;2.0000;;https://static.abstore.pl/img/grasdorf/d18becbc-7dfd-4869-967f-c7ca512ea4b5/l/felga-12x30-10%252F335%252F281%252Fet-120-grasdorf.jpg,https://static.abstore.pl/img/grasdorf/96384271-e1e4-4cfe-a191-aff34ef18bef/l/felga-12x30-10%252F335%252F281%252Fet-120-grasdorf.jpg,https://static.abstore.pl/img/grasdorf/c5ac8c85-b8d2-4dd0-8ce1-bb34c6f37e20/l/felga-12x30-10%252F335%252F281%252Fet-120-grasdorf.jpg;nowa;;;;;;;;;30;3012;1230G10281et+120;
5209;7819;;1042G8221etregużyw;Felga 10x42 8/275/221/regulowana;Grasdorf A240 używana;;2870.00;2870.00;3530.10;3530.10;23;23.00;PLN;Felgi;Grasdorf;;2.0000;;https://static.abstore.pl/img/grasdorf/9ab64a6f-316f-4397-82a4-f5c78d60175f/l/felga-10x42-8%252F275%252F221%252Fregulowana.jpg,https://static.abstore.pl/img/grasdorf/21ff77be-195e-416e-8584-dac7dbd1b594/l/felga-10x42-8%252F275%252F221%252Fregulowana.jpg;używana;;;;;;;;;42;4210;1042G8221etregużyw;
5204;7814;;1838G10281et+100demo;Felga 18x38 10/335/281/ET+100 Grasdorf;D818 demo;;2290.00;2290.00;2816.70;2816.70;23;23.00;PLN;Felgi;Grasdorf;;2.0000;;https://static.abstore.pl/img/grasdorf/f21a1fdb-1227-46ea-a9f0-09b426d9e316/l/felga-18x38-10%252F335%252F281%252Fet-100-grasdorf.jpg,https://static.abstore.pl/img/grasdorf/678fc447-ac49-4ce7-9d36-19fedb3b228f/l/felga-18x38-10%252F335%252F281%252Fet-100-grasdorf.jpg,https://static.abstore.pl/img/grasdorf/f6b523c4-c891-43c2-8052-4d94aa15102d/l/felga-18x38-10%252F335%252F281%252Fet-100-grasdorf.jpg,https://static.abstore.pl/img/grasdorf/180bc9cd-8475-4fb3-a1f5-f6a99dd652a5/l/felga-18x38-10%252F335%252F281%252Fet-100-grasdorf.jpg;demo;;;;;;;;;38;3818;1838G10281et+100demo;
5359;7969;;1538N8221et-238;Felga 15x38 8/275/221/ET-238 NDI D219;;;2660.00;2660.00;3271.80;3271.80;23;23.00;PLN;Felgi;NDI;;2.0000;;https://static.abstore.pl/img/grasdorf/cca3aa54-5868-4caa-b0f3-8532351b8945/l/felga-15x38-8%252F275%252F221%252Fet-238-ndi-d219.jpg,https://static.abstore.pl/img/grasdorf/2e03e6c0-eb08-43da-93ad-2d7310de4289/l/felga-15x38-8%252F275%252F221%252Fet-238-ndi-d219.jpg,https://static.abstore.pl/img/grasdorf/6719060c-5ac6-442d-bb1f-32b6a5ff7f79/l/felga-15x38-8%252F275%252F221%252Fet-238-ndi-d219.jpg;nowa;;;;;;;;;38;3815;1538N8221et-238;
5561;8177;;18428221et-128demo;Felga 18x42 8/275/221/ET-128 D341 demo;JD;;3010.00;3010.00;3702.30;3702.30;23;23.00;PLN;Felgi;;;2.0000;;https://static.abstore.pl/img/grasdorf/2e1f6f8f-cadb-45bc-b363-da6d300b51af/l/felga-18x42-8%252F275%252F221%252Fet-128-d341-demo.jpg,https://static.abstore.pl/img/grasdorf/36e1e685-f96d-460d-b6ef-a7d956a84ff8/l/felga-18x42-8%252F275%252F221%252Fet-128-d341-demo.jpg,https://static.abstore.pl/img/grasdorf/30773c4c-6ba0-41dc-b50e-1f1117bae4f2/l/felga-18x42-8%252F275%252F221%252Fet-128-d341-demo.jpg,https://static.abstore.pl/img/grasdorf/891a1c6e-17ba-4669-afbb-ac2efe6e6100/l/felga-18x42-8%252F275%252F221%252Fet-128-d341-demo.jpg;demo;;;;;;;;;42;4218;18428221et-128demo;
5186;7796;;1036G81526et-69;Felga 10x36 8/203,2/152,6/ET-69 Kubota;M4 rozstaw 1500;;3250.00;3250.00;3997.50;3997.50;23;23.00;PLN;Felgi;Grasdorf;;4.0000;;https://static.abstore.pl/img/grasdorf/1854680b-c890-4aff-a642-42c878364f73/l/felga-10x36-8%252F203-2%252F152-6%252Fet-69-kubota.jpg,https://static.abstore.pl/img/grasdorf/f17c44a7-4f03-41e7-bcaf-b966ee7736a1/l/felga-10x36-8%252F203-2%252F152-6%252Fet-69-kubota.jpg,https://static.abstore.pl/img/grasdorf/003961aa-a89c-48f5-9ea8-764ee965f70e/l/felga-10x36-8%252F203-2%252F152-6%252Fet-69-kubota.jpg,https://static.abstore.pl/img/grasdorf/85d522bd-54c1-4573-a2cd-6f69c9144142/l/felga-10x36-8%252F203-2%252F152-6%252Fet-69-kubota.jpg,https://static.abstore.pl/img/grasdorf/64f2ae10-c0c4-44f1-870d-06c28179b0bb/l/felga-10x36-8%252F203-2%252F152-6%252Fet-69-kubota.jpg;nowa;;;;;;;;;36;3610;1036G81526et-69;
5357;7967;;1038N12371et-179;Felga 10x38 12/425/371/ET-179 NDI D682;;;3480.00;3480.00;4280.40;4280.40;23;23.00;PLN;Felgi;NDI;;2.0000;;https://static.abstore.pl/img/grasdorf/662934b8-d76b-41bf-bd81-6a9a9d9e5470/l/felga-10x38-12%252F425%252F371%252Fet-179-ndi-d682.jpg,https://static.abstore.pl/img/grasdorf/e04acfd7-d05e-4de9-a4f9-f2d39abd7b8d/l/felga-10x38-12%252F425%252F371%252Fet-179-ndi-d682.jpg,https://static.abstore.pl/img/grasdorf/1c94645e-2b2a-4bd2-9b5b-699f172f380d/l/felga-10x38-12%252F425%252F371%252Fet-179-ndi-d682.jpg,https://static.abstore.pl/img/grasdorf/459b7d5d-8a8f-499e-b0c7-7826c748622e/l/felga-10x38-12%252F425%252F371%252Fet-179-ndi-d682.jpg;nowa;;;;;;;;;38;3810;1038N12371et-179;
5201;7811;;3038G16446et+75;Felga 30x38 16/510/446/ET+75 Grasdorf;C943;;2930.00;2930.00;3603.90;3603.90;23;23.00;PLN;Felgi;Grasdorf;;4.0000;;https://static.abstore.pl/img/grasdorf/691a46c6-17ce-4295-808b-13b77b0bda11/l/felga-30x38-16%252F510%252F446%252Fet-75-grasdorf.jpg,https://static.abstore.pl/img/grasdorf/253205c8-1d64-49a8-bf78-2c46d1054cff/l/felga-30x38-16%252F510%252F446%252Fet-75-grasdorf.jpg;nowa;;;;;;;;;38;3830;3038G16446et+75;
5217;7827;;1044G81526et-130;Felga 10x44 8/203,2/152,6/ET-130;Grasdorf D138;;4020.00;4020.00;4944.60;4944.60;23;23.00;PLN;Felgi;Grasdorf;;2.0000;;https://static.abstore.pl/img/grasdorf/a40c859c-0322-4bf8-aeb2-4e0823b3e3bf/l/felga-10x44-8%252F203-2%252F152-6%252Fet-130.jpg,https://static.abstore.pl/img/grasdorf/d8066517-7bf8-484c-ab45-9e43c1e8c519/l/felga-10x44-8%252F203-2%252F152-6%252Fet-130.jpg,https://static.abstore.pl/img/grasdorf/b402d039-4fbe-48cf-9dc9-881332d64b43/l/felga-10x44-8%252F203-2%252F152-6%252Fet-130.jpg;nowa;;;;;;;;;44;4410;1044G81526et-130;
6176;8984;;5208542BKTAGRIMAXTER;Opona 520/85R42 BKT AGRIMAX TERIS CHO;168D TL;;6390.00;6390.00;7859.70;7859.70;23;23.00;PLN;Opony/Opony rolnicze i przemysłowe/Opony BKT;BKT;;2.0000;;https://static.abstore.pl/img/grasdorf/2f3b7942-3f63-480b-8d0a-22fb33a95fb4/l/opona-520%252F85r42-bkt-agrimax-teris-cho.jpg;nowa;;Radialna;Bezdętkowa (TL);168D (5600 kg przy 65 km/h);;Opona rolnicza;20.8 (520/85);;42;20842bkt;5208542BKTAGRIMAXTER;
6228;7555;8906117628606;75020ceatfx38;Opona 7.50-20 Ceat Farmax X3 TF 8PR TT;;;390.00;390.00;479.70;479.70;23;23.00;PLN;Opony/Opony rolnicze i przemysłowe/Pozostałe;Ceat;;2.0000;;https://static.abstore.pl/img/grasdorf/f340d887-3c26-45fc-9c28-caaa90b3e86c/l/opona-7-50-20-ceat-farmax-x3-tf-8pr-tt.jpg;nowa;;Diagonalna;Dętkowa (TT);109A6;8 PR;Opona rolnicza;7.50;;20;7520ceatfx38;75020ceatfx38;
5195;7805;;1038G81526et-34używ;Felga 10x38 8/203,2/152,6/ET-34 Grasdorf;C520 używana;;2440.00;2440.00;3001.20;3001.20;23;23.00;PLN;Felgi;Grasdorf;;2.0000;;https://static.abstore.pl/img/grasdorf/c503bd15-3cd1-455e-a30f-0a45ca3eaccb/l/felga-10x38-8%252F203-2%252F152-6%252Fet-34-grasdorf.jpg,https://static.abstore.pl/img/grasdorf/82a5b0c6-5dd8-4bff-8a33-8a0ca639d36e/l/felga-10x38-8%252F203-2%252F152-6%252Fet-34-grasdorf.jpg,https://static.abstore.pl/img/grasdorf/7d7fe741-e7f2-4a36-882c-4b1052d0290a/l/felga-10x38-8%252F203-2%252F152-6%252Fet-34-grasdorf.jpg;używana;;;;;;;;;38;3810;1038G81526et-34używ;
5238;7848;;1175225G81526et+31;Felga 11.75x22.5 8/203,2/152,6/ET+31;Grasdorf B707;;960.00;960.00;1180.80;1180.80;23;23.00;PLN;Felgi;Grasdorf;;2.0000;;https://static.abstore.pl/img/grasdorf/86f5b650-7390-49f7-a388-c4fd427a336b/l/felga-11-75x22-5-8%252F203-2%252F152-6%252Fet-31.jpg,https://static.abstore.pl/img/grasdorf/abe8b5e5-84cf-415c-a41c-d8ce334bec1c/l/felga-11-75x22-5-8%252F203-2%252F152-6%252Fet-31.jpg,https://static.abstore.pl/img/grasdorf/c580be18-8394-4a9f-aed5-e62c7494b447/l/felga-11-75x22-5-8%252F203-2%252F152-6%252Fet-31.jpg;nowa;;;;;;;;;22.5;2251175;1175225G81526et+31;
5199;7809;;1838G81526et-198;Felga 18x38 8/203,2/152,6/ET-198;Grasdorf B357;;2290.00;2290.00;2816.70;2816.70;23;23.00;PLN;Felgi;Grasdorf;;2.0000;;https://static.abstore.pl/img/grasdorf/9b8b1bc4-37be-4596-b4d1-8d64f7597e7c/l/felga-18x38-8%252F203-2%252F152-6%252Fet-198.jpg,https://static.abstore.pl/img/grasdorf/b3d5b892-9ca3-4e46-8775-503a3c71dfda/l/felga-18x38-8%252F203-2%252F152-6%252Fet-198.jpg,https://static.abstore.pl/img/grasdorf/b7218f68-5ac1-4863-a377-6be1ceb4de87/l/felga-18x38-8%252F203-2%252F152-6%252Fet-198.jpg;nowa;;;;;;;;;38;3818;1838G81526et-198;
5340;7950;;1530N12371et-1685;Felga 15x30 12/425/371/ET-168,5 NDI D126;;;1950.00;1950.00;2398.50;2398.50;23;23.00;PLN;Felgi;NDI;;2.0000;;https://static.abstore.pl/img/grasdorf/aefff01f-42a7-4357-a4c5-f2669b7ebeef/l/felga-15x30-12%252F425%252F371%252Fet-168-5-ndi-d126.jpg,https://static.abstore.pl/img/grasdorf/68a746f4-0e5e-473e-aa14-1f35b90060a5/l/felga-15x30-12%252F425%252F371%252Fet-168-5-ndi-d126.jpg,https://static.abstore.pl/img/grasdorf/0c8dfbba-c88d-4a3d-b344-8170774602a4/l/felga-15x30-12%252F425%252F371%252Fet-168-5-ndi-d126.jpg;nowa;;;;;;;;;30;3015;1530N12371et-1685;
5194;7804;;1136G8221et-75;Felga 11x36 8/275/221/ET-75 Grasdorf A3;;;1950.00;1950.00;2398.50;2398.50;23;23.00;PLN;Felgi;Grasdorf;;2.0000;;https://static.abstore.pl/img/grasdorf/a7dee2a7-aaa3-4011-9c73-6fdc96e65f22/l/felga-11x36-8%252F275%252F221%252Fet-75-grasdorf-a3.jpg,https://static.abstore.pl/img/grasdorf/2b6b2cb6-03c4-4d76-9f04-b9686819724c/l/felga-11x36-8%252F275%252F221%252Fet-75-grasdorf-a3.jpg,https://static.abstore.pl/img/grasdorf/af60964a-a918-425b-9d62-248ae13bd2e8/l/felga-11x36-8%252F275%252F221%252Fet-75-grasdorf-a3.jpg;nowa;;;;;;;;;36;3611;1136G8221et-75;
5339;7949;;1230N8221et+5;Felga 12x30 8/275/221/ET+5 NDI D260;;;1970.00;1970.00;2423.10;2423.10;23;23.00;PLN;Felgi;NDI;;2.0000;;https://static.abstore.pl/img/grasdorf/fd6d5b34-aa27-49a5-957f-5268bb872f42/l/felga-12x30-8%252F275%252F221%252Fet-5-ndi-d260.jpg,https://static.abstore.pl/img/grasdorf/67d786c8-2c4d-48e2-8d7b-462eaa5322b2/l/felga-12x30-8%252F275%252F221%252Fet-5-ndi-d260.jpg,https://static.abstore.pl/img/grasdorf/4e45f86d-8ac4-479d-9cc0-06540b8b6f02/l/felga-12x30-8%252F275%252F221%252Fet-5-ndi-d260.jpg;nowa;;;;;;;;;30;3012;1230N8221et+5;
5212;7822;;842G81526et-165;Felga 8x42 8/203,2/152,6/ET-165 Grasdorf;B316;;2740.00;2740.00;3370.20;3370.20;23;23.00;PLN;Felgi;Grasdorf;;2.0000;;https://static.abstore.pl/img/grasdorf/a73cb073-52c8-4f11-9c64-4e27f261c4f9/l/felga-8x42-8%252F203-2%252F152-6%252Fet-165-grasdorf.jpg,https://static.abstore.pl/img/grasdorf/32c6f07a-636e-4760-9e93-568019b1951d/l/felga-8x42-8%252F203-2%252F152-6%252Fet-165-grasdorf.jpg,https://static.abstore.pl/img/grasdorf/7b6d3a93-537f-4d13-ac3e-3bcf98d3b211/l/felga-8x42-8%252F203-2%252F152-6%252Fet-165-grasdorf.jpg;nowa;;;;;;;;;42;428;842G81526et-165;
5193;7803;;1236G8140et+90;Felga 12x36 8/203,2/140/ET+90 Grasdorf;A292;;1830.00;1830.00;2250.90;2250.90;23;23.00;PLN;Felgi;Grasdorf;;2.0000;;https://static.abstore.pl/img/grasdorf/2d1f6593-76f3-4dd4-a90e-d09a0c15802c/l/felga-12x36-8%252F203-2%252F140%252Fet-90-grasdorf.jpg,https://static.abstore.pl/img/grasdorf/cd9c5a3e-3d51-4842-90b8-d11929efb186/l/felga-12x36-8%252F203-2%252F140%252Fet-90-grasdorf.jpg;nowa;;;;;;;;;36;3612;1236G8140et+90;
5248;7858;;1317J8221et0demo;Felga 13x17 8/275/221/ET0 Jantsa 130177;demo;;690.00;690.00;848.70;848.70;23;23.00;PLN;Felgi;Jantsa;;1.0000;;https://static.abstore.pl/img/grasdorf/895fda38-08b9-4062-a618-884994d74226/l/felga-13x17-8%252F275%252F221%252Fet0-jantsa-130177.jpg,https://static.abstore.pl/img/grasdorf/2ff2cc04-bae0-4a6f-9fee-9b0710341c2e/l/felga-13x17-8%252F275%252F221%252Fet0-jantsa-130177.jpg,https://static.abstore.pl/img/grasdorf/639396f6-a976-4d45-94cb-62668d57c630/l/felga-13x17-8%252F275%252F221%252Fet0-jantsa-130177.jpg,https://static.abstore.pl/img/grasdorf/d87510f9-2790-4ddb-bcbc-3e8da15dbe82/l/felga-13x17-8%252F275%252F221%252Fet0-jantsa-130177.jpg;demo;;;;;;;;;17;130017;1317J8221et0demo;
5381;7991;;1248N8221et+82;Felga 12x48 8/275/221/ET+82 NDI D624;;;4420.00;4420.00;5436.60;5436.60;23;23.00;PLN;Felgi;NDI;;2.0000;;https://static.abstore.pl/img/grasdorf/b653ce4c-9678-4546-84ff-84266082358d/l/felga-12x48-8%252F275%252F221%252Fet-82-ndi-d624.jpg,https://static.abstore.pl/img/grasdorf/92c79ba1-d979-43ac-a658-b231c924a915/l/felga-12x48-8%252F275%252F221%252Fet-82-ndi-d624.jpg,https://static.abstore.pl/img/grasdorf/506bf82b-51b9-42a5-a6ca-21201e6206a0/l/felga-12x48-8%252F275%252F221%252Fet-82-ndi-d624.jpg,https://static.abstore.pl/img/grasdorf/6668d15b-50ac-4b46-b42f-d774be4214ee/l/felga-12x48-8%252F275%252F221%252Fet-82-ndi-d624.jpg;nowa;;;;;;;;;48;4812;1248N8221et+82;
6258;8893;;3209050CeatFarmaxRC1;Opona 320/90R50 Ceat Farmax RC;153A8/150D TL (12.4R50);;2570.00;2570.00;3161.10;3161.10;23;23.00;PLN;Opony/Opony rolnicze i przemysłowe/Pozostałe;Ceat;;2.0000;;https://static.abstore.pl/img/grasdorf/2227a15f-54ae-4a7d-baca-9888b34ad3b6/l/opona-320%252F90r50-ceat-farmax-rc.png;nowa;;Radialna;Bezdętkowa (TL);153A8/150B (3650 kg przy 40 km/h);;Opona rolnicza;;;50;12450c;3209050CeatFarmaxRC1;
5475;8090;;8208221et+77;Felga 8x20 8/275/221/ET+77 B664;;;470.00;470.00;578.10;578.10;23;23.00;PLN;Felgi;;;1.0000;;https://static.abstore.pl/img/grasdorf/1a984f76-a665-40b3-8faf-4ca8889a7d88/l/felga-8x20-8%252F275%252F221%252Fet-77-b664.jpg,https://static.abstore.pl/img/grasdorf/c83f8fc6-ba1d-41e0-8f5d-211ac25e6f60/l/felga-8x20-8%252F275%252F221%252Fet-77-b664.jpg,https://static.abstore.pl/img/grasdorf/b695cba8-9ba7-461e-ae2b-b5f24ca04505/l/felga-8x20-8%252F275%252F221%252Fet-77-b664.jpg;nowa;;;;;;;;;20;208;8208221et+77;
5368;7978;;1046N81501et+65;Felga 10x46 8/203,2/150,1/ET+65 NDI D699;;;4140.00;4140.00;5092.20;5092.20;23;23.00;PLN;Felgi;NDI;;2.0000;;https://static.abstore.pl/img/grasdorf/811cbb19-76dd-4212-a6e3-09cb8cafeb04/l/felga-10x46-8%252F203-2%252F150-1%252Fet-65-ndi-d699.jpg,https://static.abstore.pl/img/grasdorf/dc533f01-394d-43da-bd79-57127d82b47a/l/felga-10x46-8%252F203-2%252F150-1%252Fet-65-ndi-d699.jpg,https://static.abstore.pl/img/grasdorf/56c108df-6cee-4cc5-8136-b40460d5a03b/l/felga-10x46-8%252F203-2%252F150-1%252Fet-65-ndi-d699.jpg;nowa;;;;;;;;;46;4610;1046N81501et+65;
5163;7773;;1330e446;Felga 13x30 8/275/221/ET+20 Grasdorf;E446;;2430.00;2430.00;2988.90;2988.90;23;23.00;PLN;Felgi;Grasdorf;;2.0000;;https://static.abstore.pl/img/grasdorf/7937e723-381d-4b76-a78b-f80b16cf602a/l/felga-13x30-8%252F275%252F221%252Fet-20-grasdorf.jpg,https://static.abstore.pl/img/grasdorf/a88d76a5-8a95-4a71-a374-323b9b1cc9b2/l/felga-13x30-8%252F275%252F221%252Fet-20-grasdorf.jpg,https://static.abstore.pl/img/grasdorf/af83562b-b906-4402-8262-73895b89b2be/l/felga-13x30-8%252F275%252F221%252Fet-20-grasdorf.jpg;nowa;;;;;;;;;30;3013;1330e446;
5398;8008;;1317P6161et-30demo;Felga 13x17 6/205/161/ET-30 Pronar demo;S469;;450.00;450.00;553.50;553.50;23;23.00;PLN;Felgi;Pronar;;2.0000;;https://static.abstore.pl/img/grasdorf/81761f4f-fbb0-4f92-8c7e-793c588e3dd9/l/felga-13x17-6%252F205%252F161%252Fet-30-pronar-demo.jpg,https://static.abstore.pl/img/grasdorf/d1371cc7-abdb-4442-85b1-edf031303d46/l/felga-13x17-6%252F205%252F161%252Fet-30-pronar-demo.jpg,https://static.abstore.pl/img/grasdorf/723e8d7c-b521-4af5-99da-ebf741baafc2/l/felga-13x17-6%252F205%252F161%252Fet-30-pronar-demo.jpg,https://static.abstore.pl/img/grasdorf/8bad0b1d-0e96-4239-9cf7-60a220f36d26/l/felga-13x17-6%252F205%252F161%252Fet-30-pronar-demo.jpg;demo;;;;;;;;;17;130017;1317P6161et-30demo;
5467;8082;;451661176et+36;Felga 4.5x16 6/152,4/117,6/ET+36 C950;;;260.00;260.00;319.80;319.80;23;23.00;PLN;Felgi;;;1.0000;;https://static.abstore.pl/img/grasdorf/cf4d3420-63c3-4c6e-a306-b537f4a9ec90/l/felga-4-5x16-6%252F152-4%252F117-6%252Fet-36-c950.jpg,https://static.abstore.pl/img/grasdorf/4ab40f43-938e-4d27-8e51-6e3a34fcedb2/l/felga-4-5x16-6%252F152-4%252F117-6%252Fet-36-c950.jpg,https://static.abstore.pl/img/grasdorf/ebe2e438-941f-434e-9789-92bb8dfe7245/l/felga-4-5x16-6%252F152-4%252F117-6%252Fet-36-c950.jpg;nowa;;;;;;;;;16;45016;451661176et+36;
5473;8088;;55186161etregdemo;Felga 5.5x18 6/205/161/regulowana C870;demo;;830.00;830.00;1020.90;1020.90;23;23.00;PLN;Felgi;;;4.0000;;https://static.abstore.pl/img/grasdorf/8a202e05-3c2a-4e64-abbd-04d572dc1317/l/felga-5-5x18-6%252F205%252F161%252Fregulowana-c870.jpg,https://static.abstore.pl/img/grasdorf/7ef2f6b4-5d96-4ce6-9906-e88963fd842a/l/felga-5-5x18-6%252F205%252F161%252Fregulowana-c870.jpg,https://static.abstore.pl/img/grasdorf/ec6c6bf3-b927-4cef-967e-2d350055cefb/l/felga-5-5x18-6%252F205%252F161%252Fregulowana-c870.jpg,https://static.abstore.pl/img/grasdorf/f082107a-0c60-478c-aeb4-bd18c99cc58e/l/felga-5-5x18-6%252F205%252F161%252Fregulowana-c870.jpg;demo;;;;;;;;;18;55018;55186161etregdemo;
5533;8149;;213210281et+40demo;Felga 21x32 10/335/281/ET+40 D731 demo;Claas;;2510.00;2510.00;3087.30;3087.30;23;23.00;PLN;Felgi;;;2.0000;;https://static.abstore.pl/img/grasdorf/376bf917-f09b-49cd-9c0d-f0163558ed39/l/felga-21x32-10%252F335%252F281%252Fet-40-d731-demo.jpg,https://static.abstore.pl/img/grasdorf/fbef959c-f6aa-4bfd-97f3-919d41e97f53/l/felga-21x32-10%252F335%252F281%252Fet-40-d731-demo.jpg,https://static.abstore.pl/img/grasdorf/0f3060dc-2419-4333-87dd-c7e8778e0076/l/felga-21x32-10%252F335%252F281%252Fet-40-d731-demo.jpg,https://static.abstore.pl/img/grasdorf/f111ca14-5a77-4fd0-98f8-c5a5cdb2c04c/l/felga-21x32-10%252F335%252F281%252Fet-40-d731-demo.jpg;demo;;;;;;;;;32;3221;213210281et+40demo;
5534;8150;;163481501etregdemo;Felga 16x34 8/203,2/150,1/regulowana;D530 demo Valtra;;2380.00;2380.00;2927.40;2927.40;23;23.00;PLN;Felgi;;;2.0000;;https://static.abstore.pl/img/grasdorf/ae3ee187-9bc7-439d-97be-1853481b9794/l/felga-16x34-8%252F203-2%252F150-1%252Fregulowana.jpg,https://static.abstore.pl/img/grasdorf/53faf8fe-9c2c-42d2-8452-9679a802c85d/l/felga-16x34-8%252F203-2%252F150-1%252Fregulowana.jpg,https://static.abstore.pl/img/grasdorf/7b6a98af-eba8-4a16-9d77-ea5afd219d09/l/felga-16x34-8%252F203-2%252F150-1%252Fregulowana.jpg;demo;;;;;;;;;34;3416;163481501etregdemo;
6151;9150;;1828e3;Felga 18x28 8/275/221/ET-60 E3 demo;Valtra;;1890.00;1890.00;2324.70;2324.70;23;23.00;PLN;Felgi;;;2.0000;;https://static.abstore.pl/img/grasdorf/4da93e48-bbc3-47e7-bdf2-30f0c8f62cfd/l/felga-18x28-8%252F275%252F221%252Fet-60-e3-demo.jpg,https://static.abstore.pl/img/grasdorf/5694d55c-ca22-40b5-8e52-92c28c7bef24/l/felga-18x28-8%252F275%252F221%252Fet-60-e3-demo.jpg,https://static.abstore.pl/img/grasdorf/5251b0a7-99af-441d-9c72-3e094720cf8a/l/felga-18x28-8%252F275%252F221%252Fet-60-e3-demo.jpg;demo;;;;;;;;;28;2818;1828e3;
5425;8040;;1638P8221et-101;Felga 16x38 8/275/221/ET-101 Pronar;38.16.07;;2490.00;2490.00;3062.70;3062.70;23;23.00;PLN;Felgi;Pronar;;2.0000;;https://static.abstore.pl/img/grasdorf/2bd41534-33c4-43fe-bbc2-4052428bb7c2/l/felga-16x38-8%252F275%252F221%252Fet-101-pronar.jpg,https://static.abstore.pl/img/grasdorf/00acf3ca-3cbb-4c1d-939a-244760c29f3c/l/felga-16x38-8%252F275%252F221%252Fet-101-pronar.jpg,https://static.abstore.pl/img/grasdorf/84ac43b2-5c3c-4c08-b236-161094c92a2d/l/felga-16x38-8%252F275%252F221%252Fet-101-pronar.jpg;nowa;;;;;;;;;38;3816;1638P8221et-101;
6411;8977;;6006538MTSST153D156A;Opona 600/65R38 Mitas SST 153D/156A8 TL;;;5510.00;4720.00;6777.30;5805.60;23;23.00;PLN;Opony/Opony rolnicze i przemysłowe/Opony Mitas;Mitas;;2.0000;;https://static.abstore.pl/img/grasdorf/65890a42-81af-42f2-a8d8-c0f0a78a06be/l/opona-600%252F65r38-mitas-sst-153d%252F156a8-tl.png;nowa;;Radialna;Bezdętkowa (TL);153D/156A8 (4000 kg przy 40 km/h);;Opona rolnicza;600/65;;38;;6006538MTSST153D156A;
5249;7859;;1317J6161et0;Felga 13x17 6/205/161/ET0 Jantsa 130170;;;380.00;380.00;467.40;467.40;23;23.00;PLN;Felgi;Jantsa;;2.0000;;https://static.abstore.pl/img/grasdorf/6522c190-4296-4665-8017-e25c5622c6d2/l/felga-13x17-6%252F205%252F161%252Fet0-jantsa-130170.jpg,https://static.abstore.pl/img/grasdorf/87159eec-9d9a-48ce-bad5-8b979263a218/l/felga-13x17-6%252F205%252F161%252Fet0-jantsa-130170.jpg,https://static.abstore.pl/img/grasdorf/013857b3-f612-42cb-abb0-9a27c30ce924/l/felga-13x17-6%252F205%252F161%252Fet0-jantsa-130170.jpg,https://static.abstore.pl/img/grasdorf/e85c4775-fee4-4523-89f7-d183f541b348/l/felga-13x17-6%252F205%252F161%252Fet0-jantsa-130170.jpg,https://static.abstore.pl/img/grasdorf/736e61e9-ec08-4148-b9ec-95e9f959d904/l/felga-13x17-6%252F205%252F161%252Fet0-jantsa-130170.jpg,https://static.abstore.pl/img/grasdorf/7f9a112a-7e0f-4d72-a030-6d12d03cd27b/l/felga-13x17-6%252F205%252F161%252Fet0-jantsa-130170.jpg,https://static.abstore.pl/img/grasdorf/bc512f01-527f-4229-ad80-2a5074e3a527/l/felga-13x17-6%252F205%252F161%252Fet0-jantsa-130170.jpg,https://static.abstore.pl/img/grasdorf/9cae480c-b563-473f-826c-0a6cea2cb08f/l/felga-13x17-6%252F205%252F161%252Fet0-jantsa-130170.jpg,https://static.abstore.pl/img/grasdorf/f4563bf8-ad51-4ee3-898e-dc10b953b80e/l/felga-13x17-6%252F205%252F161%252Fet0-jantsa-130170.jpg;nowa;;;;;;;;;17;130017;1317J6161et0;
5630;8250;;2709532A80;Opona 270/95R32 Alliance 350 używana 80%;132D/135A8 TL (11.2R32);;1290.00;790.00;1586.70;971.70;23;23.00;PLN;Opony/Opony rolnicze i przemysłowe/Opony Alliance;Alliance;;1.0000;;;używana (bieżnik 80%);;Radialna;Bezdętkowa (TL);132D/135A8 (2000 kg przy 65 km/h);;Opona rolnicza;11.2 (270/95, 280/85);;32;11232A80;2709532A80;
6155;8629;8903094063963;1008012BKTAS504;Opona 10.0/80-12 BKT AS 504 10PR TL;;;320.00;320.00;393.60;393.60;23;23.00;PLN;Opony/Opony rolnicze i przemysłowe/Opony BKT;BKT;;3.0000;;https://static.abstore.pl/img/grasdorf/784edf7d-2ed7-47f8-9e8c-507a56401fe7/l/opona-10-0%252F80-12-bkt-as-504-10pr-tl.jpg;nowa;;Diagonalna;Bezdętkowa (TL);;10 PR;Opona rolnicza;10.0/80;;12;108012bkt;1008012BKTAS504;
6064;8659;8903635029076;2607016AA-579109A8B;Opona 260/70R16 Alliance A-579 109A8/B;TL;;880.00;880.00;1082.40;1082.40;23;23.00;PLN;Opony/Opony rolnicze i przemysłowe/Opony Alliance;Alliance;;2.0000;;https://static.abstore.pl/img/grasdorf/84c70656-b547-4179-be09-61e9d9703c14/l/opona-260%252F70r16-alliance-a-579-109a8%252Fb.png;nowa;;Radialna;Bezdętkowa (TL);109A8/106B (1030 kg przy 40 km/h);;Opona rolnicza;260/70;;16;;2607016AA-579109A8B;
5640;7622;8903094051038;55045225BKTas509;Opona 550/45-22.5 BKT AS 509 20PR TL;;;1780.00;1780.00;2189.40;2189.40;23;23.00;PLN;Opony/Opony rolnicze i przemysłowe/Opony BKT;BKT;;4.0000;;https://static.abstore.pl/img/grasdorf/c76d5b8d-c3b9-4308-aaf0-ce275538c0c0/l/opona-550%252F45-22-5-bkt-as-509-20pr-tl.png;nowa;;Diagonalna;Bezdętkowa (TL);;20 PR;Opona rolnicza;550/45;;22.5;003380;55045225BKTas509;
5650;1363;;675145514094et0v;Felga 6.75x14.5 5/140/94/ET0 Vlukon;T-3943;;270.00;270.00;332.10;332.10;23;23.00;PLN;Felgi;Vlukon;;2.0000;;https://static.abstore.pl/img/grasdorf/1b4f5048-e377-40da-8708-92a0ab4336da/l/felga-6-75x14-5-5%252F140%252F94%252Fet0-vlukon.jpg,https://static.abstore.pl/img/grasdorf/38836c22-5026-4e6f-9172-be61eb914273/l/felga-6-75x14-5-5%252F140%252F94%252Fet0-vlukon.jpg,https://static.abstore.pl/img/grasdorf/31684147-67c3-4d2e-921f-e33496774b47/l/felga-6-75x14-5-5%252F140%252F94%252Fet0-vlukon.jpg;nowa;;;;;;;;;14.5;20060145;675145514094et0v;
5942;4946;;3408528PET;Opona 340/85R28 Petlas TA-110 127A8 TL;(13.6R28) DOT2020;;1330.00;990.00;1635.90;1217.70;23;23.00;PLN;Opony/Opony rolnicze i przemysłowe/Pozostałe;Petlas;;8.0000;;https://static.abstore.pl/img/grasdorf/057a9065-b32f-4d7a-a2d4-e0cee449a13e/l/opona-340%252F85r28-petlas-ta-110-127a8-tl.jpg;nowa (DOT 2020);;Radialna;Bezdętkowa (TL);127A8/127B (1750 kg przy 40 km/h);;Opona rolnicza;13.6 (340/85, 340/90);;28;13628PET;3408528PET;
